302,764,725,534,88,115,110,90
296,709,670,466,79,99,91,76
256,607,564,416,94,160,153,124
292,700,669,497,99,152,146,110
302,724,689,491,85,125,116,83
252,622,594,424,98,125,112,96
273,721,688,504,99,170,165,117
340,887,851,617,107,175,164,137
328,717,670,535,95,145,135,109
267,738,707,511,67,86,81,63
175,408,383,278,81,101,89,77
281,665,635,440,109,166,151,128
302,784,762,534,77,103,91,69
267,676,649,456,94,140,129,88
336,819,779,590,71,94,85,78
255,618,591,413,83,106,99,88
316,817,778,599,94,111,97,85
291,764,723,512,83,176,167,139
270,743,712,535,84,117,112,84
293,743,708,497,75,129,123,108
273,702,663,506,97,106,97,77
244,573,551,403,74,92,84,68
312,806,765,553,120,185,174,137
269,643,616,445,90,153,138,111
260,678,654,490,98,209,188,140
224,591,564,404,89,133,120,91
329,809,768,555,67,81,76,60
258,568,541,387,84,101,91,82
318,772,742,548,77,106,99,73
326,823,782,588,105,179,168,134
272,606,572,445,98,152,139,115
289,836,806,588,106,167,157,119
324,794,760,565,100,164,157,120
281,755,722,567,95,161,142,112
267,698,666,488,97,140,130,105
346,809,770,580,68,102,89,76
261,641,601,422,75,105,101,82
285,651,610,427,96,115,100,90
265,650,626,420,60,77,68,65
243,564,533,403,125,155,137,115
278,650,619,442,95,132,124,100
339,931,900,667,102,125,117,93
291,806,760,573,53,67,63,57
295,664,627,444,94,131,121,95
342,868,825,614,63,88,81,73
310,679,643,456,87,149,144,116
195,478,454,365,103,152,139,107
290,684,641,436,96,159,148,121
251,599,567,384,91,153,145,99
307,691,649,450,96,155,140,120
280,718,681,498,95,143,134,101
335,775,730,518,99,160,144,123
280,655,621,444,88,140,130,108
262,715,683,531,96,139,126,108
296,760,723,541,82,106,100,75
279,747,714,537,75,127,122,101
213,487,474,315,87,123,116,91
291,770,735,551,60,118,110,94
303,659,622,475,87,117,108,85
218,469,443,311,99,130,123,97
316,819,784,571,95,140,128,101
287,635,606,446,124,178,163,138
269,614,593,389,76,124,117,95
355,811,762,550,109,204,189,143
331,803,755,565,92,126,113,97
269,698,664,470,91,117,108,89
307,695,659,472,81,124,112,94
315,889,857,645,108,174,166,125
257,615,588,427,110,175,162,126
334,776,737,546,100,135,121,104
224,579,551,383,85,134,130,100
276,576,544,382,96,137,124,104
259,649,611,418,114,177,165,123
286,689,662,478,90,133,122,93
311,747,718,516,94,128,119,96
290,832,808,615,89,122,111,86
253,569,543,405,83,112,103,88
300,728,693,536,79,112,103,95
185,489,467,340,97,157,149,121
296,781,750,565,99,132,119,92
233,592,568,386,103,169,163,116
212,456,430,303,71,90,86,68
268,742,706,566,91,127,117,93
241,578,553,375,77,97,85,77
228,570,547,403,97,109,94,77
278,682,657,490,84,129,110,91
229,508,484,325,86,113,103,88
278,676,650,490,86,120,115,85
212,584,561,414,83,112,105,86
261,698,671,483,100,156,146,119
240,558,531,383,99,152,141,116
196,484,456,312,97,135,126,92
310,870,823,601,80,138,128,105
193,471,444,316,84,115,100,87
250,644,619,427,100,153,145,112
235,697,672,501,103,190,177,146
343,815,773,569,90,154,149,120
284,590,560,388,93,145,134,107
240,494,462,354,98,139,127,106
285,710,676,485,74,119,108,88
306,806,773,586,92,131,121,102
295,796,757,553,81,107,98,84
316,664,635,465,91,157,147,118
336,821,780,583,58,78,67,66
291,730,704,516,74,87,79,70
309,798,774,580,83,121,114,95
260,678,644,477,75,91,83,64
280,626,589,426,111,179,162,134
266,647,613,444,94,155,143,111
347,921,879,651,78,120,108,93
270,672,653,465,81,104,93,79
254,664,630,458,75,81,75,58
220,508,480,313,88,128,119,91
301,733,696,513,113,170,160,128
194,477,461,312,106,172,163,137
186,490,466,308,81,110,104,78
286,697,668,469,68,95,89,76
275,648,611,436,98,164,152,124
326,762,726,534,91,113,100,77
277,668,631,465,109,163,149,127
293,649,614,426,78,127,120,97
297,666,623,446,77,101,95,71
315,682,646,482,67,83,76,69
327,804,760,550,95,138,124,101
309,824,793,595,81,123,112,97
186,446,434,325,85,139,130,110
257,677,644,490,90,137,129,110
241,597,572,417,62,81,77,68
247,596,568,407,72,93,86,70
285,717,695,491,79,136,129,102
352,879,850,641,73,91,80,58
272,634,605,441,97,149,144,114
338,862,829,630,75,101,93,74
267,687,656,468,68,103,97,76
293,865,834,611,99,151,139,111
311,745,705,529,90,146,142,105
319,797,744,549,88,127,121,108
259,676,646,462,74,95,88,76
317,814,770,568,96,154,139,104
270,673,648,464,85,127,119,94
347,883,842,608,79,123,111,90
302,785,756,548,85,140,129,98
248,615,579,430,85,136,125,110
238,527,511,344,101,188,174,146
291,643,611,450,52,91,82,59
331,799,759,541,100,161,152,120
214,485,466,320,104,131,114,95
266,635,607,445,92,140,128,104
324,781,747,543,71,97,91,81
306,766,726,532,86,140,133,101
269,660,634,455,93,136,124,96
292,748,714,551,53,70,63,56
292,730,698,491,95,139,121,107
214,492,469,337,89,139,131,100
247,633,602,429,92,118,109,89
286,626,601,427,62,93,85,73
246,633,606,473,73,121,114,84
284,674,626,439,92,150,140,110
240,705,673,508,66,108,100,76
329,748,723,532,100,152,141,119
328,783,739,533,100,124,116,92
242,567,533,368,78,124,108,94
316,749,712,511,78,101,89,73
241,620,587,405,91,116,106,84
161,438,420,268,84,105,98,86
284,547,517,344,80,144,133,113
317,767,735,563,95,132,118,99
273,705,666,471,84,131,121,99
240,565,539,383,77,117,99,83
242,678,644,474,116,164,156,121
285,793,762,570,96,125,114,94
275,663,640,458,90,148,138,100
193,477,461,311,100,144,130,115
219,599,574,429,80,117,107,86
246,590,559,402,106,172,159,128
319,678,637,457,70,108,103,82
245,593,566,375,75,105,97,79
309,725,703,554,54,61,56,45
258,655,620,432,83,127,116,93
300,818,780,574,78,114,102,78
273,684,650,500,110,149,135,108
225,538,518,340,107,164,153,118
271,703,668,487,78,100,87,74
253,637,608,445,81,122,112,93
226,472,456,375,76,107,96,86
285,728,703,539,89,136,125,94
320,711,680,470,78,122,111,93
254,616,597,422,86,122,112,91
203,581,557,407,101,145,136,87
198,419,396,312,106,145,134,100
300,669,642,504,93,136,127,101
294,685,655,492,109,178,163,134
316,768,729,554,89,148,137,117
351,809,770,582,85,118,111,82
268,714,685,476,86,127,122,100
277,645,611,423,83,116,104,89
242,606,579,430,101,151,145,114
250,606,577,437,95,145,129,107
290,763,731,549,69,98,87,81
324,839,804,590,65,78,66,58
262,655,624,468,92,148,136,115
284,665,631,453,83,103,95,79
294,675,648,458,66,112,103,82
222,484,458,336,77,91,82,64
317,820,789,559,95,141,131,106
272,753,718,528,72,110,104,67
280,726,685,531,90,117,105,96
210,521,500,352,56,106,99,79
239,549,530,382,123,165,150,122
258,649,612,457,88,123,110,99
294,731,691,470,111,170,158,121
305,758,727,537,92,138,131,109
270,585,553,390,76,100,93,72
354,765,732,518,120,161,146,115
233,563,530,411,85,115,106,87
272,744,715,534,103,130,124,95
244,657,632,449,94,148,136,116
231,540,504,354,79,95,86,67
268,580,540,372,81,113,102,91
240,559,532,418,91,155,142,106
351,848,810,604,79,96,88,82
316,804,765,551,73,84,79,66
270,611,573,402,86,127,119,100
323,791,757,545,68,118,111,97
291,715,686,508,98,143,136,107
270,630,608,456,79,113,102,92
257,596,564,411,77,99,91,73
288,700,667,502,91,114,102,76
223,694,680,494,69,108,98,84
264,706,677,509,67,71,61,60
323,859,823,638,67,86,77,68
299,683,657,444,107,172,156,122
278,671,651,462,122,189,173,143
285,637,609,431,68,90,87,75
334,840,812,622,98,143,128,112
325,784,745,535,65,105,96,72
183,341,319,247,63,70,63,57
283,705,672,513,89,131,124,98
316,757,721,501,91,156,144,110
307,763,725,553,90,134,123,89
234,516,488,334,104,164,151,125
282,687,647,453,83,102,90,76
326,828,793,572,92,113,105,89
280,681,658,461,85,133,114,106
259,582,556,376,85,129,121,88
328,802,773,559,118,160,153,124
308,852,825,624,74,106,100,83
364,859,816,580,83,161,155,113
241,544,514,357,72,97,92,79
286,646,614,449,107,166,154,129
310,807,768,583,91,146,138,106
305,668,639,464,54,77,73,51
327,854,803,613,100,127,110,98
315,779,745,547,86,127,119,97
346,861,821,633,95,162,154,122
307,683,650,476,80,102,91,82
257,636,611,483,55,85,80,65
286,724,689,518,83,114,99,83
322,774,737,539,76,108,98,80
248,619,589,416,78,95,88,77
252,574,537,421,76,93,83,77
231,550,523,363,70,121,111,92
235,540,512,368,116,187,174,134
327,786,744,558,99,155,147,119
291,786,753,558,75,102,91,84
256,588,558,392,97,176,167,130
284,706,677,490,97,123,114,93
272,643,617,426,97,136,129,92
290,743,712,507,100,159,152,115
274,588,562,374,116,204,194,143
223,558,533,382,96,152,143,117
256,601,572,436,87,139,132,113
219,573,545,404,114,172,161,129
317,812,769,598,94,142,134,97
243,571,541,402,65,94,86,75
263,541,509,389,80,120,112,87
284,734,710,528,77,96,87,68
296,803,754,589,109,151,137,118
325,826,795,609,72,105,101,76
358,929,889,676,96,125,112,94
264,669,647,463,85,105,93,84
300,703,669,495,76,112,109,94
204,514,496,359,95,131,123,98
250,571,545,372,62,67,59,51
255,566,532,407,93,130,123,94
346,856,814,610,89,122,114,88
187,432,407,282,75,143,138,106
233,580,554,370,82,127,118,90
332,814,787,593,98,148,136,104
319,740,710,524,96,121,107,90
316,809,779,598,100,149,135,103
249,564,527,388,78,108,100,86
296,622,587,407,75,77,69,60
243,583,558,356,83,102,94,81
255,659,632,456,122,202,183,153
277,670,643,453,126,205,193,152
312,736,694,502,96,122,115,100
217,601,581,429,87,139,136,108
260,577,554,414,107,164,157,119
325,683,647,456,97,123,107,93
328,839,807,625,85,121,107,97
316,771,732,513,127,220,206,162
250,607,579,426,93,172,156,120
270,670,647,480,68,90,86,74
222,494,469,350,84,140,127,108
339,879,838,645,71,86,78,64
273,763,740,561,84,128,119,94
289,696,659,492,94,135,129,110
288,715,697,526,78,110,100,90
195,529,507,337,85,135,126,111
220,537,500,340,82,129,120,99
262,574,557,411,105,168,155,117
318,707,674,480,76,100,88,82
349,863,829,607,103,150,143,118
324,873,832,638,88,142,130,98
197,402,380,274,85,132,120,92
272,790,761,579,88,151,144,119
268,652,626,460,88,114,106,89
329,895,867,657,66,83,74,62
325,816,779,580,76,138,129,98
323,798,762,565,93,130,121,102
297,736,704,549,81,143,130,103
276,695,669,518,103,130,121,90
202,459,435,307,126,185,169,130
256,610,580,389,91,132,126,105
342,754,713,521,91,152,141,108
263,621,588,405,101,150,142,113
251,595,567,379,95,145,133,101
171,426,398,281,95,168,159,111
252,642,621,448,105,156,148,112
253,545,512,356,84,115,106,94
283,661,632,454,98,126,114,84
388,896,844,633,96,132,127,95
262,671,644,475,102,147,135,102
224,603,571,417,91,129,122,96
257,528,495,368,84,110,101,82
321,760,720,542,91,125,112,93
292,728,688,524,81,139,133,111
254,597,565,404,85,152,146,111
339,838,805,619,72,98,91,79
276,687,653,509,98,161,150,116
269,712,673,510,103,120,109,87
294,780,749,585,58,69,60,54
258,636,605,465,90,130,122,100
219,535,503,386,126,218,205,170
278,795,765,571,71,99,91,72
281,624,592,418,92,156,143,110
299,735,693,515,100,143,132,110
261,560,537,381,85,135,117,94
239,504,470,355,76,116,99,77
297,544,520,386,85,119,112,92
264,730,709,543,85,99,92,77
336,829,788,601,98,159,150,125
327,818,788,612,75,113,106,78
246,664,630,448,63,67,61,55
300,751,707,518,96,139,134,103
237,451,424,320,127,203,190,139
234,612,574,447,89,138,132,102
352,853,818,615,90,119,109,88
270,693,665,487,80,109,100,90
244,490,466,338,74,118,109,94
315,847,798,576,75,114,105,85
316,770,733,551,68,82,72,67
239,580,565,401,108,149,139,111
285,726,695,503,82,118,109,86
365,920,878,644,106,190,179,136
298,755,723,519,60,84,81,69
278,616,580,405,76,105,98,84
370,954,916,693,115,202,187,147
239,621,594,443,91,116,108,85
244,546,522,356,90,148,139,123
262,617,580,420,88,130,122,89
181,386,366,249,87,140,130,101
275,627,587,423,102,180,170,140
297,766,728,542,74,99,94,75
263,557,535,409,80,100,94,77
292,789,759,568,99,125,108,89
221,514,490,344,71,107,104,74
290,728,702,532,64,98,91,73
305,739,711,525,97,147,141,108
285,675,641,469,90,129,121,103
331,876,832,615,90,181,170,131
259,585,546,387,86,122,113,96
309,850,818,607,86,117,107,81
290,721,699,509,79,113,103,90
273,696,666,495,76,109,100,89
279,638,603,448,77,114,104,76
211,427,409,310,85,120,116,93
312,859,822,605,83,136,127,106
318,823,792,588,94,132,124,96
290,680,651,461,86,120,104,88
326,833,813,605,80,119,105,93
369,965,928,714,86,129,118,91
310,783,748,556,87,137,131,107
334,843,816,605,102,171,159,117
260,627,605,455,89,156,142,121
255,687,657,499,102,157,152,106
227,588,556,406,102,138,122,104
298,762,736,571,89,133,124,106
196,478,455,327,70,112,107,82
289,864,822,618,75,99,92,71
285,641,618,458,102,151,133,110
286,675,645,473,75,102,97,78
241,631,602,443,105,169,158,120
226,526,498,380,94,158,145,117
308,706,672,476,75,115,106,86
310,673,632,459,90,112,102,91
332,841,809,604,81,125,118,89
240,533,503,375,125,187,175,129
293,678,653,473,84,107,95,75
332,745,710,507,106,168,157,136
253,629,595,424,79,115,103,88
319,771,742,554,79,131,117,99
271,697,668,489,116,177,172,130
240,582,553,401,99,125,114,98
265,593,570,413,115,165,152,112
330,804,763,565,94,151,141,123
300,846,821,598,102,158,148,124
256,618,589,416,99,157,145,117
247,610,576,423,82,132,119,98
243,534,509,373,103,158,143,128
324,741,707,486,86,129,119,100
309,741,706,494,96,149,142,114
371,886,853,646,107,152,141,114
301,869,831,618,80,118,110,91
323,815,770,579,110,143,126,102
277,641,611,426,80,134,122,93
209,527,500,348,101,164,153,119
254,680,640,456,95,153,140,117
200,516,489,352,89,132,121,97
359,922,878,679,89,130,122,99
290,623,589,421,87,124,115,99
289,688,645,497,76,130,123,92
236,577,544,402,81,116,107,82
275,638,603,432,104,173,161,131
299,775,737,560,68,106,99,83
260,591,570,437,96,160,145,114
296,745,704,523,91,142,137,112
277,672,638,428,89,141,130,98
315,830,797,594,68,102,94,79
334,834,791,580,70,126,121,89
262,568,539,393,83,118,105,87
283,748,718,530,75,115,108,85
263,681,648,480,62,109,103,85
288,603,576,415,98,161,152,124
289,818,796,584,83,134,128,96
298,758,723,558,90,130,120,95
242,591,559,375,86,124,108,89
341,848,805,608,112,181,169,124
354,926,884,651,95,150,139,125
315,811,764,555,101,151,140,116
318,847,820,608,68,94,86,65
263,640,604,448,71,90,80,66
280,669,644,462,76,108,96,78
287,756,717,558,72,86,80,62
272,520,499,375,82,114,103,84
334,815,780,587,89,112,105,92
241,506,470,343,110,142,136,112
300,876,839,622,93,121,116,95
251,606,573,411,79,111,102,93
207,511,490,336,80,113,105,93
243,650,625,448,109,156,150,114
343,868,820,634,99,126,111,102
261,607,579,410,98,131,123,107
358,844,802,595,75,99,87,78
305,865,830,620,92,139,132,107
287,677,652,462,90,142,132,110
280,731,702,517,109,203,193,143
242,503,479,332,95,132,122,88
306,737,698,489,78,114,106,80
277,702,667,518,51,72,67,57
295,732,707,550,102,173,161,115
228,516,493,346,94,138,127,107
244,562,541,378,78,142,131,113
231,674,652,461,85,114,107,85
223,422,397,311,78,105,95,73
249,562,535,396,70,78,72,66
221,539,517,345,85,126,118,95
321,803,763,556,96,123,111,94
267,680,662,474,68,87,78,64
221,569,542,391,84,148,136,106
344,890,856,614,88,142,135,99
229,598,569,394,103,162,151,123
313,815,793,584,95,142,126,95
294,658,626,466,98,169,161,131
270,631,588,402,105,164,150,122
288,717,684,501,95,105,95,77
273,614,593,414,94,133,119,102
238,493,461,329,68,71,58,52
264,579,554,393,87,112,100,86
270,698,676,490,103,162,153,113
279,672,637,523,87,171,164,126
293,796,764,561,74,109,101,74
286,549,521,369,118,179,168,128
176,316,294,204,67,108,97,80
232,659,626,473,80,132,121,92
290,760,726,546,106,173,161,129
247,563,527,389,79,118,115,88
277,642,608,441,105,177,164,111
301,906,865,655,60,86,78,65
293,770,727,541,93,127,121,90
202,490,464,337,75,121,112,100
328,801,760,557,75,123,114,82
294,715,684,539,99,172,160,135
242,563,542,398,86,116,100,88
269,718,692,520,92,145,134,101
298,634,604,485,105,180,170,130
301,628,593,431,103,154,145,109
333,705,676,447,68,115,112,88
273,730,701,503,81,114,104,87
255,645,618,434,81,106,96,80
221,565,540,388,100,140,127,101
242,550,528,400,77,100,87,84
259,656,630,439,99,151,139,117
193,406,384,253,98,147,135,107
260,700,672,511,81,140,126,108
262,608,585,424,70,85,79,66
323,786,758,557,83,112,101,82
315,883,858,642,90,163,156,121
267,636,608,442,76,104,96,75
191,499,473,322,89,114,102,87
345,835,811,593,83,117,106,90
243,524,494,333,100,153,144,123
204,481,451,315,96,146,130,107
307,835,789,602,109,183,170,138
315,809,778,551,82,122,111,98
280,669,637,458,73,98,92,75
236,647,627,457,85,106,96,82
331,908,871,649,92,154,143,119
361,841,806,587,69,125,120,93
285,675,641,444,70,116,106,81
328,779,738,561,80,96,90,68
306,711,674,478,91,135,124,111
219,520,496,323,95,178,167,130
306,787,749,568,74,105,99,76
262,641,614,440,74,172,160,116
241,616,585,415,74,105,98,81
296,845,808,636,102,156,146,118
280,702,674,482,87,119,108,84
284,702,660,496,106,158,150,121
302,727,691,495,73,124,118,100
275,656,624,435,97,143,131,114
246,622,594,439,66,122,111,93
306,792,743,556,79,132,124,95
280,603,561,395,80,139,127,112
244,551,520,383,86,149,136,105
310,778,739,548,99,134,120,105
308,761,719,547,97,135,125,103
348,774,731,585,88,128,115,86
218,572,556,406,99,128,118,96
285,791,753,564,101,163,153,117
290,682,649,486,75,99,94,76
277,754,723,511,93,133,123,104
212,420,389,242,80,131,121,103
257,661,639,480,102,153,145,103
230,639,610,458,70,86,79,64
215,554,531,375,95,133,123,100
396,884,845,610,86,129,113,99
327,786,760,546,65,106,99,80
232,616,586,415,67,90,82,70
271,720,689,504,83,127,120,105
235,521,497,347,73,109,102,85
349,950,910,702,101,123,115,81
249,634,598,435,73,124,116,90
308,759,732,553,100,177,164,134
312,850,816,592,78,114,103,97
263,816,784,590,72,87,79,68
343,791,752,576,96,145,139,121
369,902,862,642,88,113,102,80
295,734,710,515,98,165,154,121
313,834,793,614,74,116,109,99
318,877,840,609,103,144,135,111
241,663,640,476,79,118,109,90
280,685,661,504,93,139,125,106
221,510,488,350,84,120,114,80
263,569,546,415,89,107,99,78
295,860,830,612,81,128,120,94
344,839,802,618,90,118,109,94
247,612,578,434,88,119,105,95
313,748,721,523,65,94,87,80
294,765,743,555,98,148,129,129
321,836,795,584,106,152,139,111
219,539,509,374,97,167,155,126
304,751,713,505,86,138,129,111
237,689,656,490,73,126,116,92
302,812,777,576,94,137,126,89
321,776,744,526,90,131,121,100
258,661,628,453,82,131,125,101
289,653,615,441,80,111,101,81
234,647,621,446,92,125,117,94
370,875,835,624,104,152,144,113
202,526,499,369,107,165,158,109
239,639,611,448,72,130,120,87
279,758,725,530,73,108,101,90
259,590,547,370,77,101,87,78
211,462,441,328,94,166,154,118
339,769,733,542,142,213,199,160
288,773,738,536,76,119,114,90
262,691,658,486,78,134,126,104
235,579,560,390,88,127,119,92
255,546,519,393,83,140,127,110
260,696,663,499,113,154,139,117
237,573,561,438,71,97,90,70
304,673,645,451,75,110,106,83
285,692,665,519,95,135,127,104
318,849,808,608,96,127,117,95
283,630,591,454,79,144,132,118
274,632,602,449,96,154,140,116
270,671,634,460,81,143,136,98
288,707,671,496,118,168,160,126
305,784,753,573,95,150,143,129
278,688,655,471,89,115,106,98
238,443,415,312,87,135,126,103
195,449,428,314,83,120,111,84
220,504,482,356,93,113,106,78
261,597,564,409,94,140,127,105
288,627,596,435,89,124,113,89
326,800,768,575,94,146,139,104
296,772,742,546,61,79,69,66
235,600,579,416,92,134,122,108
192,490,475,321,109,144,132,100
298,826,802,596,85,118,110,91
298,645,619,456,86,120,109,86
247,672,644,474,78,129,119,101
269,639,608,427,74,107,95,79
277,587,561,401,115,179,168,131
194,474,447,294,77,109,104,81
249,570,539,396,76,104,90,70
261,640,614,491,115,200,190,137
316,818,794,569,88,116,109,92
307,717,680,504,85,137,126,101
236,585,555,445,88,139,125,107
353,841,809,613,72,120,110,82
279,675,641,465,86,136,132,107
243,599,576,411,92,155,143,111
272,758,738,563,80,110,101,80
196,410,390,303,108,152,143,114
308,742,714,504,126,183,172,127
286,781,744,552,91,127,115,91
289,698,660,472,102,142,121,102
274,727,700,514,91,111,100,84
284,729,700,529,119,176,165,137
259,706,679,480,88,163,154,123
248,678,653,489,72,114,105,83
269,587,560,369,77,121,113,95
322,698,676,509,80,127,120,94
287,680,643,468,98,155,143,127
293,633,587,431,95,136,122,106
323,879,844,628,80,97,92,78
320,813,777,566,86,135,122,95
320,712,666,505,80,100,93,74
279,655,636,453,91,132,123,101
295,733,706,513,65,90,80,65
206,493,471,349,59,83,73,53
234,504,475,341,94,173,164,134
307,815,791,579,91,133,117,104
199,424,391,275,77,97,85,75
279,601,579,443,77,110,102,83
308,733,692,497,95,120,108,90
265,612,587,399,99,152,141,109
329,755,719,563,98,140,131,102
301,745,711,505,71,80,70,66
289,633,604,427,81,136,128,95
232,578,541,382,78,112,102,71
343,846,806,616,79,130,117,100
330,826,799,615,96,158,148,105
262,596,555,385,64,100,93,79
289,782,749,545,67,91,81,71
330,836,795,585,88,137,131,103
250,636,607,417,88,126,116,95
258,709,680,507,63,77,69,56
300,686,655,496,64,79,71,61
317,826,799,585,94,143,132,113
244,595,563,388,109,147,135,114
293,732,701,503,89,144,124,112
264,623,594,393,116,176,164,130
201,482,460,307,89,157,138,106
257,663,634,468,54,77,72,68
354,824,786,566,69,103,97,75
246,589,562,393,97,138,126,105
262,635,604,478,90,126,113,85
290,770,738,542,119,177,165,133
253,660,625,443,80,114,102,89
235,557,519,393,68,90,83,69
277,553,529,374,84,125,110,92
290,669,639,479,101,141,130,109
370,933,898,671,74,81,75,63
354,869,827,631,80,121,114,86
219,542,516,371,89,134,122,103
335,746,707,503,108,130,118,98
210,546,527,385,76,114,106,83
287,694,662,499,60,84,76,72
341,873,840,624,88,135,126,96
229,508,487,337,96,159,145,116
293,741,706,530,69,79,72,64
326,775,741,558,96,150,141,111
310,708,674,501,100,142,126,99
295,752,709,518,84,108,96,84
251,640,613,433,97,129,114,92
301,622,597,433,67,92,81,75
332,751,708,509,105,189,178,136
327,826,787,550,87,142,127,115
337,829,784,587,96,160,148,123
332,858,826,594,76,112,97,93
257,571,547,407,115,171,158,125
262,554,524,373,73,113,106,98
294,602,571,397,77,100,93,82
251,553,527,390,81,132,117,95
314,847,817,609,95,129,115,107
284,637,609,464,73,101,95,77
279,668,645,447,65,97,85,73
303,806,768,558,58,91,82,67
264,669,632,441,90,141,131,119
284,702,677,513,89,121,108,77
292,789,750,556,103,161,155,113
260,656,636,443,97,139,128,104
289,748,712,537,81,126,120,97
321,767,741,558,92,147,136,117
322,714,678,479,92,162,155,125
178,341,324,242,90,117,107,89
303,869,839,627,95,123,109,97
239,664,637,470,86,134,124,104
237,642,614,467,82,121,115,98
261,624,591,411,86,114,103,90
304,715,676,517,72,112,105,77
261,607,577,414,83,128,122,103
256,688,657,483,69,78,69,61
281,669,636,477,111,181,170,134
331,903,866,646,80,105,96,78
274,644,611,434,79,114,103,84
257,628,593,440,80,81,68,64
326,733,699,491,91,146,136,118
249,538,510,384,83,132,124,97
372,910,869,669,95,139,129,101
343,779,748,544,81,102,92,81
250,648,618,442,88,118,111,90
257,681,656,479,85,121,111,98
324,866,837,641,95,157,148,116
284,685,661,481,79,113,105,85
261,579,553,412,83,134,122,101
321,823,794,589,78,136,124,100
294,703,668,486,87,134,121,105
315,812,777,604,79,92,87,71
258,648,623,451,80,105,94,77
256,510,486,340,94,116,107,95
294,707,668,506,69,107,96,82
337,856,822,610,120,191,177,139
212,508,485,356,73,105,102,80
250,645,610,432,86,112,105,89
289,683,649,510,83,103,97,83
305,711,675,497,81,139,128,106
302,762,731,537,82,133,126,111
260,617,580,437,88,109,97,82
208,489,464,351,72,98,90,76
315,796,767,561,85,128,113,105
309,686,659,470,105,161,154,128
295,663,632,446,79,126,113,91
324,804,768,559,100,164,153,133
324,799,773,610,85,130,123,96
333,850,812,602,73,117,110,92
286,640,614,451,86,148,141,115
288,675,645,465,93,152,143,115
280,626,597,424,92,136,126,108
279,647,619,449,74,101,90,74
267,602,570,408,104,166,155,128
281,690,666,521,69,89,81,61
277,614,590,408,90,139,132,108
320,809,772,561,68,95,87,76
325,844,810,588,89,130,118,98
313,772,741,524,57,75,69,60
308,831,795,609,81,108,98,87
274,649,623,438,98,170,163,132
323,805,772,575,94,124,115,101
283,675,646,482,90,106,99,82
220,506,473,291,88,123,116,92
275,732,706,507,73,105,94,82
346,812,775,578,90,147,135,106
260,624,583,444,93,133,126,102
288,654,620,425,101,153,144,110
275,739,705,537,83,126,119,97
286,612,578,391,87,100,94,79
249,594,564,430,78,128,120,93
279,659,633,485,72,130,122,99
308,652,617,433,81,104,95,72
227,580,548,369,56,85,82,59
289,751,709,514,66,83,71,63
274,707,677,495,65,80,77,65
311,722,674,502,82,133,129,105
314,824,785,581,78,121,112,97
352,907,862,648,97,160,152,117
280,741,699,539,82,128,121,98
255,552,524,390,114,173,165,135
291,750,717,521,75,94,86,62
331,770,739,531,90,123,113,103
295,759,732,546,92,126,115,101
282,632,597,449,104,132,116,88
296,840,810,601,82,99,87,66
247,610,591,400,99,150,136,106
278,667,639,439,97,142,134,112
267,527,497,347,92,132,123,100
274,656,637,447,67,87,78,70
285,678,650,483,66,98,92,75
361,942,901,688,75,106,97,83
260,631,601,425,90,128,117,89
381,864,818,610,106,165,156,120
281,719,684,505,102,129,119,100
319,857,815,607,83,149,144,108
217,540,515,359,97,156,146,110
323,690,651,484,115,164,146,119
318,833,800,568,108,134,123,98
200,440,414,292,83,148,139,105
280,715,688,527,93,120,110,81
229,499,469,312,83,131,118,100
200,471,452,307,65,87,79,57
328,844,807,599,97,151,137,115
351,821,786,580,90,142,131,114
322,744,704,494,85,113,107,89
275,753,727,531,83,104,94,80
283,674,642,455,86,124,116,90
332,883,853,612,93,145,137,112
245,627,603,431,54,61,53,47
241,594,572,401,87,144,129,113
258,556,530,405,101,123,110,100
235,542,501,350,99,145,138,109
243,579,553,400,103,175,160,126
319,789,755,572,91,134,126,109
364,866,823,587,61,87,81,73
254,641,607,420,100,172,157,138
331,760,730,550,87,129,117,96
244,557,523,379,78,117,109,79
206,557,520,388,79,120,113,94
332,822,772,582,82,100,91,75
274,699,664,503,97,162,150,101
338,919,882,674,89,155,146,120
294,727,697,491,75,98,93,82
274,713,681,490,81,125,118,96
277,825,794,581,70,86,82,71
224,619,599,428,112,204,195,159
196,505,478,333,85,105,91,78
280,704,679,506,89,153,146,108
229,582,557,381,88,115,108,93
297,801,762,573,93,113,99,86
257,583,551,401,105,149,139,115
161,395,375,244,88,119,110,96
270,671,645,436,100,162,150,113
276,686,653,487,96,156,141,121
330,814,784,601,66,88,82,72
283,703,676,496,92,119,113,95
281,665,628,448,77,104,95,77
263,668,641,444,88,131,123,97
253,576,547,418,86,153,139,111
237,612,587,414,80,118,104,82
213,532,513,371,98,148,139,104
256,686,653,506,74,117,101,91
256,602,573,404,88,137,125,112
347,874,845,634,60,84,82,61
244,635,604,483,74,99,85,69
353,857,809,598,98,143,135,107
328,837,798,600,84,110,98,88
340,840,800,598,72,88,79,73
293,690,658,489,98,171,160,123
258,602,571,411,72,112,104,86
272,619,592,436,98,137,127,109
255,671,641,469,84,147,135,105
314,749,712,523,94,138,127,98
215,557,529,421,70,96,86,78
250,651,620,437,100,152,140,109
278,701,668,492,69,134,126,99
344,797,763,568,101,175,161,131
301,740,705,538,85,102,87,70
285,841,808,619,80,115,110,88
302,744,718,509,83,125,115,87
189,384,366,299,127,166,153,107
307,831,800,579,79,112,101,94
275,699,670,503,103,150,148,98
288,699,663,481,78,126,115,93
312,740,709,499,74,101,91,72
337,788,765,566,87,126,116,102
249,612,588,442,77,127,117,97
210,488,472,331,92,119,111,98
287,671,642,464,102,167,159,127
256,582,558,393,101,147,136,97
233,597,564,407,76,93,85,65
247,498,461,312,92,143,137,111
268,644,612,443,78,110,100,81
275,826,791,620,89,140,129,109
268,608,574,378,113,183,168,138
278,811,781,578,77,115,106,86
333,794,748,540,88,133,122,111
252,603,588,430,112,181,170,132
305,737,701,538,98,158,147,120
282,750,726,521,71,93,79,69
264,612,585,417,93,135,126,102
291,645,626,457,71,94,88,76
260,616,582,439,96,118,107,88
239,621,590,436,76,111,103,89
217,547,524,372,93,160,150,118
287,853,821,611,97,142,133,111
338,873,840,633,85,119,105,81
251,596,558,407,81,134,124,105
243,564,536,385,87,117,112,80
240,564,527,375,101,155,146,109
327,780,741,549,86,145,132,116
335,765,732,535,85,164,155,121
232,562,535,344,76,97,88,72
350,833,790,584,74,114,107,86
264,656,629,439,84,133,124,96
243,654,633,462,86,130,122,106
292,633,603,409,62,73,61,59
322,783,743,567,94,106,98,80
289,708,676,489,82,139,124,100
286,673,649,484,102,159,150,123
278,739,713,542,93,133,114,95
236,555,539,409,91,142,132,110
308,728,686,484,97,130,121,97
278,659,629,436,77,98,93,79
220,499,477,357,87,114,107,90
279,666,643,452,82,109,100,98
272,638,607,460,91,128,116,79
289,724,698,531,116,199,185,146
293,831,793,584,120,187,174,126
231,585,553,388,124,177,159,133
282,556,528,387,98,154,141,118
262,659,636,424,86,149,139,115
363,894,855,627,77,100,95,87
240,620,596,442,67,92,79,67
287,689,656,480,87,108,99,80
223,437,411,292,99,152,139,113
270,669,638,454,71,113,102,87
210,468,446,297,84,105,99,78
253,667,634,427,89,116,100,80
310,898,860,675,104,152,145,106
298,658,626,456,96,129,118,103
207,557,526,377,84,144,138,119
313,798,781,582,100,171,160,131
342,871,823,611,71,107,98,81
263,644,614,447,93,144,130,110
288,732,699,503,100,152,135,114
339,769,740,559,103,132,122,103
343,845,805,610,76,132,122,106
331,777,739,553,112,182,171,132
212,460,443,322,97,173,158,135
268,621,598,403,96,156,149,122
156,391,367,253,85,134,122,86
236,558,540,360,108,176,168,126
259,710,686,496,98,151,137,115
258,595,574,397,96,147,133,100
228,585,570,423,89,137,126,103
226,547,521,345,87,136,124,89
285,672,647,455,103,149,138,110
268,714,677,491,71,84,76,65
278,765,734,563,81,120,112,86
286,732,702,519,81,136,126,98
290,700,675,469,83,129,119,93
251,654,635,437,93,134,123,101
316,829,792,602,92,134,122,99
245,669,644,452,83,118,114,86
234,488,454,348,91,144,134,108
275,677,634,461,87,122,114,93
238,624,594,414,108,178,163,123
280,680,653,501,95,156,149,130
255,660,616,427,68,80,66,67
263,580,550,385,102,181,169,138
242,582,554,381,94,152,144,114
270,715,687,504,101,199,190,145
296,745,712,528,83,92,83,73
319,804,766,578,100,149,136,118
335,718,689,498,85,136,130,105
277,638,599,426,100,151,138,117
213,480,456,333,67,83,78,63
318,902,866,635,65,83,76,68
340,899,859,652,79,109,98,85
244,674,653,485,73,120,111,86
260,718,683,503,89,125,116,94
240,652,631,447,86,111,103,83
278,596,577,427,90,145,133,100
334,881,849,640,86,149,134,113
268,655,621,465,78,111,106,85
310,700,670,465,72,93,86,70
273,604,578,399,84,114,108,90
266,644,619,443,66,87,78,65
317,833,798,577,94,132,123,94
266,591,560,421,94,137,122,87
285,718,690,547,115,177,164,123
342,889,837,626,108,155,144,115
365,933,895,657,77,122,113,95
309,791,753,574,93,132,117,106
238,552,520,365,73,118,109,84
325,865,833,642,72,84,73,69
294,778,744,572,107,177,169,131
261,572,545,378,106,129,121,91
275,676,654,467,79,94,85,72
344,916,877,675,94,143,132,110
210,472,448,300,92,132,124,111
271,764,721,531,97,146,138,105
279,656,614,443,88,165,158,136
333,787,744,531,57,83,70,65
274,649,619,441,93,137,127,101
252,639,613,454,80,113,102,85
326,767,726,526,118,182,165,131
263,549,512,388,78,89,77,69
310,748,715,529,93,131,120,90
314,690,660,504,96,152,143,127
265,612,584,418,92,127,117,93
302,679,640,471,113,143,132,103
266,583,554,389,68,100,92,73
343,838,790,604,114,207,190,143
254,586,562,401,87,137,130,101
290,699,664,482,73,79,71,57
190,419,400,272,76,99,90,74
270,636,614,475,85,142,129,97
309,827,799,603,104,175,165,112
252,667,637,471,108,161,148,117
267,678,653,493,91,119,110,88
267,685,651,466,75,92,85,66
260,610,583,437,89,126,116,91
254,547,518,353,83,109,97,81
282,680,649,491,85,126,115,104
228,572,543,375,78,92,82,72
255,592,563,406,87,117,103,92
317,860,825,623,81,136,130,107
288,660,625,463,88,141,136,107
275,654,626,447,98,163,153,118
246,680,658,497,114,160,145,130
252,631,606,470,92,121,107,83
246,617,585,411,84,116,105,89
302,821,780,594,98,152,137,110
305,824,790,606,68,113,105,86
308,778,738,573,102,148,138,114
276,742,709,546,66,87,72,64
333,761,733,577,75,112,102,90
210,515,489,340,63,106,97,88
337,790,740,561,94,136,125,98
343,810,775,575,74,116,110,86
260,667,633,459,79,109,97,84
317,801,770,543,100,168,159,120
292,686,645,515,106,151,143,108
263,515,483,358,68,110,104,79
299,731,695,521,92,130,119,99
253,610,569,416,77,114,106,87
263,551,521,378,90,143,136,96
257,623,595,425,88,148,138,108
261,622,600,418,84,101,89,81
319,785,747,541,92,165,153,116
223,533,510,363,72,114,106,86
247,609,581,421,93,133,126,105
335,801,766,611,70,96,84,75
245,627,593,460,93,134,124,99
245,607,583,419,88,132,121,99
260,677,637,450,88,135,129,101
278,831,790,597,65,85,72,60
344,846,814,609,99,159,151,125
225,565,541,406,82,121,109,84
296,669,639,465,72,107,94,91
304,804,773,572,111,148,136,105
288,705,672,475,86,117,109,92
272,683,660,457,77,110,105,86
302,778,747,554,80,131,119,90
331,850,811,597,93,118,107,86
239,556,529,394,74,115,101,93
243,557,529,369,96,122,107,97
235,590,559,403,80,117,113,96
279,738,701,520,81,87,75,65
258,584,561,409,103,149,140,112
241,614,592,425,85,118,107,91
262,563,529,375,91,133,123,105
315,892,861,629,75,84,75,70
244,599,571,410,84,86,80,64
307,775,746,565,107,179,160,128
330,878,835,629,65,108,99,84
355,830,790,595,82,115,106,84
230,574,555,373,100,155,141,100
355,862,810,590,97,175,167,126
329,832,791,587,100,137,127,105
288,783,755,580,90,109,99,81
318,741,704,526,104,175,155,113
241,634,604,439,84,109,100,92
180,367,346,254,84,118,108,82
244,547,518,383,77,101,97,75
237,525,497,380,93,114,107,82
254,634,602,434,73,120,108,99
272,750,716,537,85,125,117,86
308,751,722,542,104,148,137,111
296,705,673,483,98,146,132,98
273,753,722,556,82,133,126,99
295,728,694,491,90,145,134,106
274,623,591,415,109,154,143,131
303,856,820,602,100,134,117,100
203,476,453,304,91,120,109,90
331,850,814,614,92,141,132,108
346,801,762,580,62,104,96,81
276,639,608,443,78,138,132,104
161,307,288,200,91,132,119,91
246,548,520,393,96,149,139,104
276,736,711,529,82,109,103,90
233,549,523,351,72,90,82,72
235,568,530,370,90,139,126,104
316,808,780,571,95,152,143,105
307,780,751,555,116,164,152,136
288,795,763,572,87,119,112,82
252,607,575,407,75,96,88,70
338,858,817,602,97,123,108,89
262,626,597,410,98,145,136,105
248,550,513,373,87,156,152,123
273,679,649,453,71,100,91,82
269,644,606,469,69,109,100,90
249,540,514,369,71,93,86,74
243,613,586,409,82,127,120,92
265,636,600,455,102,131,119,105
225,676,652,485,104,157,146,116
239,541,516,415,94,165,155,111
350,805,767,562,96,178,162,128
289,833,803,587,117,210,194,172
223,542,509,353,99,147,137,106
311,682,656,510,117,196,183,145
282,578,555,372,60,88,81,73
302,776,748,567,86,119,108,81
277,793,754,579,88,134,122,99
259,659,624,458,85,108,88,88
272,707,672,512,100,158,147,118
315,786,749,580,93,124,119,98
189,466,448,330,66,103,91,82
319,749,720,499,102,150,139,111
259,667,631,505,101,136,126,99
227,538,515,355,105,162,151,103
325,802,769,546,113,164,151,121
253,646,608,455,89,134,128,112
314,819,795,612,76,92,86,73
285,689,651,459,83,141,131,107
320,738,707,539,103,171,157,128
311,844,806,573,99,159,138,115
258,649,621,441,100,154,143,111
235,586,564,410,81,104,93,79
290,747,714,532,85,139,129,99
279,639,608,422,92,128,115,104
309,660,623,468,91,149,139,101
290,601,565,404,69,87,79,67
332,788,758,544,98,152,141,114
253,518,496,332,79,107,96,83
298,851,815,603,91,163,153,112
344,812,773,556,95,151,136,106
212,525,498,330,91,161,149,123
203,488,470,347,78,120,111,93
266,621,590,406,65,90,77,77
256,622,589,455,127,181,165,131
278,750,717,567,78,97,86,73
237,472,443,323,89,120,111,91
326,829,796,611,82,123,111,98
209,523,496,341,87,124,118,92
256,665,635,430,97,132,122,102
266,655,621,473,102,165,152,137
280,593,561,420,100,119,111,98
251,581,556,379,76,110,101,88
295,631,597,421,99,140,127,103
260,544,505,381,101,123,115,91
201,525,497,368,88,147,141,115
311,797,749,578,75,125,113,89
292,710,679,477,74,117,105,85
330,802,765,569,89,139,127,100
333,783,746,530,98,152,148,111
175,413,391,261,116,190,177,134
298,722,695,522,70,91,84,79
336,750,700,514,84,115,105,82
292,698,661,458,75,120,108,92
217,484,451,347,85,123,117,102
233,524,506,348,93,140,132,99
249,620,593,427,73,133,125,106
353,837,799,604,63,100,95,83
328,703,664,463,76,105,93,82
232,617,577,404,94,137,128,104
290,727,691,520,108,178,158,128
314,676,648,458,72,100,93,76
299,714,675,500,91,125,117,97
261,662,626,452,116,133,123,98
217,356,327,244,98,155,145,111
333,915,876,660,79,99,86,76
314,763,729,535,81,108,103,82
320,781,752,576,93,132,120,103
268,643,612,452,100,179,164,148
319,713,682,504,82,119,112,85
318,761,721,511,79,132,124,100
364,905,865,630,82,116,104,83
277,608,577,412,88,113,105,81
246,566,542,394,85,120,108,89
216,473,449,311,79,98,91,75
267,662,633,449,82,126,120,95
237,559,535,390,88,133,127,98
263,602,565,396,109,170,160,124
189,404,388,271,85,127,116,102
244,595,569,416,90,148,136,108
343,827,785,583,90,128,120,88
363,933,887,654,119,179,164,114
211,487,462,340,104,181,172,126
274,703,680,519,65,95,88,71
340,832,800,587,101,172,155,120
247,522,494,339,80,113,103,85
294,710,684,509,92,121,108,87
315,731,690,504,69,91,84,73
282,591,562,395,110,159,152,110
272,679,660,486,87,112,105,83
331,815,780,603,77,122,114,91
306,627,594,450,103,163,154,124
251,610,576,427,69,89,84,73
271,659,633,453,95,138,133,100
243,514,491,395,82,122,112,95
227,554,536,358,85,123,109,93
321,818,791,584,91,126,111,96
255,706,671,477,67,86,77,63
240,608,589,439,82,99,92,75
318,660,631,501,82,115,102,92
281,699,670,499,117,160,147,123
270,613,588,409,91,136,126,101
264,696,672,485,96,143,127,104
274,738,710,511,90,114,107,90
259,558,532,412,103,148,137,116
280,683,655,452,67,93,89,74
326,764,730,536,84,120,110,78
180,364,332,245,91,139,130,109
229,506,477,339,77,114,105,86
209,521,494,381,94,150,143,114
310,763,728,535,104,158,150,112
301,764,711,539,96,159,148,116
206,489,471,329,67,103,95,80
280,684,654,511,99,150,135,104
281,643,611,410,89,123,113,94
259,663,634,464,81,139,131,109
314,810,776,583,73,110,101,75
271,635,604,407,83,122,118,82
298,740,700,521,65,114,108,84
191,504,476,319,86,145,139,113
279,733,697,532,75,106,97,82
281,638,608,456,84,105,94,83
295,720,697,508,67,97,90,67
292,750,712,535,76,108,100,78
278,728,694,505,75,93,89,73
340,836,801,594,129,221,211,153
292,819,782,593,65,87,81,64
332,751,718,531,86,115,101,86
305,824,795,575,92,131,126,98
264,693,656,483,71,121,114,97
246,598,571,410,122,202,191,143
250,617,588,421,88,141,134,99
329,788,744,562,65,85,74,70
293,819,783,589,79,104,93,86
231,490,461,314,80,137,128,97
274,657,629,507,103,138,129,98
289,680,639,453,82,134,119,105
313,761,727,565,70,85,75,66
266,662,638,481,109,190,175,132
263,719,687,476,89,139,126,112
259,696,681,497,86,133,121,102
315,720,691,499,82,124,112,92
292,714,674,498,96,150,139,115
250,590,559,401,65,71,68,55
237,621,601,442,93,117,105,81
237,617,594,447,78,126,116,105
289,665,626,452,73,96,89,68
203,464,438,278,86,137,129,101
264,621,590,422,82,116,110,91
316,903,866,636,75,100,94,70
325,882,857,651,109,181,172,133
232,590,570,414,74,98,86,74
272,717,684,512,76,115,104,87
310,743,704,501,80,124,116,94
279,655,621,459,82,107,98,85
282,666,623,450,84,120,107,83
337,848,812,575,76,118,114,96
264,630,601,439,78,127,120,95
239,654,629,454,85,129,118,85
289,726,700,531,86,137,129,108
277,598,567,423,69,111,103,76
352,850,813,572,76,91,82,72
289,623,594,407,69,84,75,66
259,663,636,449,86,137,128,93
322,806,767,561,111,175,158,123
306,850,815,613,82,106,98,79
300,678,642,475,91,122,116,87
320,690,652,439,77,107,97,83
225,499,471,348,92,129,121,98
300,822,784,562,72,98,86,77
332,848,818,630,81,123,113,96
287,668,634,494,71,107,100,81
328,787,759,568,78,100,90,78
303,710,687,470,71,102,93,79
258,548,518,376,91,135,124,99
207,543,526,397,88,130,119,90
268,717,690,517,117,201,188,144
243,611,587,420,97,159,153,115
239,667,630,456,85,122,107,97
298,729,696,531,93,157,146,123
267,629,596,417,106,168,154,124
264,722,693,482,93,155,147,116
226,459,433,293,77,93,88,72
254,655,634,477,56,88,84,69
273,651,617,484,106,176,159,128
271,656,631,502,113,179,166,138
302,743,705,556,104,160,149,118
237,675,647,469,105,143,132,94
235,638,606,452,88,130,120,93
251,654,627,437,85,112,98,93
297,721,687,487,65,89,84,72
263,663,628,456,91,132,124,101
303,770,721,541,55,76,67,55
308,792,760,570,78,93,87,74
287,601,572,426,84,144,136,110
287,775,737,524,84,99,89,86
231,487,453,320,115,159,149,118
324,787,748,527,91,121,112,98
337,791,749,543,97,175,164,133
252,645,616,479,104,172,157,124
229,524,495,366,100,140,131,104
236,552,524,346,61,97,81,77
267,698,658,492,79,139,130,99
215,637,611,461,93,122,113,83
299,788,748,557,70,100,92,83
258,682,650,486,61,86,81,70
234,596,575,404,97,156,144,111
307,696,663,469,54,73,62,65
243,606,563,414,102,127,117,99
352,831,797,580,83,99,94,70
257,559,537,396,69,99,90,81
312,709,672,486,86,122,110,86
320,767,725,526,111,166,157,122
273,663,625,458,94,159,148,117
144,313,289,197,65,101,95,74
256,694,657,493,93,148,139,117
258,629,598,447,132,223,206,171
361,910,881,663,96,146,138,103
328,823,798,588,83,113,104,87
321,774,740,575,88,148,139,114
321,831,801,579,66,107,101,83
340,805,771,587,110,154,142,118
265,603,574,408,92,149,135,102
314,755,715,510,77,101,96,80
186,430,413,284,75,107,98,81
241,672,645,463,86,94,87,69
194,536,523,345,84,128,116,102
321,809,779,582,73,90,78,72
253,594,564,410,95,117,101,93
241,561,527,392,93,148,139,122
270,651,626,462,105,201,191,156
237,721,684,502,88,133,117,93
313,806,768,587,71,87,79,67
344,857,811,603,68,90,73,62
225,599,576,410,87,109,99,84
333,859,811,584,54,74,66,59
315,826,791,593,76,105,97,85
218,474,452,334,79,93,80,74
303,688,662,452,97,160,150,112
305,755,713,509,92,129,121,89
305,840,814,629,101,148,142,116
285,637,601,434,79,122,112,103
297,857,826,609,80,107,97,77
319,760,717,549,106,145,136,110
199,446,424,263,92,122,107,100
288,611,580,410,82,113,102,77
320,798,766,568,80,98,91,78
289,759,722,552,91,142,137,111
283,713,678,483,71,115,105,95
246,611,576,410,80,125,115,91
275,660,625,460,95,151,140,109
284,718,692,484,94,122,115,88
326,780,747,570,113,185,174,128
277,646,607,437,87,112,106,86
309,805,767,571,103,156,142,109
268,624,594,418,92,137,127,102
278,820,784,584,108,180,167,124
327,781,755,533,104,177,163,129
266,659,626,432,73,94,89,68
233,624,593,438,86,94,86,76
303,804,773,579,91,133,125,106
250,589,568,411,67,118,107,98
306,770,734,546,83,123,112,84
316,775,738,534,91,152,141,107
326,701,662,460,54,65,59,49
313,796,762,569,75,114,105,98
370,918,873,642,99,131,120,105
264,562,542,386,107,167,159,131
251,598,568,435,82,115,107,78
220,533,504,355,78,101,92,73
289,684,654,488,110,187,175,129
335,828,788,597,94,131,119,108
244,548,522,374,109,170,156,124
245,680,655,485,88,109,99,79
261,652,626,445,98,151,144,110
259,643,623,464,81,138,128,90
275,670,638,459,102,131,122,101
257,655,627,441,68,96,92,74
242,515,484,320,83,121,113,92
334,843,800,598,83,146,140,109
277,696,658,483,84,131,124,103
321,774,734,538,56,62,58,46
348,835,801,602,95,154,140,98
261,590,562,390,83,115,101,85
300,757,708,520,96,164,151,133
215,551,526,394,84,113,100,92
306,730,697,519,104,135,126,111
230,426,400,299,77,91,87,68
286,543,519,376,75,93,83,76
325,885,854,646,85,147,137,126
269,597,567,389,86,155,149,114
278,618,583,415,89,131,121,96
276,544,519,352,65,88,83,64
283,648,609,462,100,163,151,127
368,857,823,615,63,135,127,104
229,527,503,368,62,100,93,78
284,787,762,586,93,158,148,121
308,762,719,540,100,160,155,133
250,602,575,446,81,141,134,110
289,689,645,463,79,117,103,93
277,738,712,495,77,148,142,115
270,642,613,444,76,106,97,76
303,900,859,648,71,101,92,87
245,588,565,425,87,123,114,98
220,480,463,309,88,128,123,88
289,712,685,499,77,114,110,79
287,640,605,467,76,110,103,79
319,861,825,628,119,177,163,129
242,489,459,339,75,118,107,99
253,644,614,447,76,100,90,72
254,653,617,442,85,109,97,85
193,390,358,238,97,135,124,94
287,709,686,490,96,131,120,93
298,822,787,579,90,122,114,92
306,810,776,602,87,153,146,122
206,524,495,357,84,122,104,92
248,745,719,545,84,146,136,119
144,475,445,331,91,148,138,112
292,727,687,513,87,144,133,102
314,839,808,609,75,101,91,76
301,826,799,570,110,172,162,128
301,731,698,510,94,135,124,93
314,878,847,619,73,85,69,68
294,723,685,518,102,162,152,117
332,814,780,593,85,128,119,86
204,526,505,360,69,114,106,87
307,662,629,482,81,108,97,82
298,844,816,612,91,126,111,92
270,568,541,368,80,129,120,90
313,830,801,601,94,146,133,114
215,565,538,365,91,127,119,92
273,565,533,380,109,201,188,156
244,630,600,432,81,99,91,77
274,713,686,506,80,121,114,84
273,695,666,502,80,96,88,79
238,527,503,356,59,104,96,71
327,734,690,542,76,98,89,77
253,574,548,420,86,118,103,87
298,720,690,484,81,129,119,92
231,588,557,425,80,109,100,87
297,749,716,511,96,134,125,96
220,548,520,348,82,104,98,79
280,725,691,512,99,142,130,113
288,668,631,449,116,158,142,110
241,604,577,415,79,108,103,87
322,818,779,554,81,106,97,71
354,855,819,598,74,93,87,73
310,713,686,475,72,101,95,66
220,487,462,320,95,142,132,111
276,636,603,445,75,145,137,118
261,619,591,416,84,101,96,82
321,711,678,512,68,95,83,75
297,725,698,505,115,161,148,114
265,578,554,431,84,100,89,79
347,850,814,626,96,146,140,95
305,720,676,506,84,110,105,86
196,512,484,332,79,103,92,79
227,632,607,443,84,121,109,96
312,774,730,565,78,127,124,101
302,763,734,560,89,161,149,115
247,464,439,321,88,169,157,126
295,693,658,519,72,95,88,76
285,647,605,450,109,161,149,119
251,593,575,419,65,107,97,79
237,519,491,327,51,68,61,53
292,628,598,435,98,163,150,130
268,648,617,430,73,118,113,95
276,786,746,561,121,217,206,168
336,803,765,554,84,116,106,95
322,888,832,626,96,156,141,121
291,671,638,453,65,98,92,75
261,562,527,346,90,118,110,93
198,472,452,373,87,133,121,105
230,611,588,410,80,108,97,72
274,668,641,436,99,155,147,103
293,665,642,442,100,130,112,97
336,750,706,513,91,133,124,88
247,611,583,410,78,93,85,77
331,822,778,580,92,143,131,105
330,858,814,587,84,100,92,78
312,794,753,544,82,126,117,96
260,664,639,465,97,162,150,128
234,646,628,443,79,119,112,93
280,727,686,500,140,231,216,173
290,729,696,520,76,118,112,89
340,843,816,599,95,140,133,114
316,748,724,516,84,153,145,111
256,655,629,473,81,97,90,81
321,725,694,527,92,123,119,96
284,872,847,639,62,92,87,71
241,568,541,372,79,128,115,94
275,685,656,486,84,113,105,88
284,730,695,517,94,128,115,102
252,618,582,398,95,129,123,98
318,813,785,577,87,118,110,86
300,726,691,501,75,105,97,77
255,574,553,383,99,150,144,114
292,844,813,611,70,83,76,64
236,624,595,434,75,119,110,92
303,818,775,570,76,105,97,85
261,581,550,380,88,132,127,95
291,652,625,444,84,105,89,79
278,618,585,414,83,114,104,91
275,593,571,415,125,205,197,144
202,451,419,314,96,146,134,105
243,528,504,365,93,141,129,104
230,601,578,414,72,91,85,72
352,820,775,548,67,81,73,63
300,705,673,469,108,183,174,146
257,603,572,408,88,127,119,103
313,718,677,501,70,94,85,80
322,691,650,499,97,123,113,94
279,728,698,508,71,94,86,72
295,772,738,533,104,191,175,137
254,499,471,344,94,140,128,105
268,684,655,466,64,77,68,63
259,616,587,407,76,96,90,71
246,572,539,375,88,148,137,114
319,762,737,558,81,102,95,77
311,716,688,519,102,137,128,105
264,582,562,400,68,122,111,90
320,750,708,522,68,98,91,77
329,797,759,550,99,128,118,100
240,526,497,377,88,119,109,84
328,706,670,517,89,114,103,86
239,626,606,430,90,117,104,82
296,581,548,377,82,111,104,91
228,519,493,339,89,143,134,108
332,759,722,530,105,184,173,137
275,617,584,422,98,127,116,89
287,698,654,442,92,140,125,101
243,554,524,380,96,139,125,96
252,602,570,390,70,105,95,77
213,537,512,342,94,161,155,119
205,559,526,388,82,119,111,90
322,863,829,630,87,126,121,93
241,556,532,363,63,76,72,65
288,784,745,571,78,107,99,87
288,725,688,488,81,85,75,60
312,821,790,576,109,159,145,119
250,644,624,444,87,120,114,100
279,645,617,457,73,95,89,72
307,729,698,496,76,115,106,83
242,541,512,356,89,146,139,103
176,426,415,269,85,106,100,74
277,699,668,471,85,132,121,97
271,659,621,427,92,128,119,92
305,801,775,585,84,108,103,81
278,657,623,460,73,104,96,76
255,692,670,472,85,126,120,92
306,724,678,485,67,104,91,81
240,582,560,382,77,94,85,71
251,618,590,437,96,140,130,103
211,530,509,341,87,113,101,83
220,549,530,396,80,141,135,108
293,751,724,524,66,84,78,64
260,575,541,376,82,109,101,86
240,532,502,352,85,147,140,108
253,604,578,415,79,104,93,84
232,673,644,479,80,101,92,73
250,633,601,413,84,114,99,88
268,569,541,403,95,119,111,95
327,761,732,513,79,101,94,78
280,677,644,479,69,93,85,75
338,895,863,636,77,113,109,85
254,701,679,491,120,188,177,144
320,808,779,567,83,131,123,102
263,698,669,478,73,115,109,92
291,702,666,521,87,104,96,75
232,568,540,378,78,106,100,86
292,581,556,431,83,102,96,76
331,761,725,549,95,169,159,132
175,370,354,271,81,105,93,81
328,830,792,575,114,184,162,127
343,939,898,675,74,109,103,89
242,703,682,485,103,171,163,112
327,809,763,549,85,116,104,87
316,813,785,596,95,159,153,113
238,515,483,330,85,123,116,91
268,619,585,430,102,130,116,93
267,687,659,481,108,164,154,125
190,420,398,286,94,177,166,108
262,701,677,494,96,109,97,83
209,526,500,357,84,114,107,82
339,795,761,561,73,122,111,95
283,767,727,531,85,151,139,104
258,701,667,529,88,130,123,104
254,597,561,388,82,98,91,77
274,673,640,446,94,162,158,116
304,753,727,506,108,168,157,123
270,667,633,473,90,103,94,76
284,691,662,478,100,164,149,110
275,594,568,440,95,153,142,110
360,884,848,649,90,114,103,89
288,725,684,499,71,107,101,81
278,702,669,506,86,104,96,86
294,733,696,517,98,152,138,120
297,637,604,434,84,119,113,93
326,840,807,592,113,168,163,137
197,456,440,296,100,180,168,126
241,719,696,522,110,156,143,112
331,729,702,531,65,72,65,61
207,504,481,352,79,158,149,114
267,679,648,484,82,104,92,69
286,718,691,492,99,169,155,129
347,867,826,614,90,118,110,77
362,850,800,590,95,170,160,125
299,714,678,496,93,136,127,98
317,816,778,589,82,117,108,86
313,775,747,533,88,137,123,87
311,807,781,604,69,78,65,63
325,761,725,520,67,91,84,73
310,731,699,522,97,155,142,120
223,515,491,336,94,157,147,118
269,681,646,488,81,139,130,100
276,815,781,607,77,111,105,81
307,826,782,603,76,112,104,79
294,734,693,529,109,176,159,141
264,604,580,434,87,136,127,97
294,706,675,496,70,125,114,74
296,818,782,616,78,119,107,91
307,882,853,628,76,113,101,81
295,717,688,516,108,187,181,136
281,784,738,546,87,113,106,79
259,614,588,416,97,136,126,99
265,639,615,436,93,138,129,90
272,625,594,430,117,156,139,122
323,835,803,617,106,194,179,147
230,520,493,382,74,102,89,83
283,779,753,567,95,158,140,121
264,665,640,479,105,162,151,116
267,704,680,499,97,153,134,123
293,816,784,609,104,142,127,98
351,852,818,612,91,135,128,106
234,541,512,373,84,132,123,97
285,791,766,563,101,179,162,131
231,593,570,405,115,183,174,128
272,689,665,478,114,183,167,139
274,746,716,532,114,139,124,104
245,620,584,443,90,118,108,89
345,848,811,583,105,156,143,119
263,651,630,458,57,75,64,61
273,713,676,504,74,109,100,92
286,807,783,564,95,145,135,105
276,663,641,448,101,144,136,100
265,630,592,417,96,162,147,108
222,527,499,363,89,135,123,92
276,677,649,471,82,123,112,87
204,497,465,362,97,118,113,92
273,736,706,496,95,150,136,109
283,692,664,478,75,98,90,85
298,768,733,576,73,118,112,83
305,702,670,509,105,183,176,131
265,715,686,547,92,150,134,103
256,683,662,474,80,117,107,84
334,798,749,545,91,122,113,89
292,760,730,526,90,124,113,91
291,769,735,552,74,86,74,68
281,742,712,525,98,126,115,103
229,684,657,480,75,93,84,71
276,573,553,372,89,135,127,105
306,843,805,605,100,178,166,128
260,558,521,400,85,125,107,93
268,658,624,464,76,92,85,65
265,708,689,504,98,148,133,114
311,711,685,483,97,135,123,104
191,424,396,247,92,137,130,107
296,668,634,484,98,142,132,105
290,753,721,538,98,142,132,117
268,731,704,535,90,149,145,108
257,685,652,467,77,119,114,95
250,588,568,391,57,65,54,48
241,672,640,462,71,115,105,92
299,761,732,529,103,148,138,106
229,548,522,357,105,157,146,120
287,602,566,428,104,171,165,132
244,648,626,452,74,111,102,85
241,619,586,427,68,109,99,75
278,630,604,441,73,91,80,81
295,746,712,516,102,140,136,100
253,627,593,416,71,104,94,84
225,567,547,382,81,94,84,75
355,906,872,652,78,98,91,80
204,506,485,336,97,151,138,109
311,763,732,554,89,155,145,107
318,862,821,603,93,114,108,87
260,593,565,412,86,138,133,117
216,471,451,329,96,147,134,115
262,647,618,438,88,137,128,89
248,758,734,547,121,185,174,133
273,707,682,532,76,117,112,89
318,752,721,553,104,153,139,105
238,642,613,478,84,100,86,64
264,630,603,428,93,173,162,137
266,633,605,381,84,131,122,110
228,547,520,374,84,126,115,95
263,697,673,487,83,125,116,104
270,654,629,498,92,183,170,132
320,757,721,556,78,111,103,89
313,811,775,563,83,120,110,85
257,635,599,412,98,144,136,109
252,691,660,478,86,126,113,98
250,586,561,397,112,173,158,139
275,732,695,535,110,180,171,131
288,740,708,527,108,174,163,122
210,560,531,368,56,68,55,57
249,626,598,425,88,104,90,76
247,624,590,437,97,128,118,86
271,590,567,423,83,122,117,100
237,532,509,376,68,88,82,72
179,460,437,290,89,159,148,125
267,705,667,524,83,105,95,81
322,786,748,565,110,205,197,167
386,943,900,672,70,83,79,70
200,548,525,371,101,116,100,85
262,599,565,409,114,196,187,140
286,719,674,483,80,118,112,93
232,663,639,463,91,115,103,92
268,665,630,495,85,129,118,110
256,618,587,404,100,134,126,90
302,835,810,624,116,181,171,134
253,632,612,442,108,154,143,109
266,652,628,458,83,122,108,86
231,520,490,366,80,103,93,78
207,450,436,296,78,123,116,100
334,917,878,655,82,123,112,94
242,552,535,366,107,140,129,100
235,593,559,410,98,129,118,95
299,685,660,459,71,113,104,75
272,631,606,432,64,80,69,68
298,666,625,443,72,102,96,80
305,821,790,587,118,162,143,121
276,608,579,407,57,74,70,58
248,524,497,335,79,113,107,88
282,667,639,464,86,122,105,90
279,660,627,440,101,128,113,88
261,619,585,393,86,151,137,125
332,852,811,639,102,135,125,93
260,661,639,483,86,110,97,78
283,716,685,503,85,112,104,86
228,528,495,377,102,163,156,127
348,855,810,611,76,107,99,89
265,614,591,440,98,125,119,100
250,582,558,430,76,113,102,78
282,670,648,456,90,117,104,91
288,610,576,400,68,86,81,68
291,756,724,548,87,104,94,77
207,503,480,376,69,127,113,97
193,480,465,326,85,137,126,100
301,675,648,464,76,127,120,94
314,783,747,533,89,122,107,90
207,598,573,395,69,110,104,80
268,667,631,436,95,172,158,126
322,731,690,503,87,111,102,89
311,776,740,573,68,91,82,68
283,590,567,402,102,156,147,115
306,856,825,625,102,129,117,96
239,676,654,464,83,109,104,85
340,808,768,567,110,187,176,126
277,719,692,501,85,129,118,96
202,509,490,324,69,97,87,76
252,598,573,431,102,151,143,112
289,736,706,535,113,187,175,141
263,627,601,422,55,73,68,59
243,587,551,369,114,186,176,138
288,779,755,563,80,111,101,81
259,602,562,381,73,108,96,88
295,851,811,616,99,145,132,108
248,596,564,407,61,93,84,65
219,430,407,291,88,118,110,90
212,525,495,338,68,93,82,68
223,454,420,275,94,148,145,102
317,862,828,627,93,135,127,97
247,613,583,386,102,154,140,107
282,670,632,429,104,176,167,130
292,632,605,420,88,141,127,112
275,690,670,481,81,98,85,71
297,698,660,494,78,135,128,106
271,689,653,482,82,161,156,127
248,656,626,477,108,155,146,117
246,662,630,441,92,102,95,88
298,744,696,507,81,120,107,84
324,820,779,584,71,100,89,80
289,768,740,544,93,158,148,106
347,757,714,531,78,108,100,79
254,543,514,379,98,150,134,108
210,447,420,298,73,91,84,64
275,678,643,441,84,105,98,81
343,841,811,580,76,94,85,78
303,736,694,507,101,175,165,125
296,750,703,532,87,146,137,114
236,532,502,363,91,165,157,113
257,548,526,397,113,219,203,153
252,719,696,494,76,108,94,83
237,597,573,432,103,140,125,108
324,853,814,595,97,136,126,105
303,773,743,538,72,113,106,84
282,714,689,488,74,128,120,88
236,573,548,441,128,189,173,129
289,714,682,490,101,127,115,87
226,552,524,356,80,101,94,83
311,865,827,619,115,156,143,113
237,605,573,419,120,210,198,162
286,658,632,440,75,111,105,77
323,729,689,490,85,128,120,103
279,666,625,451,75,112,100,90
270,706,677,479,103,151,139,117
259,598,570,432,102,160,150,112
274,676,639,476,81,131,122,90
318,826,780,574,80,139,127,121
286,806,776,584,104,132,123,93
293,659,622,503,73,93,84,64
303,708,673,514,111,175,158,135
338,761,725,528,77,114,101,80
279,653,616,420,107,140,127,94
278,637,608,418,99,139,132,106
284,722,691,534,95,176,167,124
307,870,835,628,91,139,129,97
250,672,636,469,121,160,143,120
280,694,656,488,94,121,107,90
299,697,653,475,85,133,121,105
338,836,787,583,99,142,132,108
285,687,660,488,109,154,139,116
265,746,722,511,89,127,118,91
248,716,681,508,75,110,99,90
300,707,670,472,82,114,108,78
286,575,546,376,87,132,124,105
263,605,577,415,103,164,152,127
236,628,607,426,100,155,134,110
271,667,642,441,84,110,98,84
291,626,605,408,74,111,103,85
334,765,731,531,73,89,79,62
332,780,750,578,86,128,118,100
325,798,751,563,103,223,206,160
319,649,620,474,70,101,98,78
291,633,595,407,104,156,146,105
285,685,649,468,79,125,117,101
336,800,760,568,105,134,120,91
284,646,618,434,94,134,125,100
308,762,720,541,97,125,120,89
267,590,566,414,96,149,137,94
309,828,796,602,86,128,114,97
187,414,401,298,75,96,90,70
318,722,689,507,95,147,139,116
268,582,556,413,89,119,105,87
341,821,778,598,81,123,114,95
246,676,637,463,105,192,183,129
276,710,678,472,99,182,171,131
321,839,807,604,77,101,92,82
257,613,575,428,97,162,152,124
292,772,739,537,74,96,91,74
212,464,443,298,104,187,176,135
259,624,603,402,97,116,101,89
232,567,544,391,74,111,103,72
283,755,721,506,90,161,149,127
215,486,459,345,110,176,159,138
326,744,705,515,114,171,157,124
311,793,754,552,119,192,181,122
264,605,576,422,104,138,127,100
308,751,732,538,58,77,72,63
302,696,651,465,86,149,135,115
273,710,672,501,57,70,63,58
377,936,901,652,84,95,89,71
345,808,759,571,63,94,85,81
282,717,685,506,60,71,67,52
224,551,521,375,99,160,145,113
342,800,764,580,89,116,108,86
287,717,684,518,99,149,134,114
236,754,730,542,131,184,168,134
298,721,676,487,93,151,137,106
301,659,623,443,88,158,146,119
311,673,648,489,73,115,102,87
253,673,642,463,78,123,115,93
285,693,660,469,88,153,143,108
341,901,872,652,91,172,163,130
269,716,691,501,94,132,122,100
209,530,500,349,78,136,128,97
317,786,753,553,91,144,135,116
301,728,678,493,79,132,126,112
158,340,320,240,87,152,140,111
321,900,876,651,106,147,128,111
250,547,517,381,88,153,141,108
297,726,695,512,127,228,220,169
249,661,633,445,89,125,114,95
286,749,719,521,94,158,143,111
254,674,645,453,107,149,137,111
294,722,680,498,51,81,72,68
315,806,766,569,100,142,128,97
225,539,511,353,78,107,97,81
271,656,634,447,73,112,107,90
261,634,605,440,81,118,111,93
323,709,661,482,88,146,133,114
286,616,580,416,77,124,117,108
253,627,593,432,71,98,93,78
317,837,806,587,87,124,117,95
292,672,635,497,101,179,166,129
279,752,722,523,82,125,120,96
288,781,743,563,101,129,123,94
254,653,626,448,84,106,97,74
247,585,556,391,60,91,85,73
267,658,625,439,92,116,111,86
170,435,406,283,83,108,96,80
340,809,761,543,82,125,116,101
345,894,856,638,68,81,68,56
304,781,750,556,82,121,111,85
248,538,507,331,116,167,149,118
276,658,626,463,96,155,147,108
312,787,753,547,87,124,115,96
325,777,749,576,72,84,73,63
259,607,587,423,102,146,131,106
346,789,750,529,84,129,121,94
315,753,721,551,102,133,125,99
287,738,700,516,117,189,179,137
266,687,652,483,77,112,103,84
281,715,685,497,78,96,93,69
319,829,796,602,102,155,142,124
290,562,517,369,89,146,136,108
250,524,497,350,83,101,87,75
221,566,545,400,87,141,130,105
258,612,581,411,90,136,128,94
301,761,734,524,106,168,155,121
287,621,592,416,78,97,88,66
235,613,582,427,83,127,119,103
290,642,612,417,74,100,90,81
265,652,624,461,69,105,95,70
329,839,808,614,101,139,125,104
299,746,715,521,83,120,113,89
192,477,454,322,98,163,147,124
278,685,642,459,94,123,113,94
298,655,624,443,100,137,130,102
214,617,584,437,84,125,118,93
251,621,588,428,71,91,87,74
271,643,621,453,91,114,103,81
261,546,523,358,92,122,112,83
272,732,701,499,104,139,135,114
273,686,655,509,101,147,142,109
304,740,707,505,63,115,106,89
297,634,603,423,99,129,118,101
324,854,818,607,71,118,113,86
287,743,708,527,81,130,118,93
233,643,618,445,90,142,132,114
301,745,718,524,94,170,162,121
232,562,534,374,65,100,84,74
186,440,421,285,122,179,162,128
320,675,652,431,108,166,149,124
363,1012,986,763,65,92,83,73
345,820,786,605,71,99,91,77
258,616,583,429,114,194,176,141
265,605,578,371,85,138,129,97
196,499,464,347,87,111,99,93
277,706,657,478,89,99,89,82
253,670,638,452,77,86,78,62
304,786,746,568,82,108,96,82
295,616,591,466,98,137,123,100
251,628,592,426,90,136,125,105
311,773,744,588,102,157,153,112
301,808,776,583,96,150,144,115
261,532,511,369,98,172,161,133
234,576,557,387,84,128,120,97
290,759,733,543,69,83,74,64
213,538,499,381,112,167,153,125
275,583,558,376,94,115,103,93
352,887,856,627,85,125,119,102
313,842,811,621,104,162,149,118
273,717,691,524,83,124,116,81
220,579,559,411,106,154,139,114
318,669,617,441,98,140,132,101
324,852,819,622,108,197,184,146
204,547,520,360,90,132,125,102
305,720,681,487,98,121,110,90
269,631,603,405,94,131,123,103
295,645,604,428,102,176,167,127
238,615,591,411,87,122,111,89
273,597,565,396,92,113,110,89
329,825,792,570,75,113,105,89
362,907,867,656,88,131,120,104
290,700,671,502,121,219,208,158
332,801,763,558,78,99,93,79
270,682,649,453,76,107,95,73
271,597,566,416,87,147,133,119
328,820,781,573,86,114,104,86
286,592,567,403,80,133,125,108
239,504,478,331,87,130,115,97
306,762,726,554,71,106,100,90
276,712,674,516,99,173,157,117
284,701,674,480,87,131,124,101
308,781,746,574,84,100,88,75
259,683,643,470,88,117,102,89
284,783,743,576,97,163,151,126
272,626,595,465,74,93,87,69
