612,590,415
672,643,489
798,750,528
830,791,591
703,671,492
781,751,555
778,743,564
533,500,345
877,844,638
700,671,485
732,701,516
821,788,587
774,754,578
660,638,453
654,621,438
632,601,422
690,666,494
783,752,553
620,588,422
666,633,436
498,473,319
767,725,526
691,664,459
736,699,497
682,647,483
671,637,447
826,789,571
492,467,350
634,607,444
555,519,367
864,833,656
675,650,484
530,514,340
640,611,423
824,787,565
523,498,359
641,607,460
575,539,406
704,667,466
706,679,460
681,649,451
555,533,363
668,636,467
721,691,512
582,547,387
721,696,534
694,655,478
651,614,433
916,884,643
589,561,417
821,794,594
535,512,345
869,843,615
596,567,387
524,495,364
491,462,362
801,769,579
847,808,632
699,673,495
722,685,488
573,553,420
750,717,495
794,767,564
755,724,547
587,559,375
632,609,437
819,785,566
515,492,378
756,715,517
661,624,475
814,785,566
661,628,447
819,783,588
836,792,590
539,519,353
723,688,485
657,630,446
765,731,522
667,639,450
656,629,471
730,699,521
579,535,389
654,622,441
668,636,447
629,604,430
580,549,398
613,587,403
643,614,443
655,617,441
760,726,542
769,738,525
802,764,570
601,575,421
865,833,608
786,746,562
563,540,403
814,784,587
610,582,433
502,476,328
593,561,382
722,690,493
577,545,376
637,601,427
481,456,346
626,600,450
724,691,527
621,593,424
754,723,527
616,592,433
670,638,452
456,435,298
614,582,417
521,490,360
482,455,308
826,805,585
725,679,507
662,635,448
495,465,381
642,608,438
979,938,707
733,697,501
602,577,424
711,673,489
484,461,313
802,770,570
583,555,391
725,689,528
809,772,570
835,797,582
541,513,344
769,725,530
727,690,542
633,598,419
510,494,363
808,762,572
566,539,366
694,668,525
577,557,374
802,771,573
599,573,409
625,584,415
502,476,316
806,763,584
650,617,470
686,649,477
629,597,433
769,735,576
547,521,376
709,685,506
430,411,272
659,627,462
765,727,538
660,628,465
595,549,408
710,676,492
764,729,539
815,789,554
791,762,566
793,748,573
723,685,494
460,431,303
660,631,433
794,754,551
666,631,446
822,785,584
456,439,295
515,489,347
757,733,563
605,567,397
799,763,545
540,508,388
806,778,584
681,649,472
618,598,410
757,726,505
730,688,523
674,651,512
668,640,456
637,603,439
709,689,530
716,678,501
813,780,568
517,493,337
575,548,398
569,550,367
559,532,409
825,781,558
649,616,474
721,680,491
630,605,411
663,629,447
877,845,654
566,532,378
649,619,446
817,788,575
697,664,489
613,584,405
599,569,403
630,598,406
621,598,439
748,713,530
698,669,479
795,759,556
699,675,477
723,695,515
688,662,476
783,754,552
606,578,438
891,858,640
643,622,456
845,812,580
577,550,381
451,428,256
642,611,443
782,748,551
633,604,431
556,516,379
753,717,516
757,732,501
783,755,565
686,663,455
807,772,592
771,747,562
619,596,430
711,684,515
862,824,617
686,657,471
461,443,322
794,765,571
818,778,561
628,599,434
814,774,570
714,681,504
596,564,377
691,664,486
782,741,557
621,581,412
766,742,515
725,687,469
732,697,516
714,687,522
534,513,381
496,466,331
551,518,384
523,501,361
795,760,539
640,604,447
783,748,559
860,821,601
901,869,659
613,587,424
718,681,504
526,507,388
722,687,512
712,676,463
673,645,476
627,603,407
773,743,563
787,748,550
574,546,372
818,784,595
552,522,355
822,789,583
793,754,579
642,603,420
774,745,548
850,820,616
706,673,489
639,603,443
644,613,477
875,844,622
658,630,468
726,702,562
553,529,402
874,840,637
770,740,579
699,672,488
597,566,435
547,520,369
735,703,521
473,454,363
882,852,666
629,600,418
611,572,408
451,429,291
797,762,567
450,431,324
733,691,508
515,488,331
780,732,531
510,485,351
735,705,491
675,630,463
592,568,398
718,698,494
914,871,650
692,651,492
442,424,308
893,855,667
646,620,466
559,528,385
573,549,394
701,672,497
610,584,414
669,639,462
819,787,578
667,633,448
496,474,365
519,495,361
651,609,436
700,660,492
785,745,539
825,791,586
712,687,490
659,635,446
549,513,381
618,598,419
789,760,569
658,629,443
607,578,418
449,424,279
788,751,578
467,442,317
870,837,633
597,564,418
675,632,494
608,574,393
644,617,471
695,668,492
569,552,428
712,677,496
563,542,377
745,711,507
670,634,476
591,565,413
527,499,332
691,663,504
897,863,630
810,776,601
522,491,365
656,626,458
683,658,493
511,481,333
661,628,441
643,620,461
804,762,556
594,569,399
716,683,495
594,561,404
709,670,470
792,754,544
814,782,573
650,625,446
718,682,503
538,515,338
758,724,547
792,764,546
570,539,404
762,727,521
764,730,519
821,787,580
575,542,414
448,425,269
662,633,461
822,788,574
685,657,494
772,745,548
582,556,427
710,686,489
759,725,533
732,702,512
607,577,418
678,642,464
808,777,580
742,706,507
630,609,430
742,711,491
665,627,433
691,667,482
602,576,424
701,674,458
863,828,628
906,864,627
807,770,574
535,514,354
815,778,575
511,480,344
748,716,520
617,592,420
503,476,359
595,568,378
693,658,471
579,557,419
805,775,590
765,730,557
711,676,482
725,693,509
780,753,567
580,555,403
814,764,569
617,583,421
648,620,453
768,741,538
394,374,284
585,557,421
655,625,440
638,611,421
879,848,631
648,617,457
667,645,462
809,781,587
745,711,534
613,582,420
519,487,379
674,647,447
583,550,387
685,649,484
485,452,365
657,629,464
583,552,388
540,523,404
669,644,461
620,577,420
487,456,295
655,633,450
736,695,515
617,587,415
633,605,425
530,502,361
793,757,581
532,505,348
729,696,511
627,603,431
679,650,454
827,793,589
625,599,426
784,744,538
933,903,671
750,726,527
653,628,457
671,643,471
544,518,367
653,625,444
526,503,392
667,630,443
574,548,387
709,670,472
748,723,511
859,814,624
663,636,455
859,832,589
698,662,497
576,552,391
820,770,549
572,539,395
556,521,397
847,812,638
591,562,419
445,414,274
750,723,548
746,708,525
631,602,409
621,594,430
424,407,291
642,612,432
711,673,493
590,569,412
686,649,491
692,659,479
746,711,498
677,646,457
636,605,429
702,669,491
613,576,410
657,637,457
447,429,296
673,643,436
501,482,316
685,663,463
714,685,495
533,509,355
673,646,445
766,725,535
635,604,426
820,789,577
554,529,388
346,326,225
749,723,543
627,600,476
758,726,559
799,766,559
817,778,557
512,490,344
449,432,299
609,582,415
713,677,515
867,829,615
642,607,424
533,507,360
834,797,617
708,681,535
677,644,457
503,482,347
724,693,522
547,528,379
472,449,338
521,494,338
694,664,483
711,676,480
788,766,570
727,692,510
664,638,463
606,586,445
605,578,436
369,344,257
686,654,489
527,495,358
697,655,466
854,809,634
619,581,417
626,588,408
792,766,572
703,679,479
758,727,543
584,557,407
715,690,489
714,683,530
770,737,548
723,678,509
507,481,330
544,520,365
603,581,453
635,588,421
512,491,383
651,634,436
601,567,409
745,717,519
840,800,606
855,809,591
791,759,590
872,828,610
752,717,512
688,653,514
509,494,331
824,773,571
857,819,615
823,780,591
807,771,571
530,511,360
585,560,415
693,661,478
632,599,431
597,561,409
708,672,501
804,768,583
772,734,540
735,699,528
862,810,629
614,581,409
864,827,583
611,584,413
657,628,438
639,608,429
814,787,571
806,775,577
633,607,445
836,799,575
717,669,469
707,680,503
660,630,447
863,839,635
617,590,404
657,631,450
585,565,386
560,534,388
734,692,490
820,789,597
733,702,547
588,563,398
468,451,332
824,793,574
578,541,393
740,711,547
532,515,354
602,569,398
491,463,296
674,646,455
744,705,516
661,633,454
791,761,551
723,697,510
642,606,413
595,565,405
511,471,354
454,435,283
800,761,556
651,622,449
623,602,458
547,518,397
727,691,495
791,755,546
729,694,496
629,605,422
647,620,429
695,653,471
703,667,480
548,511,370
587,562,403
617,593,454
827,784,589
491,469,332
621,584,400
673,637,467
529,507,381
759,727,530
710,677,514
890,853,624
582,552,403
858,828,614
633,605,428
695,660,472
468,437,328
815,790,577
801,773,579
756,714,538
751,719,516
618,594,426
707,669,471
569,551,400
881,854,633
698,666,484
693,663,485
685,657,456
569,543,418
900,864,630
568,543,353
572,549,400
626,607,427
811,780,552
585,558,399
738,694,504
758,732,533
760,734,536
701,672,486
754,716,504
687,649,476
829,793,584
572,547,406
744,707,502
818,785,570
894,860,623
756,727,522
874,836,635
465,452,314
839,814,579
684,656,493
696,660,486
680,650,480
575,545,363
556,541,384
894,844,633
608,574,408
770,745,578
739,712,505
510,491,327
631,609,440
815,762,579
803,769,562
779,748,572
725,686,501
650,612,449
555,531,376
642,614,473
737,711,528
778,747,545
586,546,387
633,586,436
632,596,445
777,752,558
604,575,432
456,432,306
702,675,481
696,657,462
897,847,631
736,704,544
547,527,359
559,540,388
613,584,418
712,682,499
521,498,368
366,353,220
559,532,371
630,599,435
730,693,495
608,578,422
737,709,504
808,785,598
551,533,367
677,651,487
707,677,510
691,669,480
823,785,588
812,778,588
681,650,442
732,706,519
546,515,389
609,586,419
528,504,364
644,617,465
530,505,363
829,802,599
654,637,485
622,585,413
762,727,588
648,619,431
682,641,439
589,561,389
620,594,418
860,832,602
783,750,558
643,606,441
564,536,420
619,593,432
776,749,558
833,803,599
692,658,477
716,681,503
550,536,397
808,776,570
581,554,393
807,769,589
821,788,595
607,584,410
633,610,439
693,668,493
544,517,356
715,690,509
824,780,582
604,577,420
690,666,474
461,431,278
766,728,535
748,712,522
572,547,385
716,689,501
807,776,575
668,639,436
695,663,481
755,723,534
698,668,498
705,679,471
584,558,446
746,699,503
676,651,494
682,655,500
746,718,533
795,760,555
642,613,427
787,757,545
615,584,408
725,702,523
848,818,594
815,767,559
444,424,286
590,570,415
494,470,319
599,583,420
636,601,433
856,834,664
540,517,368
814,780,588
610,586,429
803,773,574
778,738,548
538,517,382
810,774,583
742,705,507
826,798,576
621,598,436
683,654,503
806,776,556
689,657,475
601,558,399
651,625,452
864,823,607
580,559,400
827,792,580
872,825,614
656,625,462
824,793,582
805,766,584
660,636,458
799,770,536
951,912,669
455,437,288
661,631,442
573,553,393
832,808,629
659,625,439
618,587,415
818,781,593
667,634,451
554,531,376
818,786,590
740,711,514
793,764,582
585,559,392
690,663,496
613,591,446
779,741,550
693,661,468
730,705,517
677,647,506
562,528,375
882,840,644
741,702,512
845,798,609
643,614,444
659,642,475
450,421,289
471,445,301
647,623,429
473,453,327
774,744,534
645,618,448
843,808,592
736,703,530
653,629,464
471,444,315
635,609,451
667,642,484
780,754,551
736,712,540
809,776,580
630,605,431
612,581,405
676,649,467
702,671,464
616,587,443
673,647,448
641,617,445
640,612,465
914,870,664
645,623,441
790,746,556
587,560,384
776,745,540
782,747,557
576,555,408
598,562,406
781,747,559
565,542,408
844,813,614
790,755,563
969,929,715
701,662,495
511,486,314
596,560,405
723,689,496
797,765,572
661,635,462
664,632,448
735,702,513
551,521,372
633,602,427
667,635,473
665,637,485
542,513,372
915,876,648
702,668,482
597,555,393
662,628,473
778,747,540
603,577,388
833,797,596
664,633,447
656,617,465
490,474,333
667,639,476
680,647,495
759,720,543
657,628,459
770,734,552
429,411,271
880,856,630
695,672,477
721,689,499
668,643,457
892,858,651
675,641,474
661,636,453
554,522,375
598,569,405
765,736,550
705,677,503
579,548,380
791,751,584
541,517,389
622,587,416
655,628,465
548,524,375
544,511,357
828,787,584
909,876,681
553,528,404
786,749,540
871,830,606
825,805,601
622,591,476
824,792,584
833,796,586
861,821,590
707,681,496
671,630,462
616,582,414
565,535,377
891,851,637
500,469,351
810,777,584
980,937,715
642,608,429
901,861,654
487,448,328
729,692,508
652,633,460
786,751,585
628,600,417
477,449,311
588,552,390
742,699,524
818,774,579
584,551,397
591,565,434
676,648,472
736,695,539
666,624,455
812,783,566
788,757,568
847,809,575
626,595,457
888,854,678
617,588,401
727,691,529
560,530,383
694,666,490
690,659,495
733,695,536
752,711,507
650,620,428
755,728,525
819,791,555
663,634,446
434,410,296
531,507,368
569,534,375
649,606,454
546,512,389
728,693,471
818,776,582
609,581,429
872,838,619
738,718,532
738,709,525
874,841,617
614,576,387
618,589,432
607,585,466
731,692,532
925,878,644
600,574,397
678,646,495
529,502,376
818,794,573
721,687,500
467,444,306
666,647,456
682,652,509
654,620,439
898,861,636
830,801,596
619,594,423
586,560,419
790,754,574
689,664,487
822,786,566
665,618,440
742,707,536
658,624,470
527,497,345
693,657,472
700,671,482
572,547,402
652,621,443
762,736,549
581,549,383
709,685,510
722,696,542
493,468,315
741,701,528
787,752,569
696,660,496
664,641,461
769,744,564
942,912,685
672,649,468
621,586,406
846,807,594
836,796,598
624,600,440
562,524,365
914,880,669
663,631,450
806,772,552
883,851,623
548,517,381
570,540,392
756,722,547
805,754,557
657,629,450
585,559,404
663,623,450
482,457,318
662,634,466
667,640,467
605,564,416
828,792,584
444,426,279
799,760,570
736,708,503
675,641,475
761,723,510
618,595,435
842,815,583
669,641,453
636,597,411
600,582,411
577,553,390
692,661,488
673,647,475
624,605,473
670,638,488
663,631,453
706,664,505
729,694,554
571,553,391
772,729,554
898,862,625
745,714,494
900,865,633
728,702,495
715,691,508
600,570,442
554,529,359
723,696,512
696,664,486
606,578,424
712,689,474
645,618,427
740,699,519
523,501,350
682,643,473
516,496,341
559,533,379
628,598,432
573,534,387
636,600,409
702,674,489
444,409,290
899,856,618
881,841,611
608,575,374
893,861,630
566,535,403
464,436,318
520,487,347
889,846,662
790,757,550
636,604,433
612,581,416
592,558,412
796,766,551
709,671,511
550,522,371
700,665,467
562,540,370
770,746,586
766,742,573
561,531,371
594,564,409
732,698,518
628,588,414
774,740,555
464,442,319
641,611,437
687,657,463
597,568,396
761,727,556
775,743,552
604,584,429
601,580,410
615,593,422
847,813,632
666,638,440
631,589,429
632,610,454
663,630,440
730,698,497
799,765,564
678,640,468
647,623,440
905,873,669
660,628,470
749,702,563
677,634,461
910,876,660
456,431,314
762,731,524
840,810,631
884,843,629
738,713,548
884,848,629
796,774,562
854,820,615
855,821,617
509,483,343
840,804,612
533,509,386
549,517,378
728,686,520
439,415,293
778,740,584
612,583,390
737,708,509
583,557,400
767,726,540
618,590,414
804,767,561
709,684,497
771,731,556
670,636,459
650,619,449
664,631,455
777,739,560
686,653,470
599,578,401
745,716,515
468,442,328
811,780,573
704,671,493
685,653,473
645,612,422
777,740,518
639,614,440
694,662,463
929,894,667
461,441,292
669,634,495
322,306,234
536,506,386
892,861,665
675,647,447
657,620,470
810,779,585
843,808,596
592,566,394
597,560,390
699,673,492
726,693,488
643,603,433
743,711,526
675,651,464
588,559,420
804,774,583
787,755,565
749,713,544
565,546,394
796,750,551
803,768,543
849,819,596
742,707,509
688,660,487
684,656,448
655,623,480
691,655,512
663,645,453
752,731,551
538,509,388
496,472,339
479,461,311
490,462,331
716,682,502
788,755,547
651,625,460
647,621,420
725,679,485
828,791,571
708,679,485
622,584,413
740,712,533
732,699,506
632,599,410
502,480,322
762,721,509
856,812,601
836,806,591
557,518,375
570,543,381
579,557,396
794,761,564
826,790,578
634,606,442
644,625,458
724,693,490
655,623,460
746,717,519
732,696,501
651,616,447
758,722,523
698,661,513
516,494,348
561,535,376
649,621,435
597,570,417
633,604,414
583,550,386
575,548,379
686,652,495
663,641,457
648,625,420
869,828,627
675,651,493
752,712,515
911,861,617
736,698,517
835,808,581
765,732,542
741,703,533
600,568,394
690,666,468
527,509,356
807,769,575
551,518,401
672,644,480
679,647,479
825,798,614
774,732,536
680,635,472
759,731,550
629,601,426
439,416,250
751,712,513
666,632,502
680,645,461
601,573,415
651,626,437
655,618,442
471,443,295
764,730,556
671,629,447
766,727,531
567,524,374
543,517,417
813,784,556
723,700,525
646,624,463
633,609,480
834,795,602
626,602,460
697,665,486
784,748,565
603,566,392
763,736,539
750,706,517
707,668,469
646,621,454
532,503,354
726,686,485
764,726,537
874,846,629
761,726,529
733,699,499
588,566,393
686,659,490
652,620,452
547,521,357
621,599,435
799,768,561
507,487,344
727,696,511
777,735,530
803,770,578
808,771,607
637,618,470
584,558,420
719,684,511
885,843,651
786,747,541
713,680,493
709,681,489
899,860,628
802,767,585
744,718,573
636,589,422
608,574,429
762,740,554
683,655,507
886,862,643
935,901,681
608,572,411
691,667,459
607,570,389
641,611,449
816,790,606
468,446,323
833,802,599
805,766,554
639,604,447
615,585,441
769,739,552
624,604,428
664,630,454
528,503,371
667,643,469
621,588,423
824,782,580
694,670,484
603,574,437
735,703,540
694,665,486
505,486,363
745,707,538
894,863,649
678,648,466
408,385,277
663,632,440
674,647,455
649,626,440
645,617,440
611,582,431
720,682,502
698,668,516
787,755,531
610,587,437
765,720,534
842,811,601
792,767,574
638,595,443
705,669,504
710,678,468
739,699,535
473,452,300
852,822,604
671,635,473
695,661,517
502,476,313
733,696,506
741,706,536
557,528,347
637,610,438
547,523,381
509,482,350
425,403,301
592,564,395
611,577,412
787,746,539
698,652,499
573,557,359
833,810,594
493,472,323
633,600,437
723,695,537
546,517,385
786,753,552
625,595,433
759,737,554
695,657,467
779,740,546
814,781,578
500,479,364
736,709,492
795,760,570
656,631,457
787,755,564
292,274,189
557,533,403
844,805,612
628,591,432
708,680,499
812,776,544
854,824,606
662,633,456
576,547,379
785,754,581
749,712,489
714,683,555
642,619,448
746,714,539
817,777,587
687,659,493
763,742,532
675,638,494
679,649,489
642,610,429
459,436,320
747,712,528
583,555,388
724,679,475
593,567,410
791,764,561
812,776,575
867,832,627
793,765,560
827,791,594
683,655,480
775,732,545
612,582,412
722,678,490
795,766,573
652,623,448
632,601,442
803,771,585
635,612,409
642,617,463
665,637,459
761,721,489
777,731,529
608,583,405
721,695,511
876,843,647
646,626,460
616,592,440
672,639,467
877,850,623
848,807,593
614,583,411
547,525,374
804,770,567
932,886,657
800,764,569
745,717,512
850,820,604
612,588,414
716,678,492
678,650,462
772,738,558
921,878,651
390,374,249
524,497,332
774,750,543
751,716,503
596,570,393
581,556,433
561,542,369
689,660,451
821,793,574
625,613,457
702,659,472
777,744,561
575,541,383
634,607,424
773,749,559
685,646,473
619,593,420
720,681,464
834,796,578
645,615,458
656,625,447
618,596,440
515,490,342
507,481,333
613,582,424
733,698,534
841,815,604
703,676,524
640,612,481
680,641,484
687,654,504
613,592,425
877,837,638
755,713,520
778,740,558
843,812,606
590,561,406
667,640,465
797,762,570
640,617,424
700,661,488
727,689,490
693,659,475
916,886,643
542,517,375
516,492,339
632,609,457
592,565,420
658,634,427
783,755,578
615,585,424
526,496,363
772,749,566
505,479,335
620,586,432
753,725,541
588,556,404
654,627,457
745,701,532
817,791,569
594,565,448
645,613,440
818,776,558
781,749,538
764,733,530
816,783,589
612,577,408
554,521,374
744,712,532
878,840,638
755,712,549
663,640,431
647,603,413
806,781,597
450,434,304
426,400,270
500,479,328
574,550,382
730,697,560
703,677,526
599,582,428
772,740,550
728,695,509
646,617,433
810,772,600
521,494,333
644,605,485
928,890,690
619,589,407
814,782,600
566,534,376
797,760,565
719,684,493
565,542,371
477,446,306
598,567,433
665,640,444
608,579,401
589,547,409
814,797,596
714,695,562
814,775,566
779,742,514
657,621,465
838,803,582
462,436,292
774,737,541
671,637,460
709,677,484
637,597,427
919,896,690
708,681,491
658,629,449
514,491,350
678,652,516
641,605,426
833,809,599
676,650,478
684,645,471
679,646,470
624,592,434
806,775,568
670,642,472
817,786,597
584,563,445
647,616,464
495,464,309
874,836,634
486,467,339
932,899,654
886,844,648
699,674,521
834,794,610
757,718,520
633,599,447
594,565,414
652,625,454
688,658,514
574,536,380
826,796,618
625,597,445
605,576,413
579,544,391
706,668,493
670,647,463
565,531,388
751,720,528
764,722,533
620,588,432
684,652,451
599,575,427
637,606,434
852,821,637
528,500,350
577,543,388
792,758,542
463,439,299
629,597,432
652,623,477
645,591,412
654,625,454
895,848,651
774,732,542
734,693,504
533,509,360
770,739,526
537,509,349
525,502,360
480,451,345
536,513,353
616,589,404
677,647,475
669,644,446
857,816,615
551,521,374
740,704,508
795,766,566
503,483,342
631,595,418
674,645,486
507,481,351
587,558,412
612,590,433
675,642,477
479,463,312
646,618,427
574,546,401
645,619,453
575,550,379
520,497,384
799,767,571
569,546,412
723,690,488
734,696,504
614,588,446
709,677,500
539,517,353
780,743,560
649,623,433
572,554,383
615,575,426
822,791,594
512,476,350
701,673,464
670,635,455
488,461,312
670,637,480
542,514,372
797,767,584
656,634,466
692,668,475
536,508,365
659,629,451
596,563,382
543,510,386
628,606,424
863,821,632
488,462,291
651,609,437
719,675,491
597,567,442
741,705,508
567,534,362
688,657,470
488,469,319
695,669,484
659,614,454
642,607,450
673,647,464
754,717,538
489,458,324
728,697,492
780,752,567
761,729,544
626,608,428
850,809,592
803,766,563
617,593,434
563,533,406
716,675,506
586,561,386
525,501,382
634,613,441
640,621,441
706,680,479
673,636,455
734,703,520
760,724,541
829,792,562
774,744,559
693,661,483
556,540,401
761,735,532
511,488,372
787,750,563
651,624,416
645,615,450
557,527,375
789,755,570
691,658,453
738,703,504
599,568,385
657,629,457
757,729,526
689,664,473
879,836,611
576,538,392
658,633,483
589,563,392
831,800,591
719,690,514
606,581,436
446,416,314
793,754,560
713,675,507
514,495,343
644,612,431
680,643,464
882,850,646
803,769,572
684,655,476
695,665,512
781,735,514
769,740,559
514,491,359
654,614,471
676,648,455
781,753,571
749,713,548
568,535,386
635,601,454
630,599,448
647,624,433
525,493,336
548,527,401
528,501,336
706,670,501
613,583,404
673,633,435
833,801,605
454,436,303
590,567,420
842,805,607
635,606,448
909,873,658
801,759,565
615,587,428
596,572,408
580,555,425
690,657,479
731,697,523
668,646,476
758,721,510
604,583,395
840,801,584
797,762,561
794,762,588
692,656,493
813,780,551
806,757,546
722,680,492
625,594,440
532,503,328
553,523,360
733,687,532
638,613,479
773,738,531
813,779,575
650,617,437
683,648,465
622,595,433
650,627,437
613,580,415
595,566,412
763,729,533
813,783,537
505,481,340
558,539,368
728,698,516
665,640,489
780,745,532
619,581,407
496,474,332
832,798,578
712,665,456
858,808,560
746,705,498
612,587,457
697,652,487
710,677,522
661,626,455
560,534,395
490,460,341
763,738,529
748,715,535
801,757,574
539,518,381
664,637,464
604,585,432
636,605,455
537,506,348
701,678,476
760,722,523
611,578,416
578,549,409
565,540,400
742,711,516
716,687,488
847,817,605
582,550,378
635,601,405
608,582,399
642,622,425
805,774,537
640,606,437
702,663,476
772,731,544
607,580,416
671,636,459
628,604,419
667,634,471
770,730,530
833,784,566
668,630,483
780,751,543
675,644,457
786,748,557
750,714,521
502,477,331
814,777,590
781,743,554
812,776,566
741,709,521
866,831,622
497,462,340
514,490,343
616,586,389
692,669,471
736,695,532
799,776,584
687,655,496
604,579,400
616,588,416
789,763,557
602,577,405
889,863,639
702,667,491
553,525,388
866,825,638
462,430,332
616,580,409
624,602,437
615,581,416
847,808,606
802,769,588
720,688,509
633,607,444
620,590,417
740,712,509
573,554,395
497,476,334
641,617,417
477,450,318
705,667,509
642,609,420
750,721,500
628,590,443
717,701,518
668,631,482
568,544,389
745,706,532
640,607,469
700,673,514
682,648,490
840,814,584
654,621,445
643,602,424
697,668,487
709,671,491
558,521,362
760,725,533
695,659,483
712,687,540
630,608,440
739,709,526
712,681,473
751,719,525
622,597,432
785,739,569
745,711,569
517,496,357
700,670,486
434,407,300
809,775,601
862,831,628
843,810,611
819,780,584
859,820,606
829,800,589
926,897,682
764,727,532
769,735,549
701,666,469
862,835,631
581,553,418
693,656,464
672,643,470
592,561,389
702,674,464
617,595,414
652,619,457
621,594,426
668,638,497
623,597,447
592,560,391
719,680,509
686,652,488
759,734,548
847,814,631
587,547,395
814,780,564
696,666,488
434,402,272
621,587,432
633,599,416
573,546,374
788,746,559
769,744,565
758,731,539
815,777,581
839,806,583
706,676,499
733,701,489
794,758,555
670,650,485
843,804,625
872,841,647
789,751,581
540,519,357
468,441,345
634,598,422
734,709,528
813,780,587
637,597,426
797,769,578
760,736,564
585,555,402
784,746,567
835,804,597
803,764,551
738,696,522
607,568,395
669,642,469
705,680,522
939,903,655
625,598,405
624,593,420
828,794,595
673,636,469
699,657,487
696,662,515
633,600,421
650,624,461
788,751,560
748,718,518
609,569,423
736,694,510
583,550,372
625,583,442
545,519,368
574,554,403
569,541,391
769,738,539
591,559,419
799,762,578
733,694,540
621,598,462
897,854,643
522,498,353
652,618,418
549,525,390
618,588,410
654,615,463
684,652,465
640,608,406
827,792,593
816,791,580
760,737,541
675,653,446
593,572,453
903,868,643
571,540,377
888,854,612
553,527,366
859,829,626
576,540,388
677,642,455
672,643,463
629,605,436
628,598,436
644,608,443
803,779,591
556,526,383
622,586,441
797,756,607
706,678,525
760,737,552
422,395,273
918,886,644
519,488,348
710,676,506
834,796,608
856,823,593
653,624,455
607,578,422
671,633,474
806,776,557
804,764,560
615,589,387
698,670,518
769,731,558
811,776,577
454,432,336
715,678,494
669,636,447
665,622,457
776,734,554
693,661,488
916,872,678
821,787,600
545,529,371
728,694,506
726,691,522
730,700,488
633,613,440
803,773,609
658,632,446
572,530,371
789,754,548
635,600,423
702,665,494
554,522,355
659,638,454
812,774,574
767,738,534
531,504,358
704,668,480
781,748,563
545,514,341
699,670,466
521,494,337
685,659,468
758,732,502
701,669,475
732,705,457
469,447,314
839,801,583
714,673,482
642,606,431
641,620,440
723,696,509
659,635,445
871,838,629
416,385,313
721,697,526
666,645,521
508,487,332
832,794,609
724,689,514
759,726,539
498,467,347
501,481,322
455,437,324
646,618,438
830,792,603
752,717,496
560,538,369
655,620,441
610,586,399
678,655,474
861,814,596
596,568,440
688,654,479
749,718,499
700,662,465
571,550,406
761,728,554
668,639,497
549,521,358
743,704,488
862,842,601
808,775,594
734,709,514
798,768,552
796,765,546
704,673,459
732,692,511
799,761,571
704,672,476
867,828,619
692,660,491
639,616,462
767,728,542
422,401,304
746,717,514
640,609,420
831,790,599
563,536,384
499,469,389
816,771,572
702,664,514
667,638,470
855,817,586
727,704,508
684,657,493
609,587,418
675,638,474
653,630,462
616,576,408
481,460,293
705,669,470
856,818,606
836,806,610
656,624,437
877,839,635
692,667,499
640,606,434
511,486,336
736,704,524
816,792,587
793,748,575
813,781,560
626,598,424
737,710,528
784,746,584
763,729,561
798,773,570
704,670,513
627,595,425
693,656,473
874,826,610
647,622,444
870,836,635
666,625,446
869,832,604
819,786,583
767,737,543
767,727,537
818,778,575
586,561,449
699,661,490
656,631,508
682,639,467
850,817,592
875,843,628
686,658,424
637,612,446
784,744,524
521,495,335
757,726,581
488,451,307
844,823,624
416,390,274
634,607,426
568,537,356
830,798,585
665,627,470
654,613,465
767,727,525
811,778,580
811,780,588
810,783,551
836,792,630
791,761,557
789,749,534
734,703,518
619,586,402
628,598,428
839,805,611
871,840,629
756,723,528
579,552,389
805,771,573
682,647,481
611,589,435
589,573,404
658,625,433
731,690,522
743,714,535
726,685,507
481,461,322
521,503,339
521,492,350
680,644,461
694,673,494
654,625,462
663,639,453
806,771,562
711,680,483
693,666,485
561,535,367
584,557,389
592,560,390
635,613,453
625,598,400
827,786,573
744,708,543
533,505,388
958,921,688
500,480,331
657,625,420
516,496,361
741,701,494
617,588,397
528,510,369
652,617,436
684,652,449
513,493,363
688,651,489
574,551,395
693,663,472
517,496,360
526,504,346
599,569,406
633,595,452
686,647,444
584,566,436
615,574,416
737,716,526
830,793,577
591,558,399
695,668,488
558,530,386
484,463,354
863,828,627
571,548,374
826,785,565
629,606,428
644,619,451
568,542,381
665,644,468
873,839,650
707,679,526
774,748,559
629,607,403
814,777,565
675,646,468
797,754,523
593,562,423
609,576,428
555,529,329
810,780,558
704,676,476
697,657,470
440,417,297
675,647,464
673,644,472
663,631,460
545,512,351
959,920,676
572,542,383
661,636,474
659,631,472
433,405,326
874,837,628
620,596,415
435,406,270
836,808,596
729,706,530
669,639,474
618,581,417
596,565,430
716,682,481
614,590,425
835,800,608
642,620,415
853,815,622
722,689,491
651,618,436
635,615,461
445,424,289
623,587,408
831,799,596
559,529,403
841,804,592
732,700,505
474,447,358
753,727,527
696,666,502
615,592,404
684,655,507
671,639,460
843,809,597
465,440,293
722,686,520
569,543,427
741,713,571
616,584,409
778,749,545
667,638,455
611,580,430
830,797,587
754,725,516
830,797,598
737,703,523
740,707,508
515,486,366
612,582,426
803,773,590
661,631,506
712,681,492
800,768,572
756,721,536
862,818,614
679,645,458
587,551,432
715,666,459
638,608,435
717,685,487
472,445,315
745,712,532
537,505,376
751,713,518
714,688,536
607,585,420
607,570,401
744,706,513
853,807,617
471,441,311
778,747,555
642,621,476
582,551,410
619,591,431
671,638,476
754,716,535
825,786,581
843,814,582
680,649,518
678,646,461
685,653,487
815,782,591
723,686,533
330,316,221
827,776,597
709,688,493
660,627,435
723,691,520
736,700,536
687,662,475
704,672,487
747,716,529
657,633,452
559,530,366
785,742,551
475,444,323
507,477,352
694,654,468
788,766,572
764,730,514
867,835,630
778,750,552
793,754,575
794,761,545
577,550,377
546,520,368
889,844,619
785,754,539
887,848,628
593,573,419
453,420,269
595,569,401
459,435,296
654,616,451
572,540,401
723,696,517
728,696,514
454,417,327
637,619,437
759,730,502
649,618,423
688,654,445
608,579,424
596,573,405
525,493,357
562,536,365
753,718,544
639,608,429
418,399,309
678,645,467
824,786,558
615,578,396
698,670,475
601,581,386
543,519,395
658,629,451
722,687,502
315,291,233
609,579,416
749,720,528
593,567,393
696,670,485
898,859,642
862,829,629
737,698,531
806,776,593
517,495,367
449,431,294
830,798,611
578,549,379
544,527,365
842,811,600
502,466,336
595,569,445
560,538,387
601,577,428
630,596,415
781,743,563
671,637,462
802,769,565
575,551,375
823,786,570
794,757,563
548,522,358
733,701,503
572,549,387
933,897,660
706,680,481
832,792,590
626,589,415
470,450,312
708,685,490
780,743,540
753,715,528
729,695,508
775,739,538
660,636,439
841,811,628
827,787,577
349,333,240
711,677,541
726,701,513
671,642,449
614,585,421
606,581,425
532,502,338
511,484,338
682,645,484
683,651,473
403,375,253
549,511,363
886,851,635
640,621,460
838,800,607
813,768,577
710,673,529
555,523,373
736,712,513
788,754,553
801,767,573
801,769,582
634,609,420
597,572,426
458,441,306
666,635,457
625,599,433
579,549,392
494,470,345
670,638,466
676,646,489
851,818,633
908,867,638
681,641,470
811,775,574
648,619,456
775,731,541
884,841,635
694,664,509
558,529,371
941,897,684
498,469,358
561,536,375
803,766,578
715,687,548
606,588,464
836,800,600
883,848,623
745,713,533
805,762,555
802,772,550
595,565,428
878,836,629
556,537,377
554,534,401
495,463,360
753,716,518
715,693,512
552,533,352
819,790,583
561,535,396
665,621,450
613,581,431
476,450,343
502,473,325
929,892,662
915,870,668
831,788,580
642,605,432
637,609,472
732,711,545
643,609,444
710,676,486
470,437,303
824,780,593
720,698,500
772,749,546
752,716,559
676,650,509
654,623,441
754,723,548
595,559,415
554,530,417
676,643,465
537,511,327
586,557,394
632,610,427
790,758,580
809,771,589
821,791,573
654,620,445
518,491,358
793,750,557
689,649,467
744,713,532
707,669,492
543,519,385
914,872,651
689,661,494
486,461,332
564,538,386
884,851,656
501,480,320
560,527,352
511,487,347
617,595,405
550,527,356
606,583,420
673,645,475
744,711,508
631,608,424
561,528,403
790,762,569
526,503,361
808,776,571
565,548,380
689,649,466
766,736,557
716,681,495
467,433,314
538,519,353
874,839,624
855,822,606
599,576,414
656,618,446
591,558,397
503,479,352
659,621,429
752,727,537
768,737,535
827,787,579
709,671,478
789,743,545
419,405,274
830,788,593
591,566,408
682,653,482
691,645,460
685,651,453
765,736,531
561,530,403
504,486,357
675,645,463
644,617,443
461,439,334
786,740,563
688,658,492
825,794,597
655,629,442
791,757,556
710,667,532
695,663,483
700,670,465
750,717,517
372,354,232
869,826,592
551,523,369
569,543,392
653,624,428
803,754,538
580,549,381
554,521,382
881,853,635
648,621,425
731,694,506
532,512,393
595,571,361
683,655,481
658,626,440
497,477,315
720,683,517
708,682,532
568,542,407
678,655,508
725,687,514
566,546,406
759,732,564
623,577,396
753,715,515
779,744,552
704,670,473
629,609,439
378,355,246
810,779,573
599,576,427
564,538,390
794,765,561
445,428,295
528,495,369
858,815,606
881,832,607
879,848,636
427,405,304
629,603,402
764,731,567
672,635,469
725,692,490
680,641,462
716,691,489
762,719,556
701,664,476
586,564,402
809,769,571
604,575,403
817,772,555
510,479,347
729,700,503
878,844,633
918,876,623
718,687,509
542,512,365
613,583,415
797,767,558
842,805,590
665,634,459
692,657,464
528,504,357
735,699,505
486,464,309
659,631,450
583,563,403
530,510,364
648,619,473
664,631,426
711,679,494
735,697,509
641,609,456
838,802,596
616,601,411
784,749,538
754,717,515
681,654,476
717,674,512
397,375,252
593,555,405
532,502,350
681,653,480
358,335,232
761,720,545
802,771,603
670,639,466
692,656,502
832,800,598
764,725,527
731,697,520
769,747,551
558,536,429
731,704,519
537,516,396
727,697,500
807,771,590
761,722,552
833,802,620
492,469,323
760,717,530
739,710,528
635,612,439
760,716,506
526,497,340
727,684,497
554,530,370
779,749,562
768,734,542
634,605,438
900,855,614
520,494,366
557,517,366
733,702,499
773,737,549
697,667,481
533,507,374
719,680,504
822,787,565
676,646,490
785,754,563
771,746,560
795,759,562
858,827,603
467,444,323
718,690,487
521,497,374
547,517,363
470,442,335
771,746,551
726,689,507
505,480,329
782,751,554
691,662,499
684,656,454
475,450,309
483,462,319
583,558,400
685,657,463
805,770,575
647,620,437
646,618,433
364,349,248
795,743,537
715,692,506
736,697,540
626,593,443
587,557,384
726,696,521
830,792,621
718,681,494
646,624,476
869,825,634
585,558,384
710,681,483
423,389,246
628,595,452
528,509,381
594,561,418
762,724,529
705,680,502
720,682,511
714,685,498
875,840,614
756,709,497
748,715,540
818,771,588
773,736,524
795,765,578
489,462,333
818,771,571
610,572,392
700,677,487
711,676,519
847,818,620
657,632,469
668,643,455
692,660,499
530,500,360
707,670,517
635,605,430
787,753,563
672,647,455
825,793,612
808,770,595
692,655,523
816,776,585
501,474,329
675,641,501
765,727,531
741,711,521
570,548,380
721,688,543
650,620,444
771,726,560
585,554,389
444,421,297
828,800,594
777,742,547
645,616,424
707,680,482
843,805,589
635,599,437
711,681,489
586,556,410
581,557,407
490,466,336
579,552,396
713,675,475
669,636,450
610,572,392
660,628,462
673,635,458
596,562,401
586,563,414
798,767,554
801,763,587
527,490,366
547,524,354
908,871,661
576,538,397
633,599,434
698,666,486
714,669,490
796,765,565
812,778,581
458,430,327
644,613,481
614,591,421
841,808,606
785,742,543
623,592,399
756,722,547
792,759,559
622,585,418
822,800,601
602,573,377
806,774,585
663,636,480
798,768,560
657,627,437
745,721,526
606,578,411
684,654,449
615,582,411
826,796,605
752,725,544
634,597,427
641,616,469
776,749,550
672,642,467
755,711,549
730,701,496
698,672,502
567,535,389
642,617,416
565,543,384
737,706,504
818,793,590
696,662,477
546,518,393
594,559,405
632,602,433
466,442,350
516,485,338
577,542,409
855,820,613
628,586,419
708,678,490
747,704,518
862,829,597
903,861,663
665,635,468
836,796,576
593,567,395
591,552,410
688,651,468
537,521,368
795,757,572
750,722,568
695,662,525
743,712,523
699,674,498
552,522,374
600,575,409
734,696,502
725,689,493
712,691,522
657,625,480
948,901,668
629,599,424
640,611,415
650,625,461
938,892,654
564,539,387
671,641,453
615,586,439
621,598,421
817,780,601
782,751,562
860,828,596
750,720,548
698,664,487
824,778,555
853,818,581
640,603,441
613,592,409
706,672,476
585,547,392
781,739,546
604,583,449
730,682,488
606,576,409
720,698,511
731,700,510
650,624,450
599,565,386
643,614,440
784,743,541
614,589,442
613,584,417
885,848,637
491,463,318
835,796,577
972,939,713
721,693,490
647,620,442
677,651,482
670,641,452
798,761,550
467,450,317
570,534,388
826,796,591
658,627,473
767,734,546
584,561,393
785,749,533
832,794,596
787,750,540
752,718,515
593,559,415
633,605,485
541,517,394
703,680,494
628,598,429
631,599,431
785,751,556
828,793,574
685,656,463
741,709,524
815,779,556
779,744,561
764,727,550
801,768,597
822,784,565
772,733,535
772,736,564
655,622,432
680,651,458
535,510,354
573,541,390
764,726,507
717,686,490
867,842,613
755,728,551
695,664,485
301,287,195
687,652,485
489,461,318
738,703,536
728,701,524
636,618,429
601,575,418
531,511,372
432,407,295
757,726,536
831,802,601
884,847,634
620,584,433
472,453,325
473,453,348
919,878,657
648,615,428
820,784,589
689,658,474
565,531,388
637,613,448
703,671,479
730,694,514
756,723,525
830,788,580
546,525,365
526,495,342
848,822,603
586,551,401
664,626,445
786,748,571
444,416,275
612,575,427
680,644,480
545,522,375
777,746,557
618,584,423
864,830,637
637,610,457
652,629,441
523,500,322
647,625,469
489,470,330
725,692,495
770,744,562
664,638,503
647,609,462
683,649,485
805,774,586
792,757,563
678,644,487
558,529,423
607,587,422
718,685,499
841,803,566
769,741,564
555,526,402
615,593,444
624,604,450
751,721,529
696,675,514
648,622,444
643,615,449
677,645,457
807,777,560
607,578,433
578,546,390
743,697,486
812,762,563
726,699,547
635,602,426
516,487,327
739,721,546
537,507,364
544,521,382
659,628,455
552,524,398
803,769,563
802,769,578
698,669,518
798,764,581
836,793,608
642,615,433
832,791,577
755,721,512
644,611,445
537,504,359
700,670,476
570,541,387
908,868,644
778,733,559
444,414,289
628,596,445
488,457,322
614,581,468
584,558,396
654,629,468
825,794,589
570,533,394
811,780,552
761,725,513
769,734,545
702,668,501
513,492,343
751,712,529
709,681,510
512,488,350
557,533,382
679,654,480
666,641,444
719,684,478
473,448,303
686,659,487
858,816,627
501,466,368
481,452,317
635,608,478
931,899,651
614,599,439
613,582,428
719,690,473
672,641,470
876,839,631
693,671,459
653,625,451
636,615,441
693,650,460
677,649,481
495,462,355
793,762,568
691,657,492
745,705,514
909,869,670
468,446,294
734,694,520
385,364,244
823,790,581
680,647,458
611,581,420
738,697,500
704,670,486
774,749,556
463,442,298
678,652,498
841,799,576
736,708,504
701,660,508
883,842,621
724,690,514
771,740,526
491,457,306
744,702,548
577,554,428
633,598,417
768,736,506
732,698,514
498,482,328
533,507,357
804,769,590
712,677,489
705,664,485
718,687,528
375,345,230
686,662,486
713,685,480
474,451,310
570,541,386
535,520,351
818,778,587
703,669,500
542,512,358
567,539,389
754,722,510
522,495,367
598,576,399
532,503,365
664,625,459
837,798,611
680,648,439
507,488,331
665,642,457
644,619,450
838,798,604
894,859,622
655,627,426
760,735,545
777,736,545
649,614,446
480,454,303
709,679,512
835,791,589
568,537,399
781,734,539
682,657,480
669,637,480
622,597,436
716,685,495
760,730,542
736,708,513
664,631,458
457,433,293
581,548,418
581,553,420
747,714,517
821,785,606
728,697,503
686,656,482
729,706,543
791,756,561
721,684,511
634,597,423
638,607,436
647,621,452
827,790,574
546,520,354
699,668,501
888,854,649
608,576,400
623,590,441
631,601,422
657,633,433
609,578,395
828,797,608
694,666,487
706,673,463
848,803,583
534,507,342
747,718,541
522,504,362
754,729,542
558,535,406
503,479,331
478,453,314
601,570,424
780,743,528
738,707,567
697,669,473
736,698,513
714,687,473
759,722,528
629,592,449
669,622,441
715,683,505
903,856,651
721,688,507
765,736,536
602,573,406
673,632,475
681,645,475
731,702,536
636,605,435
591,559,409
401,387,305
593,566,405
608,576,424
783,765,561
503,476,328
612,582,424
693,658,490
739,700,532
618,582,412
809,782,552
689,663,482
599,573,404
850,808,602
699,679,496
700,669,494
787,749,562
566,535,374
667,635,459
679,644,467
753,710,537
858,818,607
635,603,396
721,689,512
630,610,417
536,507,365
400,383,284
665,642,461
587,563,394
732,696,503
681,645,473
696,670,509
674,636,479
774,740,591
719,698,485
626,594,415
413,398,264
635,607,434
699,657,490
873,844,627
788,752,558
563,533,379
818,782,585
523,498,342
569,539,429
864,830,611
541,507,363
661,629,427
757,727,531
678,662,489
626,599,436
787,758,552
615,583,449
865,825,613
527,499,399
565,550,394
803,767,559
834,799,608
664,638,442
505,485,319
786,759,578
655,623,475
590,555,397
670,650,478
864,828,656
695,660,497
641,608,424
628,606,433
724,693,519
749,711,508
756,731,539
649,622,442
582,546,384
518,497,338
649,613,436
861,825,601
830,794,591
632,604,460
685,653,507
797,759,549
656,628,461
612,588,433
787,765,590
769,734,530
666,641,484
718,678,518
617,589,430
789,754,568
861,812,637
527,509,393
892,847,658
832,797,600
697,674,496
707,676,493
771,734,531
832,785,579
630,608,432
439,413,272
517,485,335
698,673,475
814,775,577
666,643,457
649,621,463
678,649,466
703,666,480
624,599,427
474,451,337
845,806,610
803,772,583
629,600,437
559,524,403
594,560,385
897,850,648
749,710,524
692,661,481
789,764,570
753,719,549
599,574,393
522,490,373
855,822,607
430,402,261
803,778,594
834,796,598
596,571,412
784,747,573
569,544,407
621,597,439
606,582,421
577,560,421
611,585,454
721,694,513
743,714,549
796,756,573
622,590,420
814,781,564
572,543,391
668,635,448
800,767,573
882,846,618
740,716,519
887,854,634
771,737,530
412,384,281
397,372,283
743,700,512
795,763,540
646,619,463
795,748,553
758,718,536
791,758,564
473,456,315
833,783,587
829,793,561
746,709,516
790,754,584
449,431,288
646,612,464
602,578,423
796,763,568
762,726,541
689,661,482
603,582,398
727,693,498
730,696,535
512,483,340
551,527,362
799,763,549
694,653,495
738,704,507
833,798,600
725,692,503
851,811,579
654,626,458
800,766,576
707,677,510
812,778,581
694,663,458
475,448,320
694,668,456
512,480,366
655,623,444
716,685,495
569,539,387
721,685,534
803,771,577
733,700,510
639,612,477
472,433,313
534,501,352
773,741,535
514,481,377
607,586,469
645,625,445
646,603,415
620,589,446
743,704,524
723,685,506
653,618,524
629,602,430
630,599,431
818,794,613
606,572,431
795,754,570
835,793,603
632,603,424
893,857,612
813,774,539
784,755,545
650,623,457
673,642,435
749,718,535
829,785,596
463,441,310
776,733,552
509,487,338
894,854,656
868,827,631
674,654,490
646,614,495
615,588,412
787,751,540
563,525,407
811,765,569
464,441,334
667,622,461
671,641,487
722,694,495
677,647,455
644,619,450
583,552,390
586,566,407
782,742,558
725,701,540
694,661,485
638,605,441
704,675,487
607,585,432
702,669,488
654,622,472
592,571,410
802,764,568
826,780,592
701,670,485
467,445,303
567,537,383
705,668,495
545,520,377
611,585,415
716,689,492
550,525,383
680,656,471
686,663,496
690,662,503
706,673,475
749,722,535
640,608,442
771,732,555
564,547,421
818,782,598
710,690,501
537,498,353
780,750,552
771,735,522
739,712,549
809,760,581
707,681,478
651,621,435
821,790,603
636,598,435
677,640,466
632,606,431
571,549,392
636,607,471
759,719,539
636,603,428
827,790,619
802,767,559
664,634,461
638,606,425
600,559,440
766,735,535
692,665,493
579,544,385
593,569,414
618,586,419
745,702,518
636,593,444
766,724,530
574,541,390
717,687,494
727,690,519
714,680,499
711,682,469
670,640,470
788,750,563
793,756,560
637,598,478
690,654,462
566,548,399
452,435,311
684,662,488
632,601,436
628,596,433
884,843,641
483,442,328
843,805,591
832,789,569
961,923,716
733,698,528
619,590,443
688,652,479
610,580,415
639,610,441
610,572,409
666,641,454
725,701,508
798,759,554
596,571,427
808,766,574
779,751,588
543,516,365
785,748,524
430,408,301
728,702,529
813,788,575
856,810,584
605,576,395
755,725,558
658,631,438
672,648,445
623,602,425
695,666,487
613,584,418
622,590,421
604,576,404
866,843,623
535,504,364
604,580,423
684,658,475
534,508,364
807,766,576
904,865,619
800,763,580
551,529,399
737,694,511
666,642,464
408,386,266
475,456,331
413,382,286
549,519,359
669,634,511
574,548,408
685,650,494
690,668,483
691,661,484
651,632,442
579,553,390
776,730,526
649,619,425
538,513,357
601,568,397
820,777,571
670,643,495
621,591,415
618,598,456
757,722,522
671,645,481
650,610,449
784,748,533
749,711,524
427,409,285
768,738,568
723,690,531
842,817,591
710,686,477
668,637,454
726,702,517
763,740,551
606,574,406
573,547,381
655,621,464
666,641,471
870,835,617
811,783,595
753,710,517
480,458,329
620,592,424
653,622,448
586,553,398
560,527,422
723,681,492
642,607,420
635,600,425
658,628,442
676,651,485
746,715,526
786,753,531
504,475,351
702,668,457
816,783,581
802,769,548
628,602,414
639,618,455
662,630,470
727,699,531
566,541,408
652,625,468
756,725,510
768,731,527
634,604,430
806,759,557
661,625,463
667,635,505
618,584,431
612,592,402
650,620,453
951,921,691
598,569,408
854,814,597
644,619,450
716,671,498
788,757,554
651,623,470
660,625,480
883,842,631
843,805,615
832,801,594
551,527,387
569,543,397
630,609,427
683,658,473
571,542,404
295,278,197
499,475,332
458,440,282
717,682,518
632,608,435
537,508,378
652,617,452
722,690,506
799,769,580
901,867,640
481,459,320
613,585,415
781,737,548
553,535,394
625,593,423
763,730,548
557,529,367
646,613,432
674,654,493
677,646,443
572,550,417
559,532,379
669,636,454
674,637,466
759,727,560
620,588,425
614,585,418
700,663,461
645,614,435
667,634,452
784,744,584
665,634,446
627,595,414
493,464,318
700,669,478
708,668,501
570,551,430
842,808,594
485,464,309
800,772,568
634,606,426
694,665,497
882,855,653
814,777,605
758,722,538
669,646,481
902,866,635
865,827,617
926,897,667
867,822,583
482,463,312
693,662,481
806,777,624
699,666,503
633,605,442
850,821,584
671,642,451
690,668,525
568,538,422
785,754,553
756,719,503
572,537,380
855,821,604
500,476,343
759,719,556
606,578,405
623,604,432
552,519,367
653,626,474
708,673,502
740,717,538
593,572,405
559,526,382
702,666,481
707,682,515
701,677,494
630,602,415
468,440,289
706,688,495
602,568,431
609,580,393
708,666,502
790,761,570
808,778,585
897,852,640
677,653,487
775,743,538
593,562,413
492,462,356
708,673,486
635,599,417
529,507,373
730,695,516
716,689,521
789,763,542
688,666,504
600,566,424
764,731,527
555,527,382
661,637,465
817,777,569
602,574,389
751,711,533
777,743,555
512,476,356
825,797,605
809,775,578
714,684,495
703,678,499
758,722,534
554,527,350
705,673,466
462,428,340
795,748,539
740,700,531
510,483,371
703,675,497
716,677,516
840,806,588
602,576,434
631,599,430
876,839,635
724,697,502
632,607,443
651,602,438
810,777,584
739,714,521
609,577,453
726,686,495
923,888,648
598,568,435
796,756,543
691,655,474
751,715,545
931,894,666
601,572,430
468,437,314
534,512,350
769,734,529
718,697,505
635,606,423
791,754,551
653,621,445
380,365,288
777,735,543
735,702,522
878,846,616
614,586,449
735,701,536
784,735,522
604,574,421
533,501,345
801,776,588
785,749,545
590,569,433
656,621,433
799,764,542
786,742,538
453,438,328
782,763,542
804,765,570
636,607,461
500,480,322
543,511,364
622,596,408
769,734,528
809,780,552
758,725,564
385,367,241
750,719,550
595,560,387
800,761,547
835,818,593
425,400,302
829,793,607
786,746,530
744,717,531
689,665,489
603,574,444
881,830,613
860,834,637
828,791,586
724,695,509
642,611,444
588,551,389
573,545,429
747,713,518
714,671,513
765,724,552
534,505,337
679,648,477
550,520,375
655,633,452
696,653,461
732,713,529
564,540,366
573,544,395
777,750,529
780,751,527
442,412,326
651,627,458
497,474,327
586,554,383
866,828,629
505,477,358
503,477,344
615,592,432
769,744,541
653,626,479
648,615,425
597,564,443
789,754,535
693,659,483
492,475,341
583,545,394
870,834,621
522,499,353
782,748,531
809,773,587
648,606,440
581,553,405
623,607,452
525,497,346
699,670,484
583,552,379
642,619,466
597,562,392
731,702,547
760,725,547
784,755,580
518,494,328
535,506,376
856,826,601
832,799,604
819,784,578
644,618,457
633,603,441
682,656,490
646,616,457
679,645,476
807,777,584
642,614,475
498,471,338
612,576,445
513,479,342
603,568,442
601,576,425
831,808,602
513,487,359
620,590,427
839,803,599
622,598,428
433,408,306
714,679,525
669,639,467
672,634,511
611,573,423
638,605,438
673,652,462
674,648,471
909,870,664
676,636,509
873,831,619
568,539,380
576,543,390
664,633,470
493,464,315
804,768,592
853,822,607
402,389,251
654,624,448
750,716,543
578,551,384
677,652,462
678,655,471
627,597,435
656,630,455
807,773,585
550,522,357
633,606,412
582,549,393
868,839,635
742,699,531
692,666,495
609,574,407
790,756,565
616,596,417
714,678,485
559,526,370
672,639,451
714,679,490
793,757,566
548,519,373
851,822,611
684,656,475
864,831,634
566,544,371
729,699,506
736,700,484
671,629,442
455,418,294
817,781,577
668,635,472
795,754,553
713,684,541
731,693,511
807,767,566
770,736,559
686,664,466
665,636,480
617,584,442
720,683,504
762,720,553
699,676,480
567,539,358
627,594,429
842,806,616
493,468,356
603,575,415
497,475,378
632,607,435
762,729,532
831,802,594
640,606,447
596,573,404
719,698,521
570,542,361
947,896,672
647,616,431
628,594,451
617,595,434
676,646,473
837,812,610
877,843,640
802,773,575
523,506,378
742,707,516
759,724,537
669,650,469
640,610,420
888,856,646
625,593,408
728,696,526
567,536,388
697,671,453
710,690,501
346,325,218
575,548,401
429,410,310
752,725,537
784,750,551
404,375,285
657,619,424
