254,664,636,449,195,418,393,296
314,835,791,569,187,429,409,295
310,818,784,602,149,299,286,225
304,661,626,440,119,290,274,219
350,760,715,567,117,194,186,140
289,768,737,550,130,244,230,157
342,829,791,563,161,355,333,260
265,750,723,529,132,250,231,178
237,713,677,501,135,194,171,141
269,674,638,449,149,297,282,220
327,853,821,631,134,279,260,208
303,703,672,502,145,294,279,203
217,586,564,398,155,311,299,227
346,774,732,527,147,286,271,202
300,788,752,520,147,331,314,238
247,649,613,422,221,485,448,325
325,804,768,581,185,396,375,282
263,665,634,463,134,308,296,214
316,811,779,564,162,321,312,208
255,662,634,416,109,165,154,112
254,598,571,382,150,298,272,208
193,479,462,342,146,353,337,261
305,737,707,499,151,283,269,193
279,628,590,398,164,398,380,285
315,748,710,506,104,206,195,142
319,775,730,541,125,228,217,135
287,780,753,565,158,309,282,207
283,747,709,515,145,353,327,246
306,800,768,542,179,418,398,290
315,843,813,599,120,227,214,162
258,664,630,428,198,438,411,311
332,836,803,575,146,286,267,200
240,619,592,416,173,327,308,227
216,459,438,309,172,377,359,263
261,722,691,516,142,272,256,205
301,765,717,504,161,312,293,246
258,635,609,461,142,286,261,193
297,752,719,569,157,327,307,222
263,670,649,499,158,344,320,260
294,720,690,523,154,330,310,228
300,811,782,584,134,261,241,174
275,714,672,516,152,329,310,240
276,682,650,509,173,347,330,244
277,730,695,537,194,414,386,306
267,781,752,575,126,249,229,173
227,644,622,440,194,454,427,309
325,860,825,625,158,338,310,245
299,796,766,561,191,469,443,321
324,858,816,606,166,324,301,213
315,831,784,609,126,252,232,175
248,730,695,518,145,258,234,176
234,503,480,348,167,344,318,217
361,894,852,646,118,185,164,135
216,593,556,423,168,329,318,245
291,762,729,540,163,349,335,234
300,758,712,533,97,196,181,140
319,899,861,637,199,434,408,293
286,649,605,457,146,264,240,182
231,477,456,335,146,237,222,176
327,879,844,623,167,341,319,241
273,689,652,479,173,348,331,237
286,687,651,466,143,304,286,224
270,784,751,555,172,347,330,245
263,557,521,374,136,269,258,198
285,764,729,553,169,306,282,190
303,768,732,528,124,229,211,153
291,801,765,553,141,303,280,225
283,832,801,613,197,418,391,299
242,556,529,397,126,219,205,134
279,773,740,579,169,329,305,222
246,750,718,550,191,451,426,313
296,788,758,551,157,290,264,194
281,785,752,564,137,318,296,241
327,934,895,684,149,308,291,219
279,642,617,466,112,177,165,121
285,623,588,422,156,286,267,200
257,609,577,431,145,284,269,206
356,914,880,642,128,244,227,184
296,817,787,578,123,182,165,119
323,861,829,623,202,460,445,315
220,579,543,414,127,328,317,225
282,684,650,469,140,374,349,265
345,890,849,647,174,414,390,313
236,631,596,432,166,380,359,267
336,784,740,558,132,220,208,166
311,806,763,569,135,284,259,199
276,779,741,551,180,337,313,230
271,678,657,480,124,298,285,211
209,520,497,340,137,327,301,223
257,725,693,519,159,356,340,240
318,802,765,590,147,307,292,226
262,647,618,484,131,265,250,186
282,644,618,455,160,336,308,233
284,707,679,514,197,424,396,306
289,782,744,573,148,300,287,191
253,657,629,457,117,215,205,163
283,783,749,531,152,346,336,256
331,822,780,578,122,264,247,174
260,744,713,526,130,257,243,169
226,594,558,408,139,316,301,208
261,725,684,509,189,409,394,280
291,751,711,519,196,428,406,278
281,819,791,595,199,488,468,356
270,712,681,501,155,356,336,249
291,759,728,514,169,352,329,231
262,680,640,484,188,387,367,285
269,641,604,459,155,315,287,229
299,747,715,532,171,399,372,303
275,694,665,493,95,158,144,106
316,763,725,514,165,309,290,207
343,874,833,620,164,301,272,216
229,553,531,367,189,456,431,326
256,615,573,418,119,242,225,173
311,802,761,581,136,259,245,192
249,594,564,403,165,331,310,238
315,865,828,606,135,301,283,197
298,759,725,537,136,212,201,150
219,604,579,408,168,438,422,304
294,759,712,520,221,429,402,279
325,853,810,611,201,373,351,234
266,712,675,500,148,296,278,200
327,904,858,651,148,310,291,190
298,769,722,505,146,310,287,188
307,869,839,629,142,311,289,210
308,788,746,549,152,284,266,196
305,836,799,609,152,219,203,160
325,839,798,582,133,214,193,148
324,854,826,591,145,310,297,215
266,645,623,416,131,267,248,191
268,723,690,487,157,264,248,184
262,606,577,410,142,305,295,203
303,718,664,493,158,373,354,252
267,625,590,407,111,220,206,160
260,669,636,488,170,368,349,259
323,855,812,617,165,344,325,242
277,741,710,506,126,256,242,187
323,790,757,536,146,283,269,216
329,772,729,521,115,225,210,146
270,718,686,516,129,245,235,174
314,789,752,563,159,323,301,218
275,806,766,578,156,270,245,178
320,726,691,507,207,451,429,306
233,617,591,419,168,326,307,238
275,767,740,580,164,331,313,253
325,843,793,591,129,254,235,184
310,862,835,610,174,369,351,254
257,620,589,405,186,434,405,293
288,688,657,482,151,313,293,213
239,598,567,436,152,297,280,208
260,795,764,582,132,208,190,151
238,642,602,430,189,408,388,290
241,555,531,367,180,358,337,242
275,769,744,540,142,335,317,237
286,705,673,483,188,399,380,292
347,837,807,595,135,315,301,223
290,751,723,530,154,330,310,224
290,827,794,578,148,280,260,186
324,829,792,606,135,290,279,205
319,908,872,668,142,329,311,211
270,718,683,516,201,493,467,342
243,554,527,367,163,296,275,230
245,551,527,388,113,215,202,157
288,681,650,510,126,207,192,147
299,745,714,518,125,287,270,179
244,548,518,362,118,261,241,190
307,800,766,570,150,262,240,195
207,534,509,355,132,271,257,176
259,757,722,547,168,376,353,285
265,634,602,478,170,404,383,290
345,869,835,625,168,347,327,256
263,683,647,450,112,224,217,140
300,816,775,549,159,341,317,228
317,815,779,575,152,291,271,199
262,725,692,479,152,345,331,250
318,886,849,610,125,192,176,132
265,599,564,425,189,425,392,295
221,590,559,397,144,305,293,213
279,722,683,480,178,358,333,254
307,739,694,493,169,355,327,245
333,773,738,548,163,302,278,213
258,615,585,416,190,437,417,315
278,733,698,501,155,325,310,243
352,985,944,701,142,264,246,169
243,674,636,475,117,224,212,147
316,842,798,585,115,201,191,145
296,749,713,506,147,249,227,176
271,688,653,471,105,191,181,154
282,699,658,516,194,366,341,247
206,511,490,353,143,337,319,238
318,855,828,586,130,244,231,172
292,796,760,550,167,452,426,306
332,839,801,572,150,312,290,196
311,837,796,566,111,200,185,139
253,610,576,416,107,203,190,139
280,671,632,442,155,340,320,228
316,859,816,596,141,324,312,238
244,672,633,474,124,268,254,180
323,819,779,586,149,265,247,194
299,739,708,509,186,336,313,240
303,753,719,531,176,355,338,249
219,547,523,386,200,459,432,322
236,602,577,381,172,346,326,240
256,679,651,457,182,448,431,318
237,635,598,429,134,238,219,163
301,687,643,477,134,287,269,191
222,612,583,397,143,313,298,210
283,805,771,567,104,196,189,123
318,729,695,506,142,306,282,203
277,794,759,597,147,295,276,198
315,842,809,576,128,279,260,183
278,715,688,517,168,368,345,243
264,601,568,434,140,326,311,241
304,853,826,602,168,301,274,200
265,689,661,483,172,360,340,268
321,833,800,576,167,312,290,225
247,570,534,373,162,353,335,225
293,766,731,546,128,197,181,137
248,555,523,395,145,344,324,217
268,683,646,467,137,298,280,191
266,669,637,474,161,334,307,265
306,666,620,475,168,354,335,248
249,695,661,503,135,207,190,157
297,683,647,507,129,257,241,182
337,776,731,549,92,166,160,121
278,712,675,493,146,306,283,204
311,678,641,492,170,331,301,232
216,538,510,363,160,361,344,268
278,738,708,505,133,280,261,208
300,733,685,524,98,176,166,117
286,774,737,552,122,241,225,158
274,730,696,534,157,325,296,208
298,695,676,470,146,315,292,207
311,759,717,504,125,249,234,148
226,537,506,355,131,239,218,148
262,724,691,502,188,417,394,301
327,817,785,599,155,317,302,229
312,793,766,563,141,272,253,188
292,757,728,530,153,328,308,230
253,633,597,431,158,304,286,235
317,834,796,594,188,393,375,280
281,735,693,509,197,441,418,317
291,746,720,517,110,206,198,138
296,775,741,540,153,316,298,234
349,862,806,579,122,265,254,180
227,576,547,387,128,265,247,188
308,795,758,543,138,297,281,221
293,761,719,523,117,235,221,160
254,569,529,382,150,305,279,229
203,479,452,294,179,431,410,311
297,739,711,512,98,133,120,96
258,756,724,534,196,354,332,240
306,762,721,555,133,203,186,166
301,731,708,549,100,177,165,121
293,638,602,441,147,321,304,236
298,854,822,597,173,331,303,245
321,802,757,547,166,342,325,235
332,854,812,610,132,323,310,243
346,871,835,617,140,262,247,183
269,685,648,501,146,274,254,187
249,574,539,427,109,202,186,142
337,862,823,613,173,392,366,272
291,863,825,638,113,191,178,130
293,768,734,554,147,333,316,221
255,712,685,519,162,322,291,222
264,758,717,556,115,278,267,191
218,473,442,297,142,286,264,200
281,788,767,572,137,290,275,210
311,792,755,541,135,264,249,195
302,731,695,485,130,304,284,229
298,659,624,456,179,377,349,240
285,799,765,566,166,317,292,219
282,738,695,500,160,367,340,232
268,800,756,570,140,307,288,214
253,687,640,524,184,363,335,255
305,762,723,532,206,457,423,316
241,608,586,465,168,389,373,264
233,584,554,434,166,344,325,248
265,754,725,526,148,266,250,206
297,789,747,535,193,321,300,223
308,781,739,557,176,329,301,232
255,714,667,494,119,208,191,137
364,939,896,657,175,326,306,221
234,651,614,446,171,367,347,254
294,775,741,535,178,340,318,238
347,845,803,570,174,402,379,269
310,870,826,639,192,365,352,254
329,734,708,516,113,207,191,157
215,565,538,389,139,290,270,194
257,649,625,452,170,317,301,225
291,728,683,482,162,328,313,216
256,785,747,552,172,390,370,275
326,829,788,556,116,211,196,135
269,821,787,577,142,271,250,183
274,777,749,582,140,255,240,191
303,841,808,562,209,470,435,324
264,699,669,502,189,436,413,298
284,732,699,510,146,297,284,201
230,665,630,446,144,259,241,183
220,612,589,419,148,290,271,187
278,820,783,569,152,338,322,235
268,687,648,529,180,359,331,252
297,812,770,595,170,397,370,282
318,801,765,554,187,365,340,240
303,799,767,574,154,290,275,196
256,646,611,417,182,371,349,250
315,863,823,613,158,354,336,243
249,745,718,546,119,207,190,147
241,670,642,481,146,282,259,191
319,842,797,598,131,229,215,165
330,743,694,541,154,304,287,227
273,691,659,469,182,360,333,248
313,849,810,586,111,228,215,155
236,637,602,415,130,230,223,158
246,628,590,442,143,289,267,202
248,653,624,454,187,442,419,323
257,637,603,423,146,283,267,196
318,766,731,549,154,297,282,207
303,762,734,522,116,223,202,148
309,858,829,632,179,397,370,271
268,759,722,548,133,271,254,199
301,821,792,562,167,334,315,220
313,864,827,601,188,440,417,301
286,771,729,553,158,319,297,228
219,616,585,430,137,314,301,226
314,871,839,624,156,302,283,218
291,748,711,514,121,282,272,189
278,773,739,551,108,165,151,111
272,734,705,491,168,408,389,284
290,775,741,573,168,330,314,243
297,813,778,550,180,466,448,328
240,571,543,390,144,254,228,176
294,797,762,566,137,326,316,239
256,705,671,492,137,238,212,185
206,512,490,353,167,313,297,200
288,789,748,555,196,418,402,313
298,711,669,459,177,368,349,259
243,589,559,407,140,288,271,211
250,664,633,448,149,341,329,240
236,616,587,425,119,239,227,151
314,764,715,502,154,306,289,210
337,862,822,609,118,217,206,144
281,732,695,503,152,255,233,173
304,800,771,617,172,334,310,227
218,581,553,396,144,324,306,228
281,749,726,528,118,209,195,169
297,741,710,505,162,329,316,224
290,806,768,585,182,377,355,272
253,634,599,401,167,347,323,240
297,783,752,556,160,306,290,217
277,717,679,481,121,242,223,169
273,766,738,546,138,254,233,185
263,714,683,537,178,316,297,234
245,708,675,517,136,302,282,210
238,604,575,408,119,218,203,156
232,581,540,404,131,218,201,149
316,762,732,538,149,368,345,241
295,706,676,497,165,366,344,221
299,839,810,579,118,192,178,137
342,876,839,611,139,272,247,172
272,708,681,504,117,226,209,151
290,739,710,521,120,251,234,174
333,902,862,614,174,351,324,237
305,832,792,596,163,339,320,254
270,664,643,488,169,378,358,270
302,763,723,540,135,235,221,173
275,738,704,504,173,326,307,234
258,671,639,453,152,307,280,235
288,762,732,519,146,302,288,212
278,726,697,525,126,247,232,156
284,779,742,518,186,381,358,267
269,729,694,513,156,337,317,225
227,543,510,338,177,369,350,257
323,847,809,586,125,256,241,161
294,769,736,537,124,246,223,164
308,764,730,543,153,334,320,237
291,681,649,446,171,361,338,257
286,687,644,474,172,383,362,256
209,539,521,387,157,333,316,203
289,711,681,490,203,487,464,346
233,602,573,429,167,345,319,255
277,670,640,452,118,212,194,141
183,315,286,198,204,448,427,331
293,804,761,569,101,183,164,128
341,882,849,628,179,427,409,307
265,578,546,392,171,353,335,258
235,638,606,462,153,383,367,264
302,757,728,547,179,429,408,287
277,797,762,540,98,181,173,133
279,750,718,513,163,374,353,278
221,636,604,434,162,325,310,249
338,849,815,598,139,347,335,246
277,784,759,558,171,333,320,221
272,687,657,459,146,289,273,202
293,870,828,601,128,285,265,193
255,693,662,488,172,350,331,247
328,861,819,604,138,267,251,183
288,768,735,556,149,300,288,206
318,842,811,580,157,302,283,225
291,761,726,541,132,224,208,153
288,689,650,475,123,200,194,147
249,678,651,494,155,353,334,250
282,809,778,563,144,319,294,210
271,746,709,554,161,289,266,217
301,778,748,543,121,305,283,223
246,642,613,428,171,363,350,277
249,652,612,435,129,236,222,177
281,772,738,554,193,381,355,286
316,744,706,499,164,320,301,217
213,507,481,347,139,330,309,228
276,676,634,442,150,289,271,194
268,646,612,431,135,233,222,171
308,790,755,580,127,227,211,166
264,647,614,423,152,304,283,210
281,749,721,519,142,333,312,201
295,791,747,559,149,299,274,200
217,557,527,357,158,382,358,265
253,597,558,390,193,364,341,256
292,836,806,583,137,260,246,175
223,643,622,473,142,304,289,216
271,725,693,540,164,336,315,235
266,657,617,450,146,296,282,214
325,787,734,526,151,305,286,218
293,685,654,501,180,344,323,258
284,691,667,458,130,213,195,156
319,789,752,531,178,310,283,208
287,770,729,533,176,307,282,199
275,630,583,434,144,342,325,238
308,796,765,547,167,352,335,244
321,820,781,557,146,302,287,222
239,627,595,425,157,327,311,238
317,837,806,602,145,358,337,249
300,667,637,431,171,348,324,231
218,599,574,406,154,308,291,225
266,670,638,458,138,258,244,176
280,816,774,580,124,194,175,124
274,721,676,487,191,399,377,279
313,783,746,556,193,417,396,304
173,408,382,269,132,209,196,156
283,643,606,413,150,275,257,194
209,525,499,367,125,250,234,173
258,759,733,549,142,294,275,214
303,750,702,508,155,316,299,204
322,825,795,562,140,296,276,217
338,886,841,624,165,310,291,227
257,702,674,520,147,299,281,193
297,776,745,585,183,319,307,212
264,723,688,538,169,447,429,313
260,587,543,389,134,276,253,172
287,803,761,567,158,259,239,180
273,706,671,485,220,512,493,385
220,567,547,400,174,338,313,236
290,752,709,512,127,279,268,202
320,841,805,573,151,278,263,184
218,528,505,333,156,276,251,188
243,584,554,399,203,476,457,349
311,750,709,535,154,301,277,198
267,804,778,569,168,292,271,216
229,652,621,456,152,342,321,235
253,673,644,492,166,374,359,270
269,722,695,513,140,323,300,212
319,799,755,553,139,245,225,167
210,547,523,374,162,361,341,249
308,696,666,486,143,307,286,219
274,769,731,523,157,321,296,233
277,694,651,489,165,328,305,238
286,646,613,437,167,385,370,262
249,699,666,502,122,200,178,141
307,733,698,537,200,443,433,292
262,684,652,467,161,382,359,270
263,827,796,593,127,217,203,149
288,749,723,520,166,361,346,262
282,764,727,531,160,350,324,243
284,745,709,519,158,410,396,272
271,607,572,410,112,204,190,142
289,790,746,561,156,321,301,228
296,805,770,581,129,268,253,171
258,560,524,388,109,188,179,141
293,677,643,454,126,245,228,178
332,810,777,558,152,296,280,187
282,695,651,469,132,316,301,237
312,829,798,592,123,231,212,162
325,844,801,563,158,377,363,268
341,901,860,653,120,220,207,165
305,776,745,526,103,246,224,166
228,599,569,401,166,366,351,261
304,797,764,558,135,236,216,166
294,799,767,571,126,254,233,185
336,885,837,628,165,348,331,252
301,824,791,588,144,325,302,221
238,707,676,507,127,229,217,164
293,779,749,544,146,326,302,210
292,760,725,556,192,360,346,263
311,881,843,643,172,382,369,275
175,448,420,314,131,293,270,200
258,740,704,541,129,240,226,170
283,756,721,529,110,205,186,153
246,622,584,400,109,161,147,110
223,605,571,425,152,354,328,263
298,706,662,477,171,329,303,226
235,605,573,416,170,353,334,244
243,649,606,456,155,346,320,231
228,609,589,412,117,251,240,196
230,591,565,390,156,332,310,224
324,734,688,515,136,276,257,195
259,724,700,519,153,370,346,253
304,848,818,615,165,317,299,212
201,600,585,408,163,356,331,247
257,592,556,422,148,321,305,231
294,743,703,507,144,273,255,199
230,669,643,481,162,352,336,228
299,786,752,563,138,259,239,182
312,833,795,569,95,159,144,123
315,847,809,589,144,272,251,192
282,725,687,510,136,198,177,145
338,868,816,591,134,270,260,201
261,778,753,546,137,293,275,216
246,655,622,457,159,367,340,237
237,622,597,459,178,310,290,215
293,664,625,456,124,250,228,160
198,454,425,318,164,283,263,213
271,626,591,413,148,323,308,224
261,630,593,396,172,337,315,239
354,867,817,618,157,343,324,246
198,452,426,319,178,365,344,262
233,689,666,493,132,259,244,153
230,583,548,405,146,367,350,246
289,793,752,559,133,207,190,149
309,799,759,579,162,344,322,249
280,764,740,532,122,273,257,193
269,612,582,459,166,334,310,220
362,893,857,653,156,307,286,196
312,766,733,535,148,314,294,221
310,799,759,615,169,357,332,250
318,777,743,548,159,355,329,241
270,719,677,520,100,174,160,128
229,597,558,381,164,315,296,221
217,582,560,420,171,328,298,234
276,798,769,572,173,329,307,232
286,777,747,563,151,280,262,189
215,492,465,327,131,281,266,207
308,746,704,497,121,257,250,194
326,856,811,597,162,272,257,195
283,685,653,478,145,267,248,166
289,805,770,604,179,446,422,295
223,547,517,356,148,359,340,276
320,761,730,579,153,300,285,234
262,652,626,453,138,266,247,198
297,804,766,576,139,252,230,167
319,786,750,558,184,347,324,241
307,773,743,527,96,194,180,150
247,596,564,412,115,194,176,136
271,680,657,495,154,346,325,239
226,633,610,456,134,266,237,163
332,847,807,612,148,269,257,180
278,748,720,549,212,423,397,301
271,622,578,406,157,262,246,172
311,698,661,492,130,266,251,183
241,655,624,449,163,320,304,221
296,663,626,485,153,321,297,212
275,805,770,565,111,243,228,172
306,817,774,599,189,425,408,312
322,830,794,577,149,299,278,202
300,781,744,554,148,332,316,250
321,772,731,524,204,461,430,336
321,795,756,554,135,221,205,156
257,562,528,375,138,240,228,165
330,741,700,507,126,271,258,187
207,496,470,309,152,307,289,224
298,796,763,544,129,216,202,147
344,866,826,581,201,456,437,344
189,484,467,307,207,460,432,341
340,856,825,616,176,347,324,242
311,809,763,542,148,326,301,239
202,590,566,406,169,325,303,227
264,659,620,453,130,200,187,149
303,806,758,556,111,254,246,168
273,775,739,548,124,284,266,214
271,700,674,505,122,196,185,143
266,787,758,575,131,283,268,179
262,652,624,485,171,358,344,250
255,573,545,411,134,265,247,192
280,668,630,458,104,207,189,147
328,891,844,621,122,267,255,166
340,938,912,674,168,354,333,276
290,877,842,619,196,428,406,320
230,580,552,416,141,292,269,205
309,762,718,521,122,249,230,164
334,876,837,615,144,266,248,169
244,529,498,354,136,280,272,189
365,867,825,618,139,301,286,198
276,774,745,544,187,425,402,299
304,818,776,568,132,245,222,166
274,711,666,501,132,290,271,212
329,766,728,534,112,212,200,142
283,828,797,590,168,383,360,264
311,808,767,552,151,289,271,189
264,741,708,531,130,239,227,158
225,641,617,456,148,325,302,218
288,803,774,586,180,326,307,232
295,838,803,593,152,319,301,225
275,665,633,442,126,211,194,150
306,729,685,483,157,306,288,215
302,719,686,505,135,275,262,175
278,694,663,476,149,279,270,214
233,620,593,409,146,281,266,178
346,869,832,605,166,343,321,233
276,691,656,472,161,302,288,197
293,747,717,523,120,203,186,142
261,677,646,500,152,341,326,223
252,697,663,471,168,401,381,284
220,587,556,416,162,310,292,237
281,816,784,586,163,404,385,289
309,762,722,551,115,231,219,153
244,552,522,345,206,430,398,294
287,822,793,577,139,333,319,231
235,605,574,401,131,216,197,152
309,819,789,568,129,244,228,156
302,762,719,544,178,380,367,273
333,826,797,582,133,258,245,174
307,836,793,605,128,273,261,175
270,723,689,519,178,361,330,242
259,629,607,429,170,360,338,251
274,776,741,545,157,273,260,185
295,765,730,537,94,145,135,108
319,840,802,606,133,247,238,172
292,741,708,516,107,182,170,139
282,670,642,468,114,207,188,139
343,850,804,605,145,366,343,253
223,521,496,351,141,263,245,176
285,729,684,501,145,352,337,266
277,748,712,515,135,241,229,179
315,763,723,505,170,330,310,244
270,687,640,461,121,226,211,146
251,659,625,461,142,276,260,180
258,747,722,528,107,209,192,139
322,845,806,606,138,290,267,199
228,587,553,417,151,318,303,222
261,735,703,527,111,208,200,141
274,651,624,478,178,345,329,246
286,756,713,526,145,270,255,186
265,793,763,550,144,280,259,207
211,499,468,349,139,321,307,223
304,716,679,494,153,315,290,204
291,752,714,519,169,344,331,257
273,647,607,461,177,386,362,250
225,566,537,416,148,348,332,253
256,626,595,396,136,304,287,215
316,797,761,569,115,227,211,163
274,753,721,539,158,311,297,228
294,783,752,527,151,274,250,185
268,702,668,505,110,184,177,139
225,596,576,419,161,337,324,235
294,783,749,539,144,268,253,196
321,850,813,602,170,374,361,263
304,755,715,530,183,423,397,275
270,766,728,545,128,247,236,183
273,739,693,537,126,247,231,161
346,883,849,606,136,305,280,208
242,541,520,365,119,265,254,183
336,904,867,660,121,301,279,187
232,595,565,411,135,288,269,188
267,804,770,579,148,243,217,171
332,870,828,638,136,261,247,181
283,768,749,566,149,323,301,219
237,708,678,483,136,288,272,205
360,861,822,587,174,393,371,267
317,797,762,572,144,257,239,166
209,465,433,292,184,346,328,243
284,692,666,464,101,187,176,129
328,820,775,590,142,243,231,174
221,560,532,376,155,296,277,206
293,847,800,587,158,339,316,254
331,829,790,611,142,306,295,207
325,900,872,658,183,378,355,258
274,671,641,499,141,282,267,205
346,831,801,583,160,311,293,215
338,851,805,587,143,264,252,197
213,516,494,345,155,338,315,226
293,810,780,577,167,301,285,225
267,658,637,437,154,303,289,198
310,861,820,629,188,328,307,251
301,757,718,519,119,274,262,198
265,714,677,478,158,399,370,268
350,964,927,694,172,368,348,250
335,756,727,527,132,272,246,180
286,839,810,602,195,441,410,314
317,820,788,618,164,313,289,211
252,602,570,400,162,335,316,247
332,830,798,600,117,168,154,113
286,683,642,449,98,180,168,116
325,908,871,647,114,198,179,125
235,727,699,502,178,299,270,205
283,661,624,470,150,304,282,209
257,597,566,404,120,273,256,197
272,693,668,491,145,350,337,240
323,905,874,631,203,441,409,325
244,666,644,461,136,224,213,161
230,604,580,404,116,195,184,146
309,747,710,534,154,328,312,224
385,937,884,642,112,207,191,148
325,860,818,604,165,308,286,214
272,703,678,501,179,424,409,284
280,707,673,501,158,356,329,261
340,868,833,630,193,408,382,275
293,704,660,475,113,258,241,196
293,640,599,418,150,353,327,256
282,771,732,526,155,351,332,244
270,834,804,595,161,411,391,307
234,606,581,418,185,429,412,309
255,694,670,531,125,197,184,157
239,627,606,432,147,317,303,227
278,789,758,542,173,364,341,257
307,807,767,571,145,247,235,184
264,746,712,531,145,273,252,178
278,740,711,534,131,291,277,201
315,854,811,601,142,275,257,181
322,769,737,530,135,230,216,160
265,683,652,472,145,277,262,185
267,750,713,546,137,304,282,209
220,588,561,414,128,239,220,149
327,919,881,659,155,349,335,230
316,765,733,538,120,212,201,138
304,836,801,568,139,306,286,200
319,841,805,600,131,242,225,147
313,797,758,563,196,388,359,267
299,812,784,560,118,236,218,154
312,747,721,510,153,268,252,173
268,754,718,531,177,320,306,235
200,547,520,364,186,369,347,256
332,863,824,603,133,220,205,152
250,602,567,401,137,263,248,196
311,766,732,532,97,178,164,115
264,726,691,510,210,431,401,283
279,642,615,412,113,223,208,174
319,886,838,630,124,304,289,224
334,838,802,565,150,276,251,191
227,577,559,415,123,201,186,132
246,584,564,396,119,210,193,151
256,662,624,460,171,361,340,255
305,778,741,536,171,344,320,253
275,611,581,414,175,318,301,228
268,754,726,538,143,273,263,210
351,842,806,606,152,290,273,189
287,739,714,576,113,215,204,147
309,825,792,584,132,271,255,200
162,533,510,361,158,328,295,230
275,731,684,479,126,242,219,156
207,550,526,370,147,261,249,187
220,631,598,435,184,379,357,288
286,811,782,565,127,297,280,210
304,793,753,559,145,286,271,173
289,793,762,544,155,375,355,253
303,678,650,476,168,371,349,245
268,790,757,569,134,269,256,185
299,703,666,502,129,278,255,181
244,584,556,401,99,153,144,110
319,839,798,594,115,220,204,151
238,718,693,525,163,327,311,247
246,691,654,455,179,492,468,336
304,838,816,616,177,375,353,277
322,857,816,611,168,387,362,283
271,698,658,467,162,346,324,231
286,752,712,535,138,258,242,197
316,780,735,535,137,324,308,229
235,556,524,394,120,248,234,190
267,689,666,522,143,252,233,167
305,758,728,551,167,311,291,215
272,750,714,518,165,414,387,289
283,621,587,408,93,167,155,119
290,768,726,545,159,310,286,215
269,697,673,480,153,319,299,198
259,792,763,584,129,256,236,171
293,745,723,522,181,381,367,284
230,618,590,440,172,428,413,328
289,811,773,546,192,419,395,306
259,579,552,412,130,244,223,177
265,695,665,462,165,383,362,290
240,721,690,521,156,372,354,240
340,855,820,616,152,341,323,247
305,817,789,585,146,302,284,223
311,850,821,614,174,406,381,274
269,668,637,441,145,304,282,203
338,843,804,609,123,208,197,154
277,707,675,473,146,296,276,217
288,639,609,436,165,293,271,193
245,709,686,504,166,332,312,242
245,740,716,533,165,314,292,213
308,801,762,535,143,248,234,180
201,548,524,388,172,353,336,274
292,754,711,514,123,214,199,153
295,847,819,576,175,364,334,246
266,745,718,529,177,424,403,284
270,705,676,505,153,269,259,196
300,792,747,554,169,341,323,242
277,724,683,520,110,182,170,137
304,733,694,504,189,405,376,293
291,706,674,501,119,264,240,173
285,683,645,456,138,318,302,208
311,799,778,588,144,293,273,219
271,773,735,530,167,356,330,254
281,684,650,464,150,305,287,198
274,662,620,491,185,378,353,257
279,782,744,537,198,435,409,294
262,607,581,396,126,268,260,187
293,763,731,525,158,267,249,176
262,668,641,427,159,314,294,222
213,558,531,375,132,243,228,172
228,607,579,375,130,212,198,165
246,637,611,447,137,240,226,163
287,658,625,483,179,377,355,266
267,753,709,534,171,379,358,282
292,842,810,584,154,320,302,206
259,641,603,432,192,416,392,278
288,735,698,519,175,336,314,238
280,722,674,466,146,337,316,219
288,694,661,471,200,456,429,312
218,595,561,370,152,251,230,167
312,767,728,529,138,289,276,196
212,486,460,354,171,315,293,224
284,727,695,488,169,425,397,313
217,514,497,359,117,218,200,149
315,770,725,561,168,391,377,286
347,922,882,665,136,236,216,172
286,804,767,588,168,405,377,286
262,734,690,517,133,241,222,175
317,806,760,562,146,244,234,169
259,665,637,467,114,233,217,165
276,758,722,560,170,382,362,248
268,688,657,491,143,264,250,181
213,552,525,365,136,239,219,170
313,826,796,597,148,331,314,221
274,725,690,493,195,473,449,346
259,687,650,476,112,224,209,172
264,673,640,469,131,239,221,169
354,847,806,570,130,246,228,187
336,848,806,593,152,297,273,205
334,868,828,608,144,300,277,208
217,589,568,388,169,352,331,246
254,628,597,478,178,421,400,325
270,760,720,533,184,461,438,304
311,768,734,545,103,185,178,123
253,636,603,452,157,289,271,187
294,860,823,584,118,210,192,138
282,761,731,540,112,257,243,160
212,592,567,359,149,333,316,234
256,582,556,390,149,281,266,186
268,729,701,511,181,356,337,225
271,741,706,513,124,217,203,148
363,828,798,577,109,164,153,119
254,588,555,409,190,477,455,368
337,880,851,647,130,247,229,174
282,777,736,526,158,339,320,245
231,611,577,401,115,272,253,184
254,721,683,526,172,351,327,241
316,834,799,595,195,422,406,298
274,777,747,543,134,251,238,183
298,780,745,563,121,239,222,155
298,790,761,548,172,372,349,281
284,728,686,516,178,410,385,268
334,868,836,618,193,375,346,266
278,658,619,438,158,312,290,228
281,763,718,525,162,318,293,221
335,841,796,598,150,308,282,206
246,598,574,418,164,403,385,291
319,830,785,581,169,375,350,262
202,554,525,374,129,242,230,150
264,613,585,411,150,362,339,255
269,734,702,505,113,280,268,189
240,667,647,451,120,232,213,153
272,761,735,529,186,382,359,263
220,570,552,403,121,247,227,157
264,759,730,531,176,395,372,261
282,771,746,568,140,244,225,162
349,852,815,579,118,275,260,186
319,787,740,543,181,473,454,349
264,744,710,510,190,384,371,276
251,724,698,492,133,289,268,213
253,694,658,507,100,211,195,144
246,726,697,515,94,176,168,119
274,669,634,461,129,281,264,195
327,782,753,529,138,257,237,170
283,746,713,492,133,236,221,172
222,603,577,415,169,363,344,261
314,801,755,570,165,389,359,255
236,552,523,389,145,319,296,224
228,573,540,379,193,404,381,304
282,680,643,500,123,241,225,174
313,831,787,600,178,342,319,228
325,769,720,565,187,378,355,264
302,810,776,572,138,297,284,185
295,722,688,525,137,286,272,186
288,805,761,589,158,288,273,203
263,724,689,502,99,149,138,104
314,790,755,541,209,437,413,306
247,671,652,497,157,319,294,224
311,818,781,581,211,444,420,310
382,893,847,602,162,330,307,237
312,770,739,567,127,214,207,165
270,722,691,517,113,226,216,175
213,587,566,410,123,229,217,146
264,761,722,525,109,222,217,156
298,746,710,503,142,274,258,200
228,623,600,441,154,342,323,233
296,673,635,501,180,397,376,282
272,732,700,508,149,345,325,242
293,771,745,562,140,281,266,185
233,642,623,460,148,308,290,222
253,627,597,427,184,386,361,274
298,785,745,529,136,301,285,196
259,696,674,496,173,333,312,229
322,879,843,631,158,362,340,266
273,700,671,490,131,262,248,196
247,724,698,536,118,254,234,174
279,759,735,532,197,415,387,286
284,735,698,511,182,433,410,293
244,758,732,553,108,218,201,136
221,574,553,398,149,312,294,208
257,693,671,482,136,301,279,220
215,571,543,388,137,326,315,202
247,613,578,396,145,263,248,181
270,681,644,464,170,377,352,246
252,744,713,494,177,369,345,252
311,800,757,569,160,308,288,209
272,701,672,468,77,111,103,77
314,812,775,553,124,237,226,172
275,715,669,490,129,259,242,167
251,637,610,432,130,252,241,170
204,505,479,374,143,309,290,216
250,747,711,521,116,239,231,173
305,807,777,564,127,250,235,163
216,576,547,374,140,274,257,190
317,693,654,474,141,284,271,206
315,747,712,565,132,302,282,202
261,644,613,434,167,353,341,271
269,779,749,548,119,195,185,129
275,774,739,530,174,342,314,229
284,806,765,578,175,352,326,247
290,733,701,485,142,302,281,197
302,810,764,586,134,269,247,164
314,837,786,603,128,237,221,155
303,763,733,543,165,316,300,228
237,597,578,399,136,276,259,203
230,499,477,355,151,302,273,210
283,771,734,540,173,362,340,250
220,536,503,355,144,283,258,191
284,734,706,568,166,323,307,228
289,737,699,521,150,311,288,229
248,562,534,379,119,241,226,160
317,774,739,543,117,225,206,153
341,796,750,547,164,323,304,227
322,825,789,586,145,305,286,217
290,770,737,563,163,265,251,179
255,582,550,384,123,239,224,162
295,851,824,608,143,262,247,190
372,948,905,670,132,306,297,198
275,722,699,485,185,458,432,346
260,735,692,531,149,397,378,278
259,744,715,514,94,139,130,98
315,849,806,603,155,264,236,183
273,780,753,552,94,135,121,102
277,679,651,459,126,253,235,177
246,594,565,410,131,267,248,184
254,763,735,532,154,344,328,256
271,693,648,484,150,298,282,210
294,734,704,503,172,327,310,219
242,564,535,415,166,293,278,207
227,624,600,427,141,288,271,214
285,811,782,576,139,258,241,181
252,656,624,436,141,353,338,253
354,881,838,608,150,359,332,266
362,900,867,636,156,255,233,168
331,841,802,606,147,397,381,268
353,889,848,634,148,389,373,295
256,760,732,548,103,229,215,157
235,565,530,381,116,250,232,181
263,701,669,483,127,246,228,187
288,765,732,532,130,279,266,205
253,731,704,524,109,195,186,129
263,675,643,450,197,387,363,275
273,711,663,475,127,255,236,175
284,721,690,494,140,248,238,181
266,580,552,411,221,557,532,388
264,617,581,428,191,419,391,302
286,743,702,528,196,416,389,292
310,743,707,507,143,284,266,196
340,909,874,656,152,351,331,244
252,701,668,493,158,351,327,249
247,686,659,481,164,404,383,281
306,873,842,611,154,292,264,187
290,658,627,439,144,292,270,192
285,716,686,498,166,369,350,285
263,622,589,452,194,420,399,314
322,908,875,658,126,214,200,173
227,496,467,326,160,307,289,221
263,733,692,491,144,284,265,200
296,759,724,526,141,276,257,188
231,497,468,322,221,467,438,327
277,729,702,509,145,305,283,209
289,800,764,569,145,278,249,200
224,584,564,382,145,297,279,196
319,844,796,604,199,445,416,322
252,673,640,451,129,253,238,171
284,678,649,479,161,317,290,201
290,759,717,511,116,193,180,140
298,755,724,554,178,376,351,256
334,882,843,615,141,306,283,213
245,570,541,396,209,383,359,259
296,707,675,474,122,187,177,133
304,785,761,561,122,226,215,165
269,755,709,531,152,327,308,218
263,771,730,553,169,319,301,220
190,503,469,318,145,285,264,188
306,785,741,542,138,279,256,209
208,515,495,348,88,179,165,118
296,802,766,563,188,405,377,291
214,518,488,368,169,330,313,240
201,574,553,411,125,231,219,161
260,650,620,431,111,192,177,158
284,693,663,490,134,269,254,193
224,610,581,403,126,282,263,193
266,609,579,403,167,372,353,261
305,768,740,560,119,222,203,158
258,597,572,438,127,212,192,146
283,766,742,566,131,255,240,180
330,878,832,609,174,408,393,275
300,837,808,592,143,307,291,214
278,736,701,509,191,425,406,298
269,675,649,457,161,284,271,216
247,658,633,437,155,335,317,216
317,790,747,542,114,246,232,161
285,807,775,583,175,358,338,252
267,706,690,514,150,277,261,177
306,813,782,573,188,390,362,272
268,664,632,456,114,211,199,141
278,690,656,490,144,350,330,235
248,519,484,366,128,320,304,220
259,595,552,394,139,263,244,190
298,680,640,438,129,208,199,149
283,736,702,529,128,213,202,168
252,703,661,510,155,307,282,225
249,649,631,451,160,310,291,204
264,759,735,522,138,247,229,171
267,780,750,560,122,211,196,150
278,649,605,443,156,294,273,201
304,828,782,588,146,304,294,234
284,660,629,494,173,285,265,213
269,750,721,553,159,296,276,207
263,668,634,435,141,252,231,187
271,668,623,464,115,223,207,154
310,782,754,537,170,368,340,254
275,685,659,464,144,357,340,241
255,632,596,422,185,365,341,261
299,799,753,586,138,247,229,180
242,584,553,420,115,220,206,150
279,773,742,535,139,235,221,157
268,679,644,471,154,294,274,198
197,508,488,352,136,296,279,187
321,818,777,586,141,200,182,130
317,744,712,516,176,426,407,305
250,663,628,475,124,264,252,183
309,813,779,559,152,282,260,174
301,821,782,574,121,230,213,163
301,757,726,551,128,201,179,153
251,628,603,429,140,311,296,206
239,701,670,501,146,330,307,244
250,553,521,379,149,349,327,252
232,625,596,412,133,296,278,192
312,838,805,554,175,382,353,263
277,777,746,549,155,284,268,193
265,686,650,507,169,391,364,280
265,676,642,495,112,200,183,140
246,596,565,417,184,430,409,302
310,810,771,560,141,324,297,235
235,599,559,426,87,111,93,97
234,618,582,384,146,227,213,166
279,708,681,502,100,152,141,107
296,792,755,568,127,194,170,135
228,576,548,409,143,295,279,191
266,614,587,443,142,287,268,200
160,480,463,330,104,191,180,142
275,630,589,415,129,291,274,202
282,761,726,513,136,314,299,238
240,612,585,413,119,174,159,115
231,458,436,321,168,335,313,227
338,783,747,527,166,308,290,219
272,635,604,455,188,370,349,244
317,836,798,608,141,317,298,241
305,803,767,552,166,295,272,212
271,690,660,459,125,240,224,163
286,726,696,510,98,134,119,95
259,745,716,500,121,237,225,161
303,860,822,580,144,319,306,241
307,834,799,602,134,296,281,232
273,797,767,596,167,343,322,250
264,593,562,423,187,445,419,320
287,745,714,525,133,263,242,190
306,862,836,616,145,310,294,225
251,750,720,522,139,325,304,211
345,826,792,569,102,212,200,143
287,790,757,564,129,235,222,183
286,699,655,484,163,302,278,199
335,887,855,642,186,385,364,252
275,732,705,519,186,433,415,318
268,625,591,418,125,219,195,169
354,837,798,562,165,362,341,249
253,618,589,424,138,282,257,194
328,822,780,545,135,251,240,188
274,713,674,498,184,459,440,316
305,675,643,469,154,328,311,219
274,745,699,534,138,278,262,190
307,746,720,512,161,331,316,223
283,637,607,429,93,156,142,112
212,640,622,458,149,279,254,176
280,668,631,452,149,259,237,188
269,706,657,469,180,464,441,335
312,801,763,572,142,299,287,214
287,694,657,480,139,299,280,205
288,728,700,505,155,387,375,280
215,585,555,379,94,160,150,102
266,635,604,434,167,362,341,251
356,805,761,551,149,295,283,230
324,818,785,585,113,240,230,171
277,712,683,467,218,477,450,339
265,792,757,541,116,216,196,136
299,722,682,495,130,256,231,163
252,558,534,386,158,376,354,261
193,545,514,350,185,377,356,279
277,765,737,531,132,290,271,203
252,678,653,430,147,264,244,182
216,533,506,361,150,296,279,202
263,582,547,391,160,312,293,218
230,625,600,417,150,317,293,220
222,529,508,367,135,214,187,156
302,691,657,481,140,270,257,180
187,485,454,295,147,352,339,268
305,790,742,537,146,300,287,209
270,770,740,550,151,281,260,203
233,704,677,488,223,522,497,368
295,763,737,580,142,361,339,241
271,723,683,496,165,344,323,246
272,710,672,504,114,209,201,150
273,781,757,549,113,203,186,154
305,716,682,472,156,336,324,236
346,775,731,514,132,328,309,200
249,665,640,495,141,296,283,193
266,803,767,540,131,272,258,196
307,799,751,556,168,359,341,263
271,793,757,587,160,342,316,235
242,626,597,443,99,155,144,118
325,749,712,538,142,322,307,232
280,843,800,581,144,285,265,187
265,659,635,474,152,342,319,250
255,703,664,480,145,313,293,213
294,826,789,598,112,229,220,147
289,756,713,513,166,383,373,278
336,819,779,561,156,322,303,243
251,674,640,468,115,246,231,172
302,751,722,528,130,235,218,167
238,617,586,411,154,312,288,223
320,886,851,648,150,316,303,235
282,793,762,567,171,363,338,229
273,707,668,478,110,234,219,170
338,782,738,527,138,291,271,203
269,720,680,508,188,421,396,287
297,809,779,558,141,304,286,188
347,830,780,590,129,186,166,121
271,745,715,540,158,356,335,251
331,806,770,556,152,320,294,219
306,811,780,576,155,276,254,181
234,650,615,436,204,424,399,292
326,837,798,575,138,279,265,176
219,526,493,402,152,289,270,213
238,609,577,427,134,269,258,203
344,802,754,542,131,281,270,205
266,703,670,511,183,364,338,253
295,789,756,577,129,291,278,231
281,720,688,495,152,303,284,197
244,585,553,412,132,273,251,165
205,535,507,361,149,297,270,200
280,673,642,473,139,272,256,210
244,651,620,455,193,445,421,327
239,650,623,427,189,355,333,252
193,476,449,294,128,218,202,153
327,821,779,600,162,346,329,243
289,833,803,614,102,188,175,122
269,636,597,410,148,276,252,186
318,786,749,561,130,269,248,192
280,785,741,553,100,194,179,130
286,794,762,566,159,340,320,237
213,486,461,302,145,279,254,197
262,727,697,520,146,298,277,220
329,831,792,580,145,300,289,209
336,854,810,596,150,285,270,216
230,560,538,370,132,263,248,177
213,559,534,376,190,399,375,296
275,731,705,519,118,259,249,193
301,798,759,570,175,328,312,236
274,665,635,474,147,346,321,252
266,657,616,448,162,290,264,211
336,792,758,544,135,308,294,217
203,482,451,308,184,402,384,291
297,852,813,613,151,281,265,190
253,596,564,385,173,366,345,264
294,762,723,546,86,154,143,114
229,652,625,497,143,319,299,224
257,680,653,474,153,286,265,183
282,782,753,546,138,239,216,162
309,818,779,574,180,404,386,290
280,760,732,551,101,175,164,125
313,868,835,621,142,304,285,218
278,752,729,517,144,352,331,244
265,744,715,520,126,258,245,172
338,840,790,592,172,372,339,265
287,777,738,540,181,411,391,289
258,551,521,375,179,362,345,251
300,801,753,577,124,195,189,126
265,641,618,422,173,395,374,281
313,772,738,543,196,433,410,316
307,875,833,631,130,268,251,184
320,851,813,593,163,382,366,290
293,777,744,540,100,186,174,135
277,715,681,517,129,217,200,137
240,686,659,483,193,414,387,294
270,656,629,502,150,338,311,215
330,956,911,672,95,142,130,110
320,819,781,585,135,267,251,187
289,769,736,528,141,267,247,197
269,673,637,446,168,367,358,256
282,664,626,439,128,289,276,215
331,866,826,611,93,185,171,130
277,791,749,568,205,422,407,299
281,677,641,493,128,245,225,169
328,845,817,618,128,267,251,162
308,711,674,534,110,195,175,145
354,938,894,647,160,292,272,227
226,655,621,442,182,378,361,245
289,680,640,489,115,220,206,145
332,842,811,582,198,460,432,316
261,605,575,421,166,380,360,287
310,815,786,580,163,312,296,224
304,707,677,468,145,323,305,244
240,585,549,381,174,341,323,221
271,632,602,418,136,262,246,185
322,762,717,515,154,305,285,213
320,826,788,574,154,285,271,215
264,743,717,541,149,333,312,213
212,505,473,347,198,449,428,324
325,778,750,565,154,277,264,199
298,724,696,527,185,436,414,319
288,741,708,505,158,345,325,255
212,499,479,375,131,318,301,224
362,789,749,548,113,223,200,155
287,768,736,515,197,462,436,320
282,719,684,502,155,302,286,210
284,626,577,441,175,332,306,239
252,764,734,525,159,335,315,260
268,717,688,512,168,353,330,245
324,847,807,607,140,307,289,204
293,775,743,527,188,371,351,252
362,934,879,657,109,225,217,156
223,619,607,415,138,330,318,205
266,675,643,508,122,189,176,125
297,822,790,619,164,357,338,236
288,656,626,423,184,394,372,291
256,826,792,617,198,427,399,306
271,595,563,441,178,384,365,277
302,702,670,468,162,343,326,238
262,727,689,512,155,283,264,190
327,789,755,583,108,181,163,124
346,874,840,628,150,239,224,174
311,910,865,642,139,329,307,216
304,810,782,571,219,490,469,341
272,744,709,509,133,300,279,209
321,829,795,611,161,315,299,231
249,703,662,523,141,260,238,181
310,783,741,572,207,406,377,287
237,686,652,448,129,253,238,179
268,766,734,573,136,334,317,235
199,519,482,335,165,372,358,263
333,858,816,620,151,294,281,220
304,690,658,471,150,312,286,214
246,706,672,492,131,289,271,175
318,829,791,568,159,353,335,235
293,661,618,462,159,336,314,262
288,607,576,433,143,258,238,178
311,856,833,640,139,319,299,211
286,706,665,477,123,232,224,182
303,750,726,522,146,287,268,209
186,536,507,388,133,213,193,151
233,645,617,480,141,302,285,220
234,548,520,373,158,347,320,240
280,746,718,526,135,241,229,185
315,834,796,597,191,429,405,297
311,848,817,617,123,226,215,167
328,805,768,571,127,256,245,172
278,638,600,442,117,258,243,174
169,450,426,304,123,227,210,172
301,762,733,534,154,361,336,257
358,791,753,569,156,311,295,223
249,727,685,517,163,367,353,247
222,594,562,394,180,389,370,277
284,705,683,470,151,337,319,250
297,744,707,496,133,273,259,209
281,791,760,588,155,314,293,218
234,541,502,369,167,372,353,260
334,795,750,555,117,236,219,156
306,750,708,511,162,328,310,237
248,767,734,550,176,346,326,242
263,744,720,512,114,201,187,151
289,766,718,535,157,353,335,245
262,699,670,490,198,460,437,318
293,722,687,508,120,273,258,178
231,575,539,382,161,307,290,189
260,651,619,440,153,345,324,227
308,770,737,545,117,261,244,159
230,601,579,411,147,297,280,209
290,780,751,537,173,336,313,242
277,750,713,530,196,429,406,297
242,672,650,496,134,282,266,184
278,737,704,521,136,265,253,183
286,776,731,538,161,342,327,224
234,544,514,425,128,235,217,151
253,673,651,481,143,253,237,180
327,766,726,571,136,226,209,149
285,872,842,621,161,316,297,202
298,652,612,426,114,219,205,131
287,818,789,578,156,360,343,247
220,582,553,390,155,266,249,194
272,674,639,479,211,464,435,333
313,809,772,563,111,215,203,157
296,826,795,580,187,412,389,301
238,495,479,345,183,348,332,233
342,886,844,629,151,317,292,213
281,761,727,534,125,229,213,157
284,810,783,592,131,234,215,155
236,650,624,427,212,421,394,289
252,625,597,417,142,280,262,187
232,675,653,514,160,363,341,239
326,882,848,641,125,231,214,167
301,769,736,542,134,215,199,147
284,781,733,503,160,376,361,244
258,689,659,497,115,221,206,148
353,788,752,560,130,277,261,189
227,626,604,426,175,372,353,278
247,593,556,392,86,156,144,121
289,729,696,498,142,281,262,169
300,848,805,598,124,264,247,177
328,839,810,569,163,340,317,236
266,666,636,455,139,323,308,226
297,715,674,484,171,310,288,223
283,730,698,481,135,226,213,161
276,640,611,442,178,380,345,236
279,681,651,490,117,199,184,129
300,731,700,501,105,197,182,117
306,792,750,531,197,462,432,307
231,578,537,394,157,367,344,251
277,771,738,543,155,326,302,218
333,816,780,577,140,265,244,175
273,699,663,490,142,256,236,186
267,761,730,538,146,259,237,186
277,719,693,498,156,379,352,275
317,862,825,599,166,320,308,218
305,808,776,588,173,370,354,262
257,643,605,469,107,195,182,149
257,729,699,514,134,264,245,188
219,464,440,342,134,262,246,182
282,813,777,586,132,248,229,170
263,596,572,396,182,436,406,300
231,542,515,369,174,323,309,227
286,717,686,476,116,234,217,162
296,729,695,511,133,250,233,171
313,789,738,551,190,399,369,299
243,556,513,370,129,191,185,132
307,827,794,608,119,304,287,224
280,662,626,448,179,376,340,256
273,674,653,476,104,174,159,111
239,695,653,511,133,293,280,207
309,844,808,590,161,361,332,241
306,851,821,630,151,265,252,192
288,769,737,547,179,370,358,273
319,836,794,609,175,420,403,316
333,825,787,566,124,273,258,180
253,655,619,462,168,410,385,297
236,554,522,358,132,249,227,168
287,814,780,606,169,338,324,226
318,825,801,586,139,237,222,165
307,815,781,596,127,229,213,146
315,749,725,524,219,480,451,326
238,524,486,362,117,221,202,145
297,786,757,566,188,380,360,281
308,821,781,588,195,412,389,288
310,713,677,482,160,319,296,225
272,674,628,486,134,318,306,237
237,656,625,450,131,274,254,189
288,793,760,555,173,352,333,236
232,645,613,440,170,313,293,216
317,756,716,530,145,259,241,193
273,713,692,500,157,296,283,203
294,774,737,537,132,280,267,179
250,643,604,423,136,292,280,192
286,676,647,462,181,411,397,272
298,723,691,504,98,197,183,153
236,697,663,491,153,319,301,236
280,733,693,531,125,304,288,213
281,818,778,588,161,299,281,209
335,904,863,665,143,309,289,211
259,592,561,411,137,290,269,192
293,875,845,636,157,338,315,221
251,648,615,442,138,272,255,186
267,735,698,499,159,343,317,247
271,624,603,388,174,385,365,273
253,607,570,415,210,408,385,284
249,663,629,469,150,305,282,244
325,833,790,575,145,314,292,216
348,842,803,569,150,294,268,200
340,872,843,623,144,265,248,191
201,539,511,351,164,370,350,257
275,736,701,523,108,257,242,171
321,828,791,569,197,419,398,321
305,797,762,547,119,298,278,191
346,871,833,634,197,358,334,245
270,675,640,426,159,297,281,201
332,779,746,542,114,228,211,142
318,804,759,565,169,384,360,250
335,823,776,563,160,269,252,173
318,777,751,569,148,288,277,219
245,750,714,519,216,443,414,297
333,836,795,559,197,470,447,354
350,781,732,511,149,283,257,176
259,772,740,535,126,239,225,177
250,692,669,489,168,389,373,291
345,879,847,632,168,355,339,252
298,799,762,565,134,280,265,183
254,709,685,506,141,279,264,194
275,699,670,509,203,452,426,313
339,762,726,557,126,227,211,151
309,854,817,592,121,267,254,206
317,807,769,574,150,280,268,189
222,662,640,526,150,271,250,201
256,606,567,405,116,226,213,157
222,581,558,405,176,377,357,264
295,779,740,533,144,339,323,236
267,697,677,513,109,191,175,138
322,819,784,551,153,292,273,198
251,709,673,510,178,396,372,291
318,856,816,613,147,245,221,188
317,812,774,558,136,296,278,186
312,733,693,482,122,275,259,217
271,603,567,407,178,360,339,261
239,589,572,401,142,201,178,140
304,774,724,558,165,360,330,256
288,692,666,473,112,202,185,143
285,774,737,538,192,401,382,280
332,778,738,541,148,324,305,242
230,565,544,390,105,235,217,152
250,630,597,415,150,333,315,236
235,619,597,447,142,271,252,184
355,853,820,593,178,416,392,270
299,708,681,509,164,343,319,220
297,827,799,585,165,342,323,237
271,787,764,559,143,329,307,216
326,790,763,542,163,339,323,221
174,462,439,292,146,372,354,244
304,785,744,542,155,289,268,196
235,622,592,417,122,250,237,180
324,765,724,520,104,152,138,104
210,536,511,354,194,394,371,249
237,553,524,386,177,415,395,306
309,786,761,571,126,211,193,142
285,784,755,561,141,247,222,165
301,782,747,544,179,384,362,269
288,757,716,514,162,346,331,257
313,798,751,538,99,192,178,134
252,653,618,440,147,353,331,230
232,572,545,380,155,308,278,204
225,578,548,443,174,359,341,248
302,755,720,511,162,348,332,247
315,764,731,576,153,332,317,238
235,608,579,409,187,423,406,274
268,644,608,440,130,286,269,201
248,698,671,550,148,263,243,186
220,614,588,418,168,353,332,230
339,896,869,649,143,238,214,164
267,709,684,504,189,393,365,259
244,678,644,484,159,295,279,212
308,813,780,578,106,223,204,141
293,840,807,586,121,227,211,180
261,700,653,473,172,386,362,260
342,919,876,648,168,413,393,265
309,661,630,442,163,308,290,203
307,823,781,572,191,433,414,300
218,593,555,394,123,180,167,122
332,759,713,521,128,242,227,172
284,754,716,508,212,480,456,334
259,623,589,401,146,314,295,228
284,777,741,570,191,344,326,234
265,656,632,484,133,286,274,199
221,493,465,319,129,267,257,178
348,895,857,639,146,281,265,195
299,806,772,559,127,283,268,199
256,715,691,535,134,232,209,173
298,724,689,495,144,285,269,186
287,703,668,478,165,338,320,235
336,866,830,606,166,360,347,266
273,756,727,534,129,269,259,190
237,569,530,378,149,278,257,181
220,575,546,388,117,245,230,160
335,826,794,589,162,320,304,241
266,621,589,420,157,329,312,226
309,838,799,596,118,250,229,164
318,734,697,505,184,374,353,258
259,653,620,437,170,348,331,257
320,823,782,603,149,270,251,192
300,805,768,561,132,316,299,208
248,610,579,424,168,351,328,250
281,691,659,492,176,357,334,232
268,745,707,510,145,284,264,187
271,840,807,598,143,309,285,206
235,640,614,467,162,345,332,245
363,897,861,648,116,225,212,144
288,707,667,545,142,247,229,172
281,731,699,510,151,319,297,226
214,593,575,412,187,434,409,304
315,845,805,595,185,429,405,304
286,727,692,490,170,288,264,196
343,818,779,558,221,456,427,306
290,713,659,470,154,278,264,216
279,637,603,433,155,388,368,262
291,812,778,569,120,211,196,163
333,773,717,510,198,450,423,289
275,736,700,499,173,345,321,239
290,779,742,555,187,351,330,232
277,808,779,578,155,296,277,209
247,629,607,429,178,387,367,267
239,634,598,418,142,261,240,187
310,750,713,521,166,356,334,236
239,597,578,414,176,358,334,237
335,896,861,643,176,460,444,338
287,648,619,448,185,366,347,240
321,800,742,554,175,357,337,260
294,708,671,472,134,233,218,165
254,683,652,480,187,403,387,301
310,786,756,566,129,239,221,160
301,736,702,504,134,298,283,212
271,780,745,574,172,360,338,248
328,892,853,633,148,291,277,207
307,760,719,538,168,323,310,199
292,802,775,553,140,280,256,177
326,824,794,588,167,375,351,248
244,668,646,520,140,252,234,185
287,719,688,482,172,385,363,278
294,760,733,550,154,358,340,238
269,842,813,583,161,359,336,236
335,878,840,638,185,395,366,271
324,810,772,591,164,401,382,279
283,793,757,578,177,347,330,253
280,736,702,518,140,287,271,193
265,729,694,493,102,216,203,152
310,802,747,534,138,282,264,198
321,759,724,530,150,332,317,228
218,604,572,413,148,292,267,207
270,734,688,493,150,349,326,246
266,690,660,465,119,342,327,254
240,708,686,503,139,246,225,160
258,715,683,509,170,357,332,270
269,620,578,417,101,198,185,157
298,753,726,523,113,213,201,151
303,778,742,543,129,277,259,188
297,771,730,547,125,267,247,184
178,479,457,325,136,223,204,148
262,661,620,473,153,275,250,210
257,591,564,426,163,304,267,215
355,849,807,602,170,364,344,243
266,792,760,594,130,289,269,205
323,832,798,591,151,301,284,236
265,674,646,493,150,306,287,197
262,638,617,446,183,445,428,303
278,756,724,530,149,300,277,208
284,684,640,460,108,215,197,159
307,715,676,493,140,296,276,205
329,826,784,568,157,353,333,251
210,550,517,361,138,324,308,232
271,691,665,452,131,222,211,158
258,626,586,422,120,221,200,164
183,467,447,334,159,318,302,196
345,850,807,593,172,389,372,276
291,725,683,512,135,305,286,211
265,697,666,524,135,274,259,206
336,893,842,650,149,275,260,198
281,717,687,515,144,257,235,184
304,777,734,540,158,281,257,204
336,803,772,546,147,246,230,187
290,830,797,610,183,410,389,303
294,813,781,575,148,325,307,228
315,756,717,517,143,282,267,202
282,719,688,530,161,302,289,189
290,730,699,525,126,263,250,179
279,732,698,496,123,230,209,155
200,544,521,371,111,184,168,123
301,762,723,554,114,206,192,143
318,860,822,593,157,315,299,225
266,648,610,429,147,327,310,237
332,806,776,583,145,256,234,189
236,637,604,469,99,184,171,119
277,711,674,534,106,222,208,151
250,669,637,465,127,287,268,192
322,845,799,614,108,182,169,124
296,716,674,509,142,261,239,185
275,693,661,488,121,288,278,178
357,850,800,581,162,325,305,222
264,674,646,493,117,185,174,143
362,841,801,589,141,377,357,255
297,761,727,546,122,290,275,181
285,776,742,552,145,330,315,212
268,643,607,438,134,254,234,166
294,766,736,546,135,277,255,185
300,668,634,457,189,382,361,267
263,645,606,413,125,276,271,183
275,710,671,474,162,347,327,238
305,721,684,491,153,341,324,221
300,722,674,500,142,293,277,215
191,488,464,323,162,343,317,256
162,410,392,250,170,390,367,253
286,801,774,543,142,263,246,199
293,661,623,458,170,411,391,298
303,792,767,587,132,256,236,197
294,735,697,523,174,354,331,252
340,855,815,603,143,295,275,218
228,511,477,339,171,337,318,236
286,771,734,575,151,302,293,208
235,616,593,421,209,500,478,346
276,830,797,582,157,311,291,220
362,922,876,672,144,286,266,196
309,836,790,579,173,363,348,244
200,550,526,386,131,269,254,192
355,852,808,568,147,265,254,185
287,729,700,576,144,320,300,223
253,754,723,564,123,261,246,198
324,821,778,587,176,362,330,232
285,766,721,526,158,336,316,248
315,685,649,459,131,272,259,192
298,805,758,588,141,287,268,188
235,568,539,418,135,259,247,177
244,626,597,436,181,395,374,279
284,756,729,541,151,269,245,188
292,809,775,542,139,274,254,192
288,792,745,537,126,309,290,220
298,813,774,565,145,274,252,196
302,796,765,548,116,192,178,125
302,837,798,584,125,248,239,170
270,689,655,468,135,301,284,215
277,812,780,599,126,279,266,193
289,797,755,560,147,250,231,184
279,740,704,495,136,345,335,242
282,842,813,587,118,249,236,182
294,774,738,540,131,297,284,198
236,598,571,385,149,322,305,238
233,625,598,432,171,317,298,212
292,806,762,570,129,269,253,192
321,847,811,606,158,375,353,263
253,779,755,556,167,321,304,203
323,884,854,627,169,292,273,206
261,676,645,448,171,364,342,266
309,768,726,525,160,357,336,240
219,609,590,422,186,425,398,299
268,714,687,505,124,230,206,166
213,498,472,331,138,256,239,171
256,684,650,478,141,283,267,194
328,775,738,540,127,267,251,182
245,652,621,460,185,416,387,308
288,726,683,470,157,364,346,271
256,619,581,451,168,308,283,215
289,731,699,529,150,280,257,219
276,726,697,505,167,361,343,254
314,735,700,512,120,226,213,157
293,746,713,503,174,349,330,245
240,601,572,406,128,222,209,142
266,691,661,511,132,249,227,167
303,795,751,543,106,195,177,117
222,571,547,385,136,283,260,188
246,649,625,451,118,243,221,159
278,791,767,559,114,263,239,171
295,749,718,548,204,434,417,311
326,813,766,582,163,384,365,276
332,853,813,586,154,309,289,199
255,742,714,541,156,277,253,173
270,740,718,519,141,274,266,185
300,782,750,574,125,233,222,169
323,810,774,570,135,283,267,182
331,785,748,528,158,316,296,223
263,690,659,487,145,264,247,197
349,901,859,646,130,310,289,210
312,925,888,685,139,241,223,181
254,638,617,454,171,347,326,257
290,775,735,525,140,263,248,177
312,743,698,486,95,211,194,137
300,794,759,583,203,509,487,355
207,555,534,418,169,405,383,280
292,775,724,571,194,425,409,304
309,730,686,491,141,272,254,219
270,669,648,461,167,359,335,226
255,774,742,547,149,296,280,221
288,674,634,446,162,358,336,277
294,736,695,508,141,243,228,153
326,873,845,620,116,247,233,165
317,783,751,575,143,341,317,234
256,685,646,479,149,344,320,239
272,774,740,550,165,312,296,229
311,767,732,521,146,255,234,180
312,766,721,519,156,235,217,165
269,789,760,560,148,302,283,195
216,543,521,381,163,358,341,216
322,849,806,586,173,325,310,220
293,776,733,537,147,333,317,203
247,585,566,404,179,335,317,235
299,722,689,495,133,232,214,167
344,811,768,559,119,252,239,182
236,678,656,480,138,257,243,195
275,768,728,539,169,327,307,229
329,867,839,618,195,409,389,289
247,710,683,489,159,325,313,248
241,586,563,392,165,323,302,230
267,652,613,464,208,504,476,350
315,862,824,622,160,319,299,224
280,726,691,517,148,317,301,229
256,700,673,449,158,314,289,212
246,648,609,433,144,278,261,214
282,780,741,534,153,282,269,209
316,747,710,538,177,402,382,268
275,609,579,426,132,291,266,194
310,832,801,574,139,255,238,177
307,769,732,544,148,341,323,240
277,758,729,532,187,371,350,266
306,820,775,567,185,364,350,261
301,796,770,574,122,250,230,188
312,897,867,623,135,284,264,205
296,766,730,538,137,265,251,200
291,769,739,558,156,351,332,216
306,813,775,557,168,406,391,277
339,842,803,594,191,417,393,318
243,566,532,379,150,349,328,244
327,898,868,647,207,483,461,364
222,573,544,372,171,358,334,229
300,814,784,602,115,287,270,205
292,659,618,440,162,352,336,209
278,655,619,441,119,234,215,173
280,656,630,460,149,306,287,211
308,757,723,537,175,372,350,278
314,772,733,533,137,300,281,207
273,741,721,533,114,225,214,155
287,738,709,530,168,290,269,196
181,506,480,326,173,405,387,284
273,758,734,566,185,411,392,267
310,732,696,491,145,305,287,224
288,784,751,556,158,355,334,227
288,724,692,510,169,308,288,221
229,595,570,377,146,273,260,181
273,719,679,486,189,403,383,292
273,779,746,552,141,233,211,141
301,697,664,486,139,300,288,237
317,869,836,612,147,333,320,226
275,746,711,537,172,419,397,306
273,680,648,463,155,335,319,246
258,778,742,551,142,304,279,203
277,766,734,526,186,400,374,263
274,681,650,456,131,274,259,194
296,730,699,491,161,318,296,221
258,667,638,474,128,245,232,182
249,660,631,457,157,351,335,251
302,763,731,550,130,223,205,161
322,761,719,576,163,323,304,231
200,527,504,366,207,427,405,305
273,709,673,475,179,396,379,251
286,756,713,541,175,376,353,259
271,744,704,501,154,361,345,265
281,762,723,528,162,307,291,220
316,857,821,604,163,323,312,229
239,641,615,440,170,358,333,236
271,649,613,442,122,217,201,149
316,790,754,538,129,318,294,205
284,777,747,554,132,251,238,166
303,764,733,521,144,320,304,244
287,800,772,565,197,382,356,279
271,703,666,509,140,288,266,202
283,771,728,523,140,256,240,169
295,694,661,449,102,176,164,124
213,568,548,385,182,402,381,258
262,620,597,442,129,296,282,202
315,782,757,556,157,276,259,209
260,616,585,398,147,341,323,216
261,668,624,463,207,546,520,379
250,661,629,465,189,376,348,255
307,806,774,599,168,333,313,232
324,832,791,578,119,256,241,164
250,727,694,496,159,352,332,231
345,820,783,593,135,259,229,182
275,689,648,488,139,275,256,202
257,573,535,376,146,307,288,222
246,615,584,419,130,203,184,139
345,851,822,614,183,328,304,216
277,747,717,539,155,282,266,184
248,652,615,427,126,280,264,193
346,848,813,593,142,267,251,173
277,729,703,533,131,260,241,182
324,784,748,537,161,326,306,228
222,577,558,389,105,161,144,118
262,710,680,476,97,218,199,134
322,815,766,581,138,281,263,184
229,621,589,430,163,371,357,262
335,844,808,589,121,251,238,182
304,760,730,550,185,358,333,245
285,640,605,450,112,189,173,132
271,660,626,476,93,145,138,109
335,806,759,552,142,312,295,212
278,651,613,440,135,273,257,181
335,797,765,583,148,265,247,189
302,739,710,528,173,401,380,283
237,671,650,513,129,222,202,145
296,738,699,543,96,186,172,129
218,652,626,472,162,309,294,219
321,823,795,561,100,227,215,152
309,779,745,559,123,251,231,197
309,837,816,583,133,242,229,165
304,719,686,476,131,203,186,136
278,647,608,462,185,390,359,261
213,546,522,390,106,251,237,160
234,552,520,362,188,364,345,236
257,629,607,426,132,225,213,148
282,731,697,516,145,356,340,282
229,615,585,402,159,299,283,209
282,686,645,459,106,186,166,132
289,768,736,543,116,225,212,156
325,813,777,587,125,282,267,195
290,725,691,508,208,479,457,338
317,821,785,585,158,388,360,254
305,773,749,546,147,334,315,230
239,582,552,401,198,452,430,314
305,829,790,604,126,219,208,170
328,831,786,575,205,376,354,261
282,829,796,597,99,172,159,126
226,533,506,349,111,200,191,138
261,704,671,502,99,165,156,123
270,798,775,550,152,342,323,209
278,761,722,540,163,333,310,253
229,553,526,353,132,263,248,185
291,780,741,539,140,291,273,213
247,591,556,378,217,522,488,339
262,668,630,447,153,306,292,231
285,694,659,468,123,254,231,178
281,743,712,530,126,248,231,175
201,518,492,331,156,312,294,221
215,548,523,374,156,341,318,221
302,726,685,509,139,287,266,207
243,648,622,438,82,111,101,88
233,558,531,355,169,366,346,252
342,834,794,576,134,280,261,179
260,818,773,588,177,384,366,262
260,679,653,499,160,389,363,240
334,791,752,567,125,254,236,172
249,627,601,431,150,324,307,211
333,945,905,681,189,458,431,346
309,804,772,575,191,397,379,276
327,854,823,578,169,348,325,241
290,758,730,533,168,407,378,270
311,800,758,578,201,454,430,316
270,677,645,442,140,316,299,205
295,695,646,489,165,309,287,225
316,815,775,553,116,206,188,156
266,648,612,430,164,355,328,250
228,609,585,441,180,375,359,249
311,658,619,494,146,265,248,182
282,741,708,541,173,304,285,199
266,652,629,461,116,179,161,131
238,574,539,376,115,209,196,151
276,676,647,513,144,295,281,232
321,854,809,611,126,247,233,183
360,912,870,639,133,217,199,151
283,650,619,417,170,333,313,213
275,629,595,436,129,278,254,194
279,786,750,536,184,374,348,269
292,794,764,536,127,206,186,145
229,691,659,498,160,265,248,196
257,637,608,483,178,331,309,224
249,700,671,463,149,344,325,257
323,833,804,619,152,320,296,201
220,550,533,417,147,315,291,223
254,779,756,573,123,235,216,158
311,739,698,527,138,329,315,231
268,743,713,527,139,266,249,208
302,738,701,500,119,248,232,188
236,661,633,467,141,276,262,201
242,561,531,402,130,255,234,181
246,715,687,513,164,401,384,269
293,771,730,534,150,339,318,215
244,552,522,364,153,294,274,217
245,593,561,420,147,366,349,254
319,784,753,578,116,188,171,130
290,770,719,569,145,286,264,185
264,649,622,449,138,298,281,184
327,827,787,591,144,336,321,211
283,783,758,562,179,405,382,276
277,684,652,516,160,335,311,225
267,799,767,576,172,380,361,293
274,756,721,510,160,300,280,208
304,823,791,588,138,295,273,212
259,684,654,462,167,368,344,258
318,800,760,567,133,260,240,197
305,791,754,553,157,307,285,202
250,730,702,503,151,277,260,199
258,752,709,535,140,207,189,141
308,827,798,593,152,317,299,220
255,703,661,511,154,306,290,198
293,769,732,562,148,292,274,193
303,710,674,503,108,211,200,141
299,840,796,602,159,296,272,209
274,663,625,430,129,282,262,222
270,770,736,550,193,336,311,243
264,755,733,543,126,246,228,177
261,718,687,496,120,245,229,176
262,711,674,510,220,492,470,352
235,533,503,351,105,212,199,143
270,789,755,542,117,201,184,147
284,790,763,593,157,338,320,254
273,756,721,517,155,309,288,198
190,435,413,282,166,376,357,262
204,561,537,363,172,311,288,194
333,860,818,581,165,358,336,234
325,822,796,615,97,171,145,103
307,826,791,601,160,327,305,218
311,734,695,517,153,315,287,225
296,801,763,568,165,312,290,226
286,761,731,550,98,227,216,147
264,736,701,526,147,263,245,197
346,912,873,639,224,511,483,367
313,776,733,556,159,340,324,236
274,655,619,441,166,317,294,241
313,731,690,476,249,534,504,393
275,709,680,500,113,204,188,148
247,601,568,434,151,267,248,195
258,630,585,417,152,345,335,248
234,584,553,376,148,312,290,204
202,475,444,319,125,267,251,183
317,844,813,612,120,264,249,181
241,665,632,453,176,458,448,318
267,720,683,497,125,193,180,121
328,782,747,567,113,205,188,142
233,574,549,369,159,351,329,244
251,629,594,421,127,262,248,171
334,854,823,622,168,333,322,235
318,877,840,621,120,220,206,157
277,662,632,457,200,405,382,277
270,802,766,551,113,218,206,166
297,715,687,511,122,273,253,173
230,626,600,432,153,309,285,229
347,874,838,633,179,383,361,245
274,794,762,536,130,297,282,213
259,612,586,394,136,334,318,217
306,867,825,621,192,443,425,333
246,620,589,416,144,239,224,164
320,888,841,613,136,234,214,152
309,795,749,578,131,317,303,201
272,642,610,458,185,355,328,253
270,690,657,468,101,231,216,153
264,702,663,501,165,392,367,264
336,863,820,608,181,420,405,299
308,744,712,553,163,340,325,222
262,651,614,418,144,278,264,195
298,744,708,482,183,422,403,307
319,814,780,578,126,241,222,154
264,544,522,377,164,388,365,280
287,725,695,511,183,397,376,288
318,921,894,661,148,318,303,242
234,606,583,428,153,285,264,200
308,802,765,554,182,329,309,229
307,795,761,550,152,291,267,187
341,845,812,616,118,198,185,130
274,631,604,419,126,249,229,151
244,663,630,464,141,305,290,210
233,512,487,353,156,312,295,206
324,797,769,556,147,346,323,226
254,723,700,550,185,390,369,273
311,754,718,552,124,262,251,186
249,681,654,500,107,215,204,162
274,671,647,460,117,263,242,182
333,728,686,522,117,220,210,160
240,598,564,411,123,261,245,194
314,850,810,613,147,316,303,207
278,663,622,420,170,359,343,269
226,613,589,417,160,398,373,289
336,833,796,606,137,253,236,174
261,736,699,526,151,275,250,194
306,714,671,520,170,346,323,244
246,619,593,434,172,391,373,253
271,708,676,482,126,224,204,181
258,611,576,423,153,327,305,213
267,741,714,529,135,308,287,203
285,847,813,588,184,343,319,255
284,708,675,503,93,168,155,110
254,661,639,479,147,272,255,180
289,780,748,540,174,414,392,300
