234,211,170
178,163,125
245,230,169
181,167,135
142,128,108
258,247,202
183,170,132
164,152,107
238,223,184
219,208,154
218,201,151
230,221,173
111,99,80
315,302,233
139,123,87
112,100,84
224,207,164
167,152,131
180,166,136
152,140,113
199,179,147
146,141,112
183,175,125
140,129,94
214,198,156
169,158,126
172,158,131
244,228,171
180,168,141
158,140,111
83,73,73
240,218,171
149,132,99
282,268,211
250,235,171
208,195,168
205,195,145
161,151,118
214,201,174
144,134,107
277,256,202
195,175,138
240,224,183
126,116,95
237,226,183
276,259,200
209,198,163
187,174,126
152,140,113
100,90,76
180,173,126
260,243,187
315,300,212
208,205,154
188,170,129
194,182,137
180,161,115
142,123,102
163,154,126
204,191,141
187,175,131
185,171,129
206,190,131
257,239,196
136,124,100
180,171,131
152,142,103
117,103,92
191,172,125
154,143,110
188,174,131
182,166,132
171,158,115
105,95,88
152,140,108
191,175,129
238,228,170
121,113,91
189,176,135
158,149,117
240,230,176
215,201,154
133,120,102
166,150,123
181,174,138
199,188,139
145,134,105
154,145,117
202,187,143
133,127,105
172,155,122
211,202,152
161,152,134
132,124,95
272,258,192
237,226,162
186,174,131
150,131,107
201,187,154
238,226,166
215,200,162
191,172,139
212,199,161
151,140,113
123,109,89
164,151,115
177,167,135
155,145,104
213,201,153
212,202,154
148,137,106
143,134,107
124,121,94
135,125,104
204,183,147
162,154,130
263,247,215
161,142,109
257,243,184
175,168,132
152,141,101
146,136,95
121,111,90
206,190,154
147,129,112
171,164,126
200,190,157
89,81,75
182,168,142
119,109,91
161,150,118
203,185,141
128,113,104
210,201,166
158,151,106
211,202,151
142,133,107
224,203,145
258,239,186
206,191,157
146,138,104
277,264,204
116,101,94
128,119,89
120,109,97
244,226,164
157,144,110
245,233,191
173,154,110
154,140,114
178,164,128
147,135,108
142,128,104
173,164,130
201,190,141
236,225,158
200,181,142
114,106,87
210,193,143
166,157,115
128,118,98
244,227,160
140,130,112
198,183,132
127,121,86
162,152,126
280,267,218
168,152,116
188,179,137
325,304,237
178,164,119
98,90,75
197,185,143
137,119,100
166,159,124
221,211,160
186,175,123
138,124,97
127,117,89
121,113,85
128,117,97
180,170,140
169,158,123
264,255,208
134,119,97
107,98,79
178,168,139
131,120,100
135,123,93
226,210,163
162,154,132
148,136,112
122,108,85
193,182,135
120,109,92
276,265,178
178,169,125
204,186,151
139,127,100
176,161,135
209,196,138
147,137,105
242,231,191
243,231,175
210,202,154
200,192,152
184,177,143
131,121,95
207,195,145
210,201,162
214,201,159
120,111,91
195,179,135
184,177,137
275,259,179
184,173,141
117,107,96
197,180,146
288,274,193
241,222,162
173,156,120
177,165,116
136,127,96
174,169,124
177,170,113
163,150,128
152,139,106
135,125,93
181,168,119
176,162,119
165,157,117
189,179,135
192,183,146
204,190,147
158,149,119
191,171,140
241,227,158
204,198,147
326,305,231
173,160,115
189,175,120
165,156,119
226,204,160
159,145,124
216,200,147
188,174,139
209,193,150
177,160,127
203,189,134
155,144,119
133,119,99
200,189,145
200,187,136
140,131,100
146,135,102
132,121,103
122,114,86
206,193,144
225,211,170
169,161,117
180,163,117
145,133,113
132,120,96
189,177,129
160,155,110
220,206,151
151,142,111
224,205,152
152,144,115
211,197,128
138,128,107
235,223,163
153,141,119
155,140,129
200,186,162
153,145,114
133,121,99
238,221,157
276,257,213
160,149,116
237,222,180
131,124,106
147,134,103
178,168,146
210,194,159
340,318,238
144,122,109
125,107,95
171,158,120
126,108,90
187,169,135
199,193,142
125,113,97
189,174,146
186,175,125
211,197,155
294,277,197
125,118,84
195,184,149
182,168,136
148,139,108
147,139,98
227,209,169
198,182,140
178,164,129
141,128,109
116,108,81
181,171,136
113,106,93
133,127,95
180,169,142
162,146,122
265,251,200
188,177,129
97,84,76
162,149,104
127,116,88
115,104,79
266,251,183
168,158,109
147,139,104
126,117,91
178,165,138
138,131,101
201,186,129
166,157,122
166,156,123
135,123,104
145,134,102
135,127,102
203,187,144
170,160,124
178,166,139
131,121,93
118,114,78
149,137,121
187,172,131
187,175,136
193,182,146
121,110,82
168,155,117
165,152,106
184,173,132
129,118,100
212,203,163
168,149,121
205,193,148
180,168,129
276,258,204
150,142,109
204,190,137
209,204,165
160,149,113
238,223,167
177,165,128
64,58,49
94,87,66
176,164,137
186,177,143
207,193,141
156,141,100
245,227,157
123,108,89
246,239,188
155,146,105
220,205,163
144,134,105
164,148,113
244,233,180
192,177,117
131,119,104
243,230,183
156,146,118
199,187,146
163,152,126
163,157,117
173,160,136
131,119,100
158,149,119
143,133,103
159,148,110
229,216,162
280,262,200
172,159,125
203,188,132
245,227,196
225,215,182
157,146,113
124,112,88
165,157,117
195,173,139
245,230,169
251,244,191
241,224,176
161,146,114
180,173,130
177,166,125
200,184,138
250,241,184
222,208,169
190,178,136
197,184,133
167,156,117
232,217,172
92,89,69
100,92,77
147,137,107
134,125,93
182,169,120
184,172,129
242,218,179
272,257,200
151,139,112
251,240,175
142,137,106
206,195,138
159,153,113
99,88,80
167,154,125
161,147,116
140,128,94
169,154,113
177,170,134
209,199,155
182,171,121
141,134,106
167,157,125
189,171,148
242,220,157
194,184,141
181,169,140
250,229,169
175,169,119
207,192,146
133,126,95
186,176,142
186,176,145
204,192,134
201,187,135
165,145,114
164,150,124
178,167,127
185,175,135
157,149,112
135,126,105
194,181,137
82,69,63
124,116,87
229,208,170
161,146,121
237,227,177
169,156,120
185,171,133
188,178,144
210,198,154
277,265,191
172,163,120
239,223,172
124,118,93
120,108,90
184,173,149
186,172,133
90,81,67
236,228,171
199,191,130
231,209,171
175,166,124
188,168,140
193,183,130
132,123,95
189,175,136
174,166,127
284,268,206
109,94,76
194,184,144
266,251,194
197,183,147
142,128,102
134,124,96
144,132,98
147,135,105
223,214,160
241,230,168
208,193,145
121,111,92
132,125,102
167,156,129
195,182,137
113,103,80
181,174,136
171,161,131
232,217,157
295,281,214
209,199,147
119,105,85
138,127,112
120,115,81
141,134,110
169,162,116
212,194,147
203,188,155
82,78,65
130,119,103
121,115,92
208,197,152
174,158,121
119,109,88
298,283,215
205,193,158
211,193,150
166,155,130
210,192,153
242,232,174
133,116,89
146,135,107
124,114,91
134,123,105
195,185,142
185,168,133
100,92,73
128,115,96
135,123,90
218,205,158
265,254,189
230,219,174
154,138,117
108,102,82
272,261,188
134,124,103
225,213,173
164,152,112
146,137,100
151,143,102
154,143,117
241,220,178
169,157,117
176,157,120
218,205,138
122,115,86
246,237,171
169,157,129
182,170,133
200,186,146
302,283,221
155,140,107
194,181,142
243,231,182
136,123,92
178,169,123
173,164,129
130,119,87
223,214,167
224,209,158
168,162,115
146,139,103
309,290,219
132,121,79
170,161,120
153,148,117
170,160,135
167,154,115
135,129,93
192,173,144
171,157,127
159,148,122
203,184,150
185,166,140
198,185,144
175,162,129
158,146,109
151,135,107
318,302,231
175,160,121
298,277,196
229,213,162
222,207,155
109,102,88
162,150,121
277,266,200
186,171,140
202,186,153
186,174,133
98,90,82
226,212,171
250,240,186
230,216,160
127,112,91
203,190,141
206,191,154
189,181,147
274,257,195
152,137,116
144,130,108
142,131,101
146,136,107
263,237,174
143,134,104
116,99,99
158,146,120
146,140,113
156,143,115
158,140,115
128,123,99
167,153,119
150,144,116
278,261,192
236,219,173
188,176,138
173,165,122
219,203,155
193,183,148
181,164,137
178,169,130
246,224,158
175,167,124
127,115,91
174,163,132
165,155,113
210,191,155
268,254,200
126,114,88
167,150,126
176,165,109
207,196,149
193,186,156
137,125,91
141,132,101
200,189,132
317,293,224
165,154,114
310,293,214
254,234,186
244,231,159
169,159,123
214,194,142
104,95,76
184,172,134
194,181,142
196,176,143
125,113,82
147,139,102
264,254,202
157,140,127
164,154,121
217,205,161
95,84,78
146,138,105
148,136,114
290,277,213
182,161,132
194,179,129
171,159,131
163,154,114
192,177,143
173,157,117
121,108,81
266,253,170
154,141,109
212,205,158
224,215,155
157,145,125
200,186,143
246,235,186
149,139,117
258,240,184
219,205,167
178,167,118
176,168,127
165,155,124
176,165,125
210,199,147
220,205,155
212,201,162
179,164,129
134,124,97
196,185,146
141,132,109
139,129,103
128,119,88
107,99,71
196,184,138
244,230,160
192,178,130
167,147,118
180,163,116
169,160,122
154,145,110
167,153,122
207,192,139
256,234,204
166,156,121
186,170,133
202,188,147
148,136,95
201,189,140
152,138,108
153,144,120
215,200,153
178,161,127
181,169,139
186,175,135
172,163,125
163,151,117
220,204,169
155,148,104
212,200,148
256,240,187
191,177,143
175,167,138
127,116,96
204,192,150
130,123,97
156,142,117
170,160,128
169,157,111
204,197,157
220,209,148
236,225,165
227,212,169
229,211,170
217,207,146
149,139,111
176,163,135
184,166,123
140,129,106
165,159,121
133,124,92
206,187,144
163,147,121
176,161,119
140,128,105
170,158,109
195,181,148
156,140,114
151,137,123
214,203,149
208,197,149
223,210,151
120,106,84
209,202,132
118,110,85
231,214,157
212,201,154
198,185,142
155,140,112
218,205,155
248,237,185
124,114,92
167,152,123
109,103,80
229,210,165
218,205,151
157,140,107
156,138,110
230,213,181
158,142,111
197,180,125
193,180,140
199,190,145
152,143,107
259,244,179
198,189,129
195,180,148
275,257,211
151,142,113
166,153,115
127,114,98
228,216,169
191,176,153
150,138,117
127,113,87
249,230,182
173,162,119
179,162,128
176,164,126
113,104,90
198,195,139
262,250,194
178,162,128
245,237,178
200,188,141
160,148,115
207,193,157
151,142,103
109,100,78
186,173,150
142,128,99
75,67,53
233,214,152
174,160,139
141,131,111
201,191,148
198,182,159
160,148,114
169,155,139
167,157,121
183,173,146
173,158,131
126,117,93
291,278,196
161,146,121
203,190,162
155,142,122
212,198,151
163,153,115
189,170,139
206,193,145
270,254,206
98,89,67
251,238,193
192,179,145
150,141,114
222,205,174
292,277,215
141,133,89
161,148,106
156,144,102
202,191,142
162,149,114
293,275,207
236,208,173
133,122,100
222,201,145
146,140,105
136,127,105
266,252,187
151,143,113
249,237,183
192,179,134
252,239,186
129,114,99
219,203,153
143,132,105
167,154,122
175,162,139
240,221,179
309,290,228
155,146,120
214,201,148
281,261,205
215,201,148
242,227,165
171,166,107
152,143,111
167,157,110
145,138,111
150,134,109
148,132,104
251,235,183
181,171,148
234,222,166
185,177,147
190,174,133
232,220,166
147,133,113
210,201,160
205,193,147
198,189,122
151,137,107
187,173,140
184,176,141
208,193,148
180,169,125
136,124,101
201,186,138
132,121,84
201,193,147
200,184,132
101,94,75
147,140,101
276,259,188
113,95,82
176,158,111
215,198,148
216,203,162
113,99,79
168,158,119
162,146,121
159,153,128
126,117,96
192,175,140
204,187,137
167,152,116
294,271,201
156,145,112
223,211,169
162,152,126
214,202,140
222,207,160
209,199,174
209,193,153
182,173,122
215,198,153
115,109,92
166,154,108
160,144,112
131,124,105
93,82,70
220,208,163
202,189,145
124,111,100
240,225,184
140,128,107
184,170,124
304,291,196
169,158,122
209,197,156
86,78,68
182,166,122
171,160,120
159,147,116
195,183,135
162,147,123
236,216,160
159,150,119
104,97,72
205,187,149
200,188,140
227,213,141
153,142,114
230,221,148
174,162,136
171,157,113
130,121,92
247,235,176
162,151,129
214,198,144
158,146,113
188,177,130
205,194,160
285,269,215
248,238,176
154,141,102
207,187,142
284,269,216
272,252,204
235,222,169
260,250,182
212,199,143
247,229,168
177,164,126
178,165,132
139,130,107
238,215,166
139,132,99
149,130,106
197,183,135
150,138,111
151,134,114
130,117,86
201,188,150
235,224,168
194,182,139
206,187,153
189,179,134
195,182,129
139,128,101
140,128,96
188,175,142
163,151,125
233,223,171
124,114,85
176,165,136
107,96,75
159,149,113
115,108,89
272,258,195
160,144,116
173,164,126
286,265,210
188,174,141
209,198,151
134,123,113
198,190,136
277,262,195
194,178,133
116,113,90
196,180,142
140,128,98
201,183,146
237,226,175
152,139,108
140,134,111
143,137,101
213,195,143
189,176,119
233,223,163
263,246,185
142,128,103
166,157,128
168,154,120
269,256,206
205,198,147
240,223,157
179,165,103
192,179,131
160,148,122
178,165,135
143,136,95
122,108,85
194,180,139
246,230,178
213,200,153
161,150,113
230,215,161
176,161,120
185,174,137
144,131,95
124,113,90
123,113,95
141,128,101
216,203,172
254,240,162
142,122,107
190,176,143
180,171,129
124,117,89
129,119,87
240,226,163
147,133,107
124,119,96
228,218,178
160,151,116
188,175,138
171,159,123
244,226,165
132,120,95
154,150,123
284,266,178
150,136,118
168,156,120
169,158,122
191,183,126
138,124,103
157,142,113
269,255,212
227,214,155
167,159,114
209,191,143
185,168,123
184,166,133
165,147,118
161,148,123
279,261,191
185,175,131
110,100,80
182,172,124
153,139,125
164,154,125
215,206,159
280,267,203
241,227,155
195,180,140
206,196,138
226,212,169
164,151,116
169,156,110
198,188,140
116,105,84
201,182,151
182,171,133
121,116,82
152,143,102
153,142,124
134,121,104
207,189,138
160,151,118
212,202,150
188,176,136
145,134,109
193,174,124
255,237,172
245,227,177
127,118,91
160,145,114
182,167,140
245,235,172
147,135,108
190,181,129
174,163,121
224,214,162
171,158,122
224,211,174
190,179,133
114,101,80
165,156,125
195,181,132
179,165,133
166,153,119
175,164,138
130,119,96
139,126,101
220,203,151
152,139,105
152,138,113
192,180,128
165,161,119
244,236,171
216,210,145
179,171,134
150,141,112
254,237,185
211,197,135
150,133,112
246,230,184
252,237,188
215,202,168
171,160,124
208,194,142
135,125,91
171,164,139
127,121,84
263,248,183
157,151,116
184,173,126
124,118,91
132,121,98
239,224,182
152,147,116
202,186,151
148,132,122
167,158,120
168,157,114
252,236,195
317,297,234
168,155,112
190,182,139
148,136,101
208,193,153
221,210,149
169,157,128
225,208,168
161,149,114
247,230,162
146,123,107
197,183,140
127,117,98
152,142,115
279,262,198
157,144,103
269,256,190
169,160,122
212,194,144
192,179,137
162,142,130
75,66,70
150,137,110
213,199,155
148,133,96
286,273,208
186,167,123
153,142,115
199,185,146
164,145,104
146,128,94
204,190,149
148,137,105
257,241,167
273,253,182
183,167,147
181,164,130
278,267,217
236,226,159
185,171,133
146,135,108
112,105,83
222,207,145
229,211,165
134,125,106
172,157,109
128,121,91
297,288,226
143,137,103
143,133,107
162,147,110
191,173,146
165,153,113
189,174,128
184,167,131
256,242,186
139,127,98
234,219,174
214,200,157
224,212,158
211,194,149
217,195,132
227,210,162
275,263,208
179,165,117
118,109,82
227,212,155
188,172,132
98,88,71
163,145,125
257,238,179
147,139,102
218,203,155
151,135,115
117,105,83
99,91,77
207,197,147
206,193,140
144,132,106
228,210,150
202,189,144
193,183,148
209,194,143
227,215,168
96,86,74
123,114,88
167,157,133
113,102,82
243,233,158
162,149,109
176,169,119
152,136,109
165,156,127
189,176,142
134,122,102
181,170,141
128,121,94
206,193,170
176,162,132
154,141,116
154,137,110
237,227,171
181,169,136
228,206,167
191,177,134
230,221,161
164,151,111
123,112,82
143,132,95
190,176,145
208,187,143
210,197,150
172,157,120
229,213,169
194,180,138
155,147,113
239,230,173
115,93,83
225,209,159
90,82,66
245,230,181
159,148,108
263,248,205
126,113,78
166,157,121
186,172,125
134,124,95
191,173,128
200,187,151
134,121,99
122,113,93
227,206,157
160,149,120
194,184,149
160,150,135
97,89,72
198,187,141
236,216,167
228,218,173
128,118,98
145,128,110
190,178,131
240,220,186
228,210,150
252,240,182
182,175,139
158,140,125
220,209,161
166,151,122
167,150,123
125,116,95
229,219,170
171,163,132
187,173,133
151,142,120
151,142,117
130,116,97
192,181,138
156,149,112
177,165,126
165,156,131
154,141,110
139,131,91
193,175,133
254,233,169
238,225,170
180,170,129
219,205,174
187,170,134
199,182,140
184,174,126
275,258,184
149,138,98
183,165,136
173,161,129
128,123,104
154,138,104
212,200,146
259,241,172
175,164,113
114,102,89
228,212,174
206,189,143
115,106,73
130,120,97
193,176,140
134,119,95
139,132,104
222,214,141
136,127,112
120,108,93
255,242,176
149,136,110
224,200,159
185,173,131
109,94,86
138,127,94
207,196,146
252,239,174
206,199,175
244,231,185
327,310,224
219,211,164
170,156,121
168,155,119
139,127,101
161,153,124
170,160,120
170,164,129
124,111,94
161,153,117
265,249,179
173,162,128
183,170,122
223,213,167
188,172,136
119,107,91
250,234,169
212,196,154
193,179,139
157,152,102
200,185,128
155,147,105
229,215,168
151,140,114
198,183,156
182,161,129
193,182,124
185,170,130
243,227,175
256,238,186
162,149,120
193,180,133
218,208,169
171,153,120
156,150,117
160,154,132
95,85,79
191,179,133
218,207,161
139,127,97
165,149,113
222,206,161
193,180,134
274,261,181
292,276,217
183,169,123
79,73,63
222,207,161
231,223,164
182,166,133
208,193,153
174,167,112
121,112,79
184,168,132
133,125,81
308,287,209
146,134,121
156,151,115
116,106,89
140,133,104
195,180,130
146,135,108
210,195,154
225,205,150
168,158,123
130,122,101
247,238,181
205,184,150
153,143,119
173,167,119
190,174,127
231,219,163
173,161,125
102,89,81
237,225,172
144,135,103
132,114,94
240,230,179
216,202,150
212,196,151
304,287,224
204,188,139
161,147,120
193,186,137
161,148,110
247,237,179
193,179,141
124,116,92
171,162,126
148,134,116
203,193,162
254,240,191
170,162,121
191,174,111
190,181,155
182,173,133
158,143,117
229,217,164
192,178,130
137,124,105
169,160,123
234,213,172
236,226,180
177,166,135
118,108,90
153,149,109
211,193,163
225,211,155
122,109,79
149,137,112
218,203,144
252,244,177
229,213,165
244,232,164
214,199,150
172,156,126
177,163,125
212,199,142
218,203,155
176,165,119
146,138,112
183,170,133
153,138,114
182,168,126
187,175,144
111,102,86
168,160,129
136,123,99
163,156,124
166,154,120
156,142,98
148,136,109
106,92,83
179,168,124
167,153,120
174,165,124
93,79,70
127,115,103
128,124,101
212,201,150
247,236,151
166,151,132
122,116,90
186,170,127
172,166,114
128,121,79
105,96,78
189,177,137
179,168,133
176,165,117
163,147,118
202,189,156
120,111,88
110,103,79
160,151,120
178,164,126
201,187,155
185,172,128
182,164,138
181,167,118
219,204,176
166,154,118
109,100,83
275,262,189
187,178,136
146,132,91
190,178,142
170,154,119
287,270,203
104,99,77
249,230,197
111,96,81
228,216,170
168,152,115
138,135,106
146,134,103
169,156,133
152,143,112
165,154,122
124,110,95
213,199,155
189,179,134
195,179,147
181,162,124
180,167,135
214,203,156
191,180,145
166,155,120
156,141,109
189,185,138
162,154,114
171,163,124
217,201,150
199,186,143
111,101,93
174,162,124
117,109,82
144,139,99
205,188,142
154,143,121
122,110,86
192,183,147
131,118,90
225,210,169
208,196,138
218,199,164
97,87,76
159,146,117
260,245,202
168,161,120
250,236,177
235,222,169
164,147,106
115,105,83
196,183,139
186,172,134
102,90,77
170,154,116
97,88,80
263,251,211
178,164,127
228,209,159
247,230,182
136,128,99
132,122,98
143,131,109
248,232,167
163,154,120
238,226,171
221,206,158
186,177,144
135,127,98
177,160,128
154,142,105
119,112,71
241,228,186
183,171,116
203,183,143
257,241,186
232,213,169
174,153,112
182,169,129
173,159,125
182,169,128
194,179,140
240,227,172
157,147,118
183,177,110
175,167,117
182,164,131
237,228,188
178,164,137
194,186,141
241,228,167
182,170,132
100,90,77
119,109,94
132,126,97
117,109,83
127,117,84
199,188,147
195,179,143
261,243,185
172,162,118
202,190,150
147,140,116
208,195,156
160,149,115
261,241,201
148,137,108
260,239,189
180,165,145
215,202,149
113,101,87
190,172,141
202,192,154
179,169,140
245,229,174
157,140,117
162,154,127
162,148,116
183,172,129
111,105,83
223,211,177
161,148,112
246,231,168
179,169,143
173,159,133
158,149,117
170,159,119
217,209,150
164,157,126
275,261,194
156,146,112
154,139,109
267,257,206
172,160,135
315,285,222
211,196,148
252,234,166
171,154,117
278,263,179
239,222,166
138,124,109
182,169,121
227,212,157
160,148,115
167,155,124
96,87,70
144,135,117
178,164,139
205,194,167
247,228,179
176,160,108
272,259,195
305,287,220
237,220,157
150,140,108
201,188,140
122,115,86
338,319,253
231,220,164
197,185,136
188,176,124
172,165,128
160,146,120
199,187,138
192,176,141
167,154,109
118,109,86
175,162,128
126,119,92
211,192,157
139,124,94
188,173,138
169,155,118
182,172,148
178,168,120
224,205,165
165,148,113
128,120,102
186,178,129
193,181,140
268,255,185
164,146,110
145,134,93
143,132,107
150,144,112
192,181,124
283,264,201
171,156,123
290,274,203
137,127,99
142,137,106
175,162,127
200,184,151
190,175,140
175,161,130
186,171,136
151,142,116
116,102,88
172,162,131
155,146,89
212,201,145
212,201,147
237,218,168
208,195,144
215,207,165
217,209,152
205,187,140
236,224,163
90,83,64
205,189,141
138,126,104
157,149,114
196,180,135
229,219,166
132,119,94
185,174,130
142,133,115
141,135,105
253,228,183
227,216,164
202,190,142
145,136,113
144,129,108
118,111,89
218,206,150
197,186,147
151,146,107
245,231,177
207,190,152
182,172,140
242,228,160
176,163,125
191,180,132
301,287,203
189,177,121
128,114,86
200,181,129
183,170,127
167,161,111
255,235,194
180,170,122
190,177,142
133,122,94
178,167,130
180,169,136
90,83,78
130,119,95
151,140,114
205,193,159
270,245,194
248,230,183
151,135,115
117,106,91
159,144,106
199,185,148
176,163,118
160,143,106
136,127,108
252,235,195
183,170,134
103,94,87
213,200,144
143,136,109
117,108,93
148,132,106
246,232,171
158,146,111
155,147,109
228,217,158
218,202,146
187,171,134
219,205,163
128,122,99
219,208,166
174,162,127
194,182,135
197,186,148
168,156,109
117,107,86
185,171,127
238,228,170
120,107,87
248,234,184
198,183,150
189,175,130
170,160,131
234,221,159
203,196,155
165,156,116
121,108,78
352,328,239
211,199,150
196,186,132
169,156,117
227,210,146
215,200,154
158,147,112
195,186,139
215,203,156
164,157,125
162,150,122
173,165,127
212,196,163
137,132,107
227,213,150
247,234,169
206,195,149
134,122,88
226,209,165
197,188,131
157,144,127
122,113,91
257,237,172
205,191,147
169,157,113
152,142,110
194,184,140
134,125,95
175,166,124
240,228,160
170,167,122
216,209,156
336,316,245
90,84,68
166,153,119
226,211,153
107,97,85
94,84,68
134,125,110
121,111,79
247,233,152
212,193,135
127,117,90
121,109,92
148,138,114
226,211,150
189,170,124
274,259,183
215,200,139
186,175,131
241,233,180
235,224,155
183,158,129
154,145,121
243,233,178
164,158,110
116,109,89
179,162,111
215,202,144
179,161,121
173,157,120
218,204,136
119,108,86
121,107,86
170,158,127
251,239,182
129,117,90
215,206,150
258,242,167
240,222,168
173,160,120
126,120,85
189,181,127
208,199,153
164,154,119
160,152,115
170,153,120
256,245,175
178,165,125
177,155,124
130,121,87
138,128,108
151,138,102
91,85,65
222,202,156
212,202,148
191,178,134
151,143,119
113,99,95
203,187,149
149,138,103
237,220,158
226,204,165
237,223,188
173,158,130
138,128,103
234,217,161
180,169,123
142,126,99
156,147,107
181,170,123
167,152,129
272,255,188
158,150,117
188,178,124
222,205,172
254,241,185
182,173,141
153,134,111
254,244,186
107,100,87
173,156,122
147,137,108
179,171,135
170,158,122
135,127,101
204,186,143
173,160,129
246,227,175
241,221,181
136,126,103
107,97,79
135,123,97
149,138,108
180,162,145
143,133,95
178,165,128
297,277,191
131,125,96
210,191,148
168,148,127
227,214,174
213,194,139
229,220,170
228,216,153
159,149,114
144,133,115
191,177,129
191,174,125
173,163,127
152,138,117
151,139,97
154,143,118
181,169,133
211,202,154
166,161,107
152,136,109
211,196,156
167,153,113
146,138,101
84,76,67
219,206,153
215,202,148
139,131,98
140,135,110
213,205,146
135,128,98
211,203,157
147,139,104
212,197,165
234,224,173
354,332,272
121,111,93
189,171,125
224,204,147
195,180,146
175,165,115
218,203,155
275,263,222
96,90,66
171,156,123
207,192,143
229,218,149
181,167,138
249,234,181
241,229,156
170,152,127
89,80,65
235,215,164
288,269,188
134,125,87
161,149,118
124,113,85
140,130,101
234,218,168
157,143,122
180,169,135
180,163,126
176,162,127
196,181,141
228,215,168
107,103,89
141,128,111
218,206,166
188,168,136
175,166,146
200,188,143
127,120,98
267,248,203
115,107,91
165,152,123
276,264,202
278,263,202
157,151,117
241,226,180
239,229,189
177,160,132
211,194,142
132,123,110
154,143,115
241,222,175
289,275,196
138,130,100
94,87,72
238,230,176
158,152,106
226,211,154
215,202,139
243,229,170
134,127,95
123,109,90
200,192,130
144,137,106
210,195,161
146,134,111
158,148,125
123,112,93
316,293,222
240,221,149
217,203,154
133,121,96
169,155,119
186,173,133
227,212,173
143,135,101
222,210,174
343,327,230
216,200,138
167,149,119
188,176,129
199,181,140
176,159,113
208,193,144
198,187,136
125,112,86
178,162,129
132,123,99
203,189,166
111,102,79
232,211,145
169,155,118
189,176,122
223,208,149
145,134,114
324,311,255
104,90,74
173,160,136
121,112,92
167,151,130
178,165,122
195,179,139
211,196,149
141,132,103
132,121,97
197,182,136
115,103,87
97,84,82
223,202,163
182,177,134
156,144,121
210,196,150
206,197,131
153,140,105
155,146,112
217,194,154
137,118,91
174,160,125
204,195,155
187,176,142
178,171,133
135,127,102
192,182,139
174,164,128
197,188,142
174,163,122
140,129,107
252,240,199
219,210,155
199,189,139
191,176,134
187,173,133
209,196,151
206,191,145
159,151,113
149,142,115
267,254,196
126,113,91
153,140,107
188,175,132
185,171,138
239,226,169
149,138,111
230,215,158
180,173,116
245,229,181
192,182,143
156,142,119
210,197,143
200,190,140
141,132,111
243,227,173
259,241,186
237,221,154
165,154,139
246,230,170
158,143,123
229,213,155
126,115,94
161,151,116
227,214,163
179,163,131
257,243,178
115,106,72
161,150,130
137,131,103
185,174,127
170,160,146
169,162,112
251,235,192
206,194,155
187,167,137
269,249,187
220,204,160
203,195,147
166,150,125
134,122,100
248,229,180
114,107,84
215,200,149
174,163,132
145,135,96
143,137,103
148,130,107
224,215,164
152,136,108
118,106,83
193,184,132
162,150,122
201,184,144
185,169,135
221,204,154
210,198,156
184,177,135
94,82,68
178,161,136
176,162,130
213,196,163
117,103,88
225,214,162
115,105,80
135,126,91
204,190,146
147,138,114
96,84,77
171,161,116
310,292,237
228,209,168
212,201,153
239,228,150
200,187,141
253,235,189
126,120,105
184,177,139
133,128,99
203,191,155
180,169,136
142,133,94
151,134,104
206,193,147
207,192,145
223,206,166
163,152,102
189,173,142
158,148,128
152,139,104
111,103,79
217,198,138
258,242,183
198,184,136
189,175,138
168,159,125
175,165,124
100,89,73
142,131,95
211,201,148
141,132,105
201,186,140
129,117,99
252,231,166
132,126,106
208,200,155
198,182,137
171,159,122
198,190,157
165,157,123
168,149,133
254,242,166
182,170,140
178,165,116
262,249,182
84,76,58
197,188,141
190,175,139
272,254,198
222,211,165
145,133,112
170,160,133
127,112,100
154,147,117
215,199,153
161,151,116
147,138,105
183,173,133
196,186,121
135,127,91
151,143,109
215,200,157
259,243,202
181,165,122
127,113,89
137,128,95
210,193,163
232,216,147
158,148,132
114,104,88
171,151,125
184,170,120
124,116,91
134,124,104
168,155,122
140,125,108
222,206,178
149,144,118
151,142,115
176,165,136
211,197,156
120,109,88
257,246,194
167,151,111
202,181,142
197,182,152
121,110,82
173,159,116
98,92,75
148,137,108
167,157,118
159,150,120
115,108,85
162,152,120
164,148,118
174,165,141
214,202,152
161,154,126
180,169,125
178,165,132
183,174,124
158,142,113
309,290,226
201,190,142
179,164,124
174,154,114
161,146,126
117,108,85
136,123,96
136,126,105
122,115,83
150,146,103
203,195,158
234,216,168
129,120,86
146,135,112
153,141,105
128,114,93
182,177,131
276,255,207
170,163,138
255,239,162
127,114,87
159,148,108
141,127,96
193,180,139
159,146,121
133,121,107
205,193,150
147,136,117
229,219,164
250,234,186
145,133,115
164,151,112
180,166,126
154,143,115
214,196,145
141,129,99
180,167,123
105,95,81
223,206,161
200,190,137
183,171,134
229,222,146
133,122,99
235,224,141
152,144,115
208,194,158
224,206,160
232,216,151
196,183,134
213,197,150
183,165,132
138,127,100
120,108,94
216,202,148
209,195,128
247,227,177
186,174,143
198,189,160
172,160,107
134,122,97
111,102,74
206,195,134
148,136,115
155,147,111
156,147,109
173,161,113
192,175,120
145,139,102
125,119,97
260,249,196
199,187,142
236,221,166
113,106,90
120,111,80
192,178,130
136,122,95
187,177,133
183,176,123
201,189,143
153,139,103
173,164,130
135,126,105
150,134,111
138,128,109
268,251,190
162,153,119
230,219,166
234,223,181
162,156,120
175,160,121
182,172,143
198,187,138
218,196,148
178,171,139
291,274,193
229,211,159
195,183,144
151,136,118
127,122,95
265,257,190
191,174,130
130,120,95
126,118,93
171,152,120
144,132,97
157,149,118
149,137,107
197,181,135
181,164,131
229,211,157
198,184,145
216,198,161
200,187,153
180,166,131
156,147,121
219,201,154
228,216,153
168,153,122
226,212,163
147,137,109
203,185,153
209,196,142
172,159,113
192,180,143
158,148,112
117,107,85
136,124,97
154,143,106
173,168,124
113,102,70
192,178,144
169,154,121
164,152,110
107,100,76
195,183,158
182,170,127
257,242,183
184,172,147
155,143,109
176,161,131
134,123,87
197,185,156
120,109,82
152,144,118
308,298,212
251,236,196
197,186,133
165,154,128
285,270,203
134,124,105
135,121,100
167,149,127
197,186,139
135,121,107
198,190,149
141,132,115
223,208,158
173,162,122
158,143,120
181,164,130
302,280,218
265,249,198
181,168,136
118,107,80
174,157,130
203,192,142
247,231,168
237,226,169
221,201,160
163,149,104
219,207,156
136,127,106
163,150,123
244,233,178
148,133,104
165,150,127
220,208,164
157,147,110
206,198,132
236,225,169
245,223,172
207,198,141
187,177,136
120,113,89
156,140,108
120,115,90
189,176,133
238,226,162
169,158,124
167,151,116
147,136,103
271,251,193
181,169,125
203,188,161
239,227,180
320,304,228
129,114,96
153,137,105
208,197,146
112,103,78
174,161,126
92,86,73
105,100,86
191,177,140
214,204,157
263,249,184
161,155,121
190,181,144
194,184,138
142,127,102
202,183,151
132,122,98
132,123,99
264,246,179
214,200,147
145,133,107
126,116,94
196,187,153
139,130,115
136,123,103
145,135,108
120,112,89
224,209,156
149,133,107
206,191,146
188,183,141
207,189,141
152,145,108
164,153,119
218,205,165
188,171,128
184,175,133
169,158,126
206,194,155
174,161,126
159,148,124
170,160,128
141,131,102
259,239,186
236,228,177
183,172,130
88,83,76
147,129,112
246,236,177
203,189,144
300,288,245
158,147,108
109,99,84
241,227,179
278,270,206
183,169,133
239,225,187
266,246,181
175,162,125
157,148,105
186,174,139
192,177,121
194,182,156
185,170,129
239,219,159
81,75,54
198,189,150
162,152,126
209,192,140
181,171,134
200,191,149
121,112,91
179,163,126
206,192,153
113,109,86
184,177,146
245,234,185
218,202,166
154,138,121
197,191,132
249,237,189
133,120,96
182,175,138
275,264,197
190,174,137
216,203,161
208,198,153
207,197,140
167,154,129
246,227,175
184,171,133
154,143,121
184,174,150
208,202,146
217,210,171
159,148,114
129,122,102
176,160,125
259,236,172
181,170,132
187,171,137
137,130,102
184,169,136
162,150,124
200,186,138
129,123,93
140,128,110
172,160,131
162,148,114
163,150,121
242,224,177
273,256,195
105,94,77
299,288,224
222,210,176
187,177,139
160,154,111
122,113,93
139,123,100
100,88,70
168,160,122
234,226,162
231,220,157
205,192,150
134,125,92
146,123,108
207,192,137
217,204,135
177,157,128
138,128,102
119,107,86
120,107,80
161,155,105
115,107,89
173,166,131
148,133,113
132,119,96
151,143,108
183,172,134
210,195,173
173,165,132
200,182,153
201,192,153
170,156,123
288,275,222
239,229,174
137,124,94
271,258,197
219,206,170
173,162,122
228,219,166
250,237,186
125,118,98
160,145,114
163,152,132
115,100,75
285,273,190
246,238,176
234,220,181
176,164,135
133,123,91
217,199,155
178,167,125
137,121,100
174,163,144
148,136,111
140,133,112
205,192,139
214,201,162
169,158,126
232,223,174
107,104,79
218,209,155
184,172,133
96,88,73
218,200,151
236,222,165
169,157,132
237,224,188
274,261,200
251,230,166
241,227,168
176,161,141
238,227,179
308,280,203
251,242,177
194,181,144
214,203,146
193,174,133
227,208,150
197,182,136
163,144,122
239,226,175
182,171,140
226,217,144
245,230,170
231,218,153
210,196,152
271,258,199
184,174,133
188,172,133
190,185,129
149,136,107
147,138,119
268,253,191
183,170,129
275,256,206
176,158,149
83,75,66
147,136,112
182,173,138
119,112,85
206,195,162
207,195,139
153,143,114
315,294,239
215,203,164
152,133,112
277,264,185
219,208,157
196,183,135
150,130,111
174,164,127
84,75,67
185,174,149
230,220,169
285,268,178
216,204,167
209,198,143
215,200,156
121,110,93
233,216,160
182,170,139
197,183,145
84,75,64
181,172,141
114,100,78
138,136,105
123,112,98
111,101,78
169,155,124
223,205,146
97,88,77
181,166,141
161,143,129
174,164,128
163,149,114
166,155,126
122,113,97
199,187,149
248,234,170
155,149,108
183,174,123
180,170,141
126,118,92
214,196,158
152,140,116
150,137,118
209,191,145
138,132,114
149,142,107
125,112,106
150,135,97
126,115,96
219,205,153
167,159,126
186,177,128
150,141,117
227,207,155
90,78,54
157,141,119
137,127,99
178,164,132
164,154,116
191,181,141
238,225,175
131,121,99
151,142,113
153,145,102
172,158,131
219,212,164
152,140,104
140,132,109
128,111,94
120,109,82
248,234,179
199,186,144
170,158,130
214,201,163
145,131,95
208,192,146
288,270,220
179,166,134
185,174,132
143,128,99
182,170,130
157,149,115
205,186,150
190,180,130
152,140,104
151,136,119
152,144,107
154,144,112
235,220,174
168,153,113
156,142,106
230,219,177
159,148,132
209,197,156
182,161,134
99,85,75
203,188,153
198,189,139
215,194,153
162,152,114
251,234,169
170,155,127
137,127,96
275,259,193
163,155,121
182,168,126
171,153,130
176,161,114
178,168,128
243,225,173
97,91,70
102,94,71
203,187,149
161,149,101
152,138,101
208,198,157
265,255,188
122,115,86
220,210,149
193,184,137
221,209,161
182,166,125
141,134,106
147,137,103
197,176,130
265,249,194
196,180,133
252,238,167
307,292,215
170,157,123
137,129,102
105,94,76
184,168,139
203,188,144
105,95,78
195,183,138
164,154,117
254,235,179
170,157,110
247,234,181
227,217,166
251,238,169
234,223,147
225,215,169
171,157,122
232,216,177
167,156,110
225,210,157
231,210,166
279,257,222
155,145,109
134,127,98
266,245,183
173,164,118
222,212,150
194,187,138
225,208,164
195,181,119
137,119,89
130,116,92
262,244,182
185,172,113
131,120,101
184,170,143
171,163,131
209,195,149
189,179,135
255,242,168
207,197,155
176,168,143
219,207,156
173,166,117
153,146,117
262,242,198
141,127,107
137,125,96
140,130,107
204,185,140
178,161,129
197,177,135
218,204,158
101,97,72
188,176,138
195,180,141
170,162,130
122,108,98
173,160,134
188,174,143
167,154,121
228,212,166
156,151,117
142,128,109
126,121,92
204,188,148
211,200,155
161,150,105
146,134,99
191,180,134
182,175,134
187,174,134
112,100,81
198,187,148
123,110,94
123,114,92
128,119,92
144,136,104
98,90,66
213,195,148
166,156,126
210,193,149
206,188,146
153,137,118
153,141,115
173,164,127
173,156,138
172,157,126
208,193,148
166,154,124
203,192,134
171,161,128
185,174,136
170,161,138
208,199,145
224,209,163
125,120,96
186,169,136
254,242,161
143,135,98
251,235,176
100,91,77
113,104,85
186,171,137
224,214,154
166,160,112
210,198,160
158,142,113
204,191,155
169,154,123
152,139,109
215,203,145
151,140,114
234,211,173
233,222,151
229,211,166
160,146,122
261,249,179
148,136,103
196,180,146
303,289,231
169,155,120
161,155,110
160,151,123
221,207,152
304,290,212
200,182,131
151,135,101
231,222,157
165,157,112
232,225,171
220,206,152
173,157,111
181,171,126
127,115,102
141,127,107
246,226,187
130,117,99
134,128,104
162,152,115
154,139,128
115,105,90
109,98,76
138,130,110
163,146,114
202,188,141
167,156,125
103,96,78
198,181,133
199,185,144
231,216,175
184,171,131
195,181,148
301,286,199
166,156,119
203,183,128
145,132,112
134,122,94
148,137,113
240,223,171
206,188,147
195,182,132
148,141,109
180,168,111
222,207,162
199,184,151
109,104,89
273,258,195
145,135,113
146,128,91
247,230,171
240,222,158
219,205,145
274,258,208
213,204,156
217,210,151
178,164,117
142,130,95
181,167,125
235,224,155
141,134,98
185,171,135
186,174,140
157,139,96
185,173,134
188,180,129
136,121,97
188,175,141
228,215,171
183,174,139
217,203,148
173,165,124
235,223,186
216,201,150
120,108,97
201,189,132
237,225,172
214,204,157
232,222,175
138,126,99
205,188,150
126,122,89
157,140,118
227,209,138
188,174,139
152,144,102
206,194,141
203,189,137
110,103,84
186,175,140
166,157,127
175,165,136
169,156,122
204,187,146
207,191,147
181,171,141
188,173,135
140,131,85
166,152,131
193,179,143
174,154,125
170,161,128
140,126,89
117,109,82
68,57,42
172,157,122
133,123,103
253,242,193
135,122,92
218,204,168
158,151,112
165,158,116
223,213,168
193,184,133
172,158,125
208,189,141
163,157,123
131,121,94
150,136,95
290,276,223
172,163,125
178,165,137
309,296,229
146,137,110
132,120,99
136,122,93
238,226,168
82,72,70
127,117,91
134,120,96
242,229,180
142,131,107
230,214,155
212,198,158
216,200,152
110,101,87
243,229,168
196,188,149
205,197,133
187,178,119
214,200,153
287,277,189
154,150,106
290,276,208
260,249,197
216,205,167
179,168,117
207,190,131
238,224,176
148,137,104
216,202,144
203,191,144
128,117,96
214,203,150
108,99,81
236,222,171
236,218,178
143,131,99
220,210,155
144,135,105
228,215,150
136,128,106
268,252,219
160,148,119
181,174,131
149,143,100
94,87,65
228,216,154
169,158,131
279,265,188
130,122,107
251,239,201
299,281,223
162,148,125
134,116,95
161,154,109
218,211,169
173,164,124
150,143,107
216,204,138
196,188,142
195,184,134
87,79,67
191,179,128
258,244,185
186,172,110
164,151,117
166,154,122
175,162,116
211,188,144
242,232,170
182,165,134
260,241,183
153,144,121
127,123,91
93,89,66
117,101,94
183,169,126
220,210,176
198,184,139
205,195,157
191,176,145
154,143,107
236,226,164
183,169,148
177,169,122
128,120,90
128,118,88
183,171,142
210,194,139
152,143,112
120,110,82
190,180,141
160,143,132
202,189,159
175,163,136
182,171,126
200,190,149
175,163,132
258,241,194
174,160,119
124,115,99
198,184,152
178,163,118
193,173,136
310,299,219
109,98,75
215,206,169
175,162,132
130,124,101
198,185,147
189,175,144
153,143,101
287,270,210
198,182,139
136,129,97
223,209,159
196,179,143
237,219,176
164,154,122
191,177,131
149,137,106
147,132,103
265,247,195
231,222,156
208,194,141
258,244,188
115,105,77
213,201,141
140,126,95
125,120,91
239,226,178
257,244,186
118,109,81
150,142,122
182,171,127
126,120,105
215,202,145
186,173,138
183,171,140
205,193,150
225,206,169
217,203,164
179,170,138
218,206,169
214,200,157
276,255,211
235,226,173
146,135,100
141,130,91
188,175,147
171,161,115
195,172,132
146,135,111
184,171,131
152,141,111
200,187,156
158,148,117
161,154,118
224,212,159
192,182,128
191,184,133
166,158,123
183,169,124
221,203,135
200,188,139
156,146,122
144,132,115
148,137,110
148,136,89
150,142,107
188,172,133
150,136,113
190,178,143
154,138,113
225,201,147
244,226,190
166,157,102
300,274,219
246,231,180
238,226,166
185,175,129
174,164,122
208,196,155
247,233,172
178,162,129
165,150,118
98,84,74
148,138,98
126,114,108
165,156,117
171,162,123
172,162,119
217,203,153
209,198,157
161,150,99
245,231,171
213,202,152
237,226,170
166,157,119
225,214,171
176,162,127
72,67,60
107,103,90
124,113,94
177,166,113
220,206,149
219,204,173
205,193,141
124,116,96
167,153,126
147,141,113
204,196,156
215,197,155
165,156,121
195,183,140
152,142,114
202,191,146
153,140,107
173,165,129
158,151,105
254,242,185
145,135,113
131,119,101
222,212,179
196,190,139
154,147,119
298,284,211
187,172,132
275,266,196
127,115,99
300,286,204
239,227,186
162,150,110
122,115,89
156,148,106
255,242,185
182,170,135
159,145,123
167,154,118
119,107,88
230,213,181
149,140,112
255,239,174
142,133,108
194,186,143
147,141,112
226,214,166
208,188,151
203,195,139
207,198,157
193,180,129
178,170,142
196,185,135
147,135,109
140,131,112
87,79,58
121,117,89
302,285,214
331,319,228
166,145,121
234,221,167
213,200,143
102,92,78
256,239,187
176,166,118
224,215,151
220,205,153
221,207,150
155,144,114
153,144,111
203,197,139
186,174,128
216,204,149
91,84,67
154,145,120
239,227,171
216,208,157
161,147,129
198,185,154
188,170,134
180,166,132
206,187,128
248,226,179
205,197,138
169,155,119
177,159,118
191,175,144
137,126,96
147,136,116
166,149,121
281,264,193
283,269,203
112,98,87
126,113,92
166,157,119
256,251,192
254,237,187
279,263,221
126,116,81
207,193,141
184,168,137
150,140,119
132,127,90
192,178,130
189,176,146
213,199,162
209,197,151
153,143,107
151,139,96
163,154,122
130,116,96
155,140,114
174,161,124
189,178,133
245,233,186
243,229,178
152,142,112
198,184,163
195,182,140
202,186,135
162,149,118
188,167,129
145,127,105
203,188,143
158,143,111
158,146,111
121,113,98
249,230,176
152,136,116
179,168,125
193,177,143
201,192,144
230,211,172
141,132,106
159,152,101
116,112,95
127,118,94
116,107,85
185,172,137
247,234,166
176,169,130
157,141,119
190,173,128
175,157,120
205,195,161
156,144,100
163,147,116
168,154,129
158,148,112
156,152,116
134,126,108
156,146,101
155,146,120
106,99,83
196,185,138
204,190,141
219,203,167
150,143,99
208,192,155
218,207,160
232,213,167
223,207,157
208,192,167
145,135,113
219,204,160
218,210,160
207,192,161
180,167,119
113,102,81
225,210,173
191,178,154
121,106,90
194,170,138
216,206,152
164,151,126
199,188,144
157,151,132
138,122,87
190,176,124
165,153,115
149,133,102
116,107,81
269,250,174
114,110,90
153,147,124
178,166,142
178,164,131
120,112,85
208,193,162
170,157,119
211,202,167
254,238,189
110,101,79
235,216,165
187,175,143
127,112,96
292,269,200
326,312,229
140,134,90
198,183,148
123,111,86
141,129,106
176,167,118
131,116,81
131,120,99
175,165,131
202,190,144
328,316,230
175,159,115
129,119,90
200,192,148
134,120,101
171,157,134
158,146,117
131,123,107
116,104,80
248,232,176
215,207,166
144,141,108
136,127,100
163,148,122
189,177,141
255,245,191
125,116,86
197,182,126
146,134,105
260,240,177
131,123,99
86,81,65
137,133,107
188,170,123
228,213,154
186,173,141
162,149,124
201,187,138
188,178,123
98,93,77
133,123,102
232,215,172
176,163,132
163,154,131
210,199,147
193,191,141
151,132,113
147,139,100
151,140,118
167,156,136
204,195,159
159,150,110
191,177,140
197,179,123
136,126,111
113,100,82
120,113,98
259,250,190
272,261,185
265,245,209
215,202,151
190,176,132
195,181,143
119,108,88
75,64,53
236,220,168
200,185,143
187,168,137
205,191,145
116,110,84
201,189,134
136,129,96
240,225,184
168,159,109
118,111,85
148,130,111
224,214,169
185,174,125
140,132,95
206,195,154
168,154,126
146,130,103
200,190,145
207,192,148
188,178,139
165,154,123
216,205,158
176,167,131
158,147,109
239,228,185
131,121,97
289,271,206
231,212,170
147,139,113
282,262,202
222,207,146
162,147,107
216,200,149
156,149,117
220,209,148
162,150,122
210,197,138
110,100,88
149,138,114
143,134,106
200,187,149
168,152,111
168,160,127
158,151,117
112,108,86
222,209,180
221,210,160
241,230,175
124,116,94
130,122,95
254,244,166
175,163,119
89,79,65
199,180,145
273,255,171
261,245,171
164,151,126
180,170,133
166,149,127
119,109,91
142,130,103
177,169,128
169,150,121
222,209,164
199,181,148
203,191,151
174,164,129
152,139,109
110,100,79
144,135,97
196,186,141
170,158,111
158,146,109
183,171,142
224,210,163
236,221,162
163,146,114
185,174,139
200,187,125
175,163,119
302,282,231
150,136,115
217,200,149
196,189,133
158,143,119
112,106,84
105,96,82
123,116,95
122,116,84
211,196,163
148,139,112
255,238,183
156,146,111
167,159,124
223,213,163
142,132,106
137,126,100
179,166,127
266,253,161
207,196,163
184,170,129
176,164,135
123,115,106
134,127,97
149,131,111
174,159,120
161,145,130
233,219,177
98,91,74
161,153,117
225,209,169
207,194,138
137,127,102
161,146,120
216,201,164
206,196,152
244,229,164
153,142,109
179,167,133
227,213,153
170,154,118
151,142,104
126,114,96
159,151,116
255,238,167
310,290,197
206,191,152
161,153,111
182,169,125
152,138,104
164,154,118
143,132,102
115,102,87
86,77,67
202,196,151
185,175,133
173,163,123
259,244,187
214,201,154
215,199,164
174,163,128
179,162,132
203,192,142
152,138,110
204,190,144
226,214,160
128,121,100
200,193,141
98,86,75
235,215,170
141,128,98
182,173,123
139,123,98
188,181,136
205,191,127
163,152,113
135,124,104
164,151,121
197,187,151
207,198,157
155,146,112
141,129,108
209,199,164
227,210,155
217,201,137
281,271,205
220,208,171
156,148,118
213,201,132
216,202,151
185,173,121
167,157,121
305,293,215
162,157,107
140,127,100
180,168,123
158,152,119
213,200,146
178,159,131
161,147,107
163,150,115
205,197,149
206,188,139
207,194,138
267,253,186
159,146,112
156,146,115
139,131,101
185,175,136
131,119,88
187,176,139
173,159,134
238,222,178
171,160,112
106,97,85
209,198,165
176,164,135
244,237,172
116,104,86
237,221,171
153,141,113
286,270,219
201,186,136
142,134,117
208,190,159
238,232,178
158,150,112
165,157,125
147,136,99
188,170,136
140,131,93
200,182,149
97,87,68
211,199,166
203,191,143
114,106,95
240,225,171
164,145,116
186,168,145
285,265,208
148,142,110
166,159,113
155,143,111
184,171,126
141,134,103
226,214,157
121,110,100
165,150,119
210,192,147
186,169,137
187,176,132
225,209,158
216,205,155
185,174,134
172,160,133
152,147,110
150,144,111
151,141,102
187,176,140
221,208,153
162,152,115
125,116,94
184,172,142
154,141,109
214,199,166
227,207,167
155,149,108
172,159,113
228,215,158
194,181,137
127,118,106
217,202,153
159,146,132
178,163,133
252,244,197
164,153,115
155,144,111
198,188,154
203,196,150
116,112,94
184,173,138
188,173,139
169,154,121
208,194,147
156,152,119
165,150,121
235,216,163
183,159,122
177,167,128
138,127,98
158,144,112
230,213,161
251,241,176
199,187,150
256,241,191
106,99,80
144,133,106
213,199,156
168,160,119
243,229,177
107,98,78
125,115,94
117,109,89
164,152,113
170,162,129
165,153,110
156,142,117
185,173,140
221,205,171
143,130,96
130,121,109
240,227,167
164,154,119
204,191,150
199,186,137
172,160,120
185,179,134
176,163,140
145,137,100
161,149,106
243,230,169
245,234,192
127,115,95
170,154,114
108,103,75
222,210,143
97,87,74
182,164,129
259,241,183
269,255,177
162,153,121
144,130,100
177,166,143
134,123,97
171,158,121
217,205,165
161,150,109
197,186,142
188,175,148
217,205,164
170,158,121
243,221,174
190,170,139
231,213,172
172,162,130
186,175,117
234,214,156
148,136,88
138,129,100
226,215,161
201,189,150
127,121,93
208,198,151
160,147,117
183,171,135
139,132,91
213,196,150
219,204,164
188,173,132
243,232,169
239,226,153
193,182,143
204,187,146
212,202,141
156,147,110
153,143,118
181,169,138
277,259,193
106,100,80
143,131,112
196,186,132
261,248,185
241,225,185
124,110,77
180,162,138
202,190,149
175,166,131
150,139,100
267,259,193
145,131,109
142,132,95
126,115,83
204,193,143
187,177,126
166,146,119
213,203,135
182,167,127
170,158,120
140,132,106
177,171,116
204,193,160
138,128,89
213,204,151
156,146,113
154,142,112
227,208,175
203,194,158
141,131,99
206,192,134
169,152,120
215,198,166
188,174,147
172,157,113
140,131,91
158,151,121
128,115,89
207,191,149
194,185,153
249,230,180
137,124,105
225,210,168
171,159,120
196,184,145
293,278,211
208,192,155
241,226,178
217,202,139
139,135,101
170,161,122
141,129,109
150,143,103
216,202,153
280,260,207
259,240,176
144,134,105
204,182,147
157,146,116
220,207,168
211,192,154
228,214,167
155,147,112
181,168,134
178,169,127
227,224,179
177,168,127
175,160,125
267,240,175
163,154,119
122,115,87
148,135,105
175,166,145
184,169,136
235,223,156
177,169,110
223,210,152
217,200,160
146,137,107
196,186,151
179,169,134
199,177,144
140,129,99
138,124,109
281,261,196
130,121,111
143,128,102
191,180,147
215,206,151
207,190,148
176,165,131
138,130,102
215,207,159
155,138,107
281,263,179
235,222,158
168,155,119
208,197,147
198,185,137
223,208,154
179,176,137
175,160,115
232,212,166
251,241,166
171,164,123
205,191,140
227,218,152
252,234,185
169,161,113
226,211,143
148,137,109
187,175,124
208,198,155
177,167,141
179,160,118
158,149,121
165,154,120
233,217,152
121,107,83
156,149,110
211,192,150
275,254,202
184,166,137
180,164,130
184,172,132
189,177,130
91,81,70
199,185,145
198,189,151
163,155,119
169,162,126
122,120,78
210,195,155
172,161,126
197,185,143
192,182,139
127,116,90
144,137,117
139,131,105
171,158,120
162,151,118
302,283,226
227,215,151
197,189,151
218,205,141
163,150,125
163,151,129
154,138,107
148,143,111
151,142,125
234,219,155
175,165,132
174,158,128
236,220,161
115,109,89
202,194,139
162,149,123
270,255,189
164,146,127
216,203,160
145,137,112
149,127,96
159,145,121
169,158,129
225,214,146
150,132,112
