316,793,759,552,197,489,463,338
309,761,715,547,153,358,333,264
267,623,592,411,234,567,540,388
306,651,618,440,193,384,362,271
242,525,503,339,174,393,370,283
343,817,775,589,238,617,599,449
272,669,636,459,186,423,407,291
252,667,636,450,165,331,310,255
230,553,531,395,169,363,345,243
311,768,734,548,193,546,526,401
269,563,541,389,150,321,301,194
251,582,556,407,164,415,397,272
276,668,633,454,241,507,486,342
271,603,576,419,243,561,531,413
305,722,693,537,168,336,326,245
244,619,593,407,259,608,575,436
225,573,540,402,203,471,451,325
308,773,736,545,224,521,498,377
258,603,575,413,194,464,436,306
300,656,636,464,250,552,523,375
296,664,640,454,161,390,365,271
215,516,485,346,185,402,380,270
360,905,862,648,225,558,533,391
206,476,460,324,161,319,296,223
368,905,864,655,155,367,352,269
252,709,681,496,255,596,567,417
277,645,614,430,207,473,453,308
187,505,479,354,284,592,561,447
225,453,429,303,181,418,390,280
290,678,639,471,214,558,542,404
286,723,695,507,250,653,614,475
364,857,819,607,179,331,311,240
258,587,563,420,267,647,615,453
240,591,567,407,188,456,426,300
262,623,600,398,186,397,374,261
292,784,744,565,179,366,339,256
243,587,562,400,154,325,312,240
298,792,751,544,189,521,504,429
211,442,411,315,115,253,242,196
277,635,607,452,218,489,467,347
273,688,651,487,187,383,360,268
292,782,755,556,200,437,414,296
266,652,621,479,234,552,515,385
261,534,499,343,201,477,448,324
241,629,597,440,130,249,233,176
312,754,706,546,194,364,347,254
284,688,662,470,158,310,293,219
281,571,546,395,169,352,333,230
352,852,811,612,247,562,535,392
249,640,605,418,106,178,166,118
259,558,515,380,192,422,405,284
320,777,745,556,214,543,519,377
305,656,621,485,220,524,494,365
372,847,808,585,191,443,418,306
372,837,801,606,133,257,243,184
251,576,546,368,228,531,508,401
277,692,659,464,160,362,346,245
270,618,595,426,167,422,400,282
283,807,778,596,226,467,445,327
296,707,676,483,189,439,418,293
273,652,632,480,196,500,481,361
355,857,812,598,250,666,627,475
308,738,708,507,179,365,345,265
330,796,759,556,257,548,522,341
254,562,536,376,253,606,575,432
366,877,839,613,223,508,481,348
266,668,639,452,176,466,443,324
219,509,481,318,231,550,519,378
242,521,497,353,170,325,316,226
261,584,559,408,248,706,671,500
308,797,762,567,170,362,341,252
293,721,686,498,220,450,428,331
304,693,658,447,228,505,472,336
302,668,640,475,268,644,622,462
347,814,775,562,249,546,511,390
225,560,525,393,205,470,445,326
330,841,807,587,220,482,461,336
225,539,507,368,268,617,577,430
291,706,671,506,247,544,519,370
232,517,485,371,248,595,579,397
289,726,690,523,275,647,615,453
248,596,567,428,249,570,541,410
227,597,575,426,212,468,435,335
251,588,564,418,248,619,594,448
334,811,752,547,217,407,382,244
294,819,786,578,243,596,569,398
246,586,560,387,193,413,391,286
261,661,625,472,216,534,511,370
294,743,718,521,218,453,424,281
298,719,685,499,231,482,452,343
321,708,669,461,229,538,512,356
284,643,614,458,240,605,581,428
262,614,586,403,209,509,486,351
342,810,769,577,226,483,457,348
252,573,545,406,133,283,264,176
272,670,645,468,174,333,313,209
344,856,816,625,284,619,585,438
262,723,683,520,263,597,569,403
258,604,571,432,246,572,537,394
274,598,572,406,211,496,469,366
297,789,765,541,189,393,369,271
257,641,609,449,233,571,536,385
337,838,807,602,221,459,439,311
275,734,699,511,185,369,338,239
332,873,836,646,241,609,580,406
272,682,662,486,192,403,381,266
382,954,923,708,228,554,532,364
240,594,571,439,210,499,472,353
239,621,595,413,147,278,255,197
262,572,545,416,227,474,449,329
368,805,767,570,201,482,455,327
243,570,537,386,268,602,563,420
268,703,671,492,211,446,417,300
179,547,525,387,173,409,387,283
241,642,601,446,228,456,437,296
298,776,735,554,228,535,503,367
252,580,537,384,159,295,282,213
332,887,850,617,245,624,591,450
237,512,484,365,228,511,481,341
287,701,668,496,202,434,414,285
327,781,745,553,277,575,539,407
249,617,596,460,258,603,570,437
228,600,567,413,225,534,507,375
262,633,610,419,205,482,465,335
299,742,704,487,204,452,430,316
329,846,804,626,162,349,340,254
249,635,605,429,158,387,369,257
207,435,412,282,175,382,364,292
335,843,819,593,176,422,404,313
226,480,444,340,232,570,534,378
216,554,526,397,195,382,357,252
316,705,673,498,214,528,500,352
206,440,414,306,181,388,358,246
213,560,538,383,211,468,447,353
215,521,496,355,252,652,626,472
342,783,746,564,221,524,503,412
314,833,796,584,224,505,482,347
134,351,342,219,191,388,366,291
236,503,478,362,244,522,492,358
272,706,685,531,166,361,337,243
210,580,554,405,187,430,411,299
253,701,662,484,192,459,442,368
293,638,603,432,208,479,455,325
243,551,521,384,206,437,414,321
200,442,417,318,194,454,433,294
373,900,861,606,170,343,317,240
286,648,625,450,167,369,355,259
312,731,695,512,220,447,421,292
384,888,850,627,225,499,469,361
232,594,572,407,167,383,362,243
256,728,700,539,138,258,247,181
218,503,471,355,147,329,303,234
343,850,814,624,197,427,411,308
357,875,835,587,136,241,226,157
295,805,761,555,187,496,480,362
254,676,644,479,211,418,395,278
284,698,668,465,177,350,327,218
263,589,557,387,186,426,399,297
265,658,622,432,211,556,535,391
208,477,454,314,233,615,590,455
223,491,479,361,206,500,472,333
300,724,697,508,191,401,375,277
326,850,812,608,213,505,478,334
327,822,781,598,233,493,465,343
281,889,852,628,248,551,521,368
262,631,601,422,255,666,637,475
269,542,516,357,227,451,424,310
266,704,676,499,221,497,472,349
282,752,722,524,208,445,416,322
303,854,822,620,217,475,449,304
200,407,388,268,227,521,485,371
252,588,557,386,177,368,346,231
278,595,565,436,242,566,534,366
230,472,438,329,214,531,513,384
258,641,608,435,170,327,301,235
286,774,736,526,241,504,471,364
288,820,794,616,264,498,470,365
290,692,662,470,228,518,495,354
218,549,519,381,215,546,517,375
230,602,573,430,136,259,241,193
289,734,699,521,172,319,300,226
286,700,664,502,228,455,423,323
286,625,587,421,130,374,356,255
204,516,495,362,222,500,472,345
317,774,738,539,230,497,473,335
297,779,736,559,174,432,414,309
284,677,636,465,189,420,400,289
273,700,672,500,188,470,451,326
235,557,532,423,232,523,496,349
236,596,561,404,148,328,309,205
312,768,733,544,208,483,459,326
281,618,594,416,258,637,607,469
176,388,364,251,189,410,395,272
296,669,641,473,196,432,402,285
214,508,487,369,265,615,596,439
309,813,775,580,221,526,503,356
293,854,835,632,254,540,518,405
233,585,560,473,295,693,658,475
259,639,614,432,129,245,231,175
296,668,636,458,193,453,429,309
274,741,705,547,247,633,593,448
339,775,725,511,140,277,262,170
283,743,708,541,179,368,338,271
244,632,609,428,159,351,326,238
220,570,550,390,235,418,386,276
271,717,688,509,257,590,559,421
341,846,800,611,282,621,597,441
259,651,626,454,224,509,474,375
335,908,878,642,209,435,426,292
274,733,705,519,200,541,518,378
297,661,624,449,242,532,512,369
317,807,774,581,204,554,536,386
192,538,513,382,225,594,560,406
286,735,708,512,192,451,422,289
269,668,658,491,208,433,402,296
313,837,815,619,196,483,466,334
276,700,671,493,216,463,442,308
313,835,807,592,227,512,483,354
274,716,691,493,215,474,453,302
227,571,543,382,219,540,507,363
279,718,689,512,234,605,585,424
335,846,816,588,272,673,637,490
339,789,753,559,215,475,448,312
227,624,602,404,173,374,354,268
279,676,639,428,167,389,367,239
231,448,425,284,268,622,593,439
287,712,678,482,204,475,446,325
338,882,851,647,174,332,318,216
288,791,750,541,225,533,506,359
253,590,557,422,217,567,547,381
254,760,726,548,185,427,400,291
224,515,486,333,223,542,513,380
301,801,764,567,225,575,547,403
278,576,551,395,174,424,407,264
305,702,668,517,220,502,483,369
227,576,543,380,231,554,526,400
253,607,577,419,170,263,247,165
270,626,599,415,266,661,631,487
229,638,609,421,207,476,451,343
289,702,670,502,220,531,509,365
350,850,817,622,251,605,583,427
319,818,773,577,248,573,552,400
336,811,781,592,190,389,372,273
307,673,641,455,140,277,265,185
267,617,588,427,207,400,372,288
201,483,466,376,181,447,424,285
355,762,724,534,216,563,536,407
317,725,684,491,184,452,417,293
278,719,689,466,244,627,601,456
196,571,546,400,213,449,424,297
269,642,613,441,213,524,500,366
209,567,535,381,229,553,525,376
200,452,429,283,223,526,501,395
250,703,674,484,196,416,383,288
198,553,529,382,209,486,458,343
298,716,685,498,183,469,447,327
283,602,570,405,211,498,477,348
294,710,681,482,241,569,549,406
242,578,544,375,170,312,296,199
238,546,516,387,248,547,513,375
183,447,426,293,188,365,346,245
299,745,714,547,205,499,481,367
270,647,616,451,217,419,402,290
229,569,547,387,92,196,187,141
273,595,558,396,228,541,517,382
329,790,752,557,163,385,372,247
262,667,632,495,249,574,539,384
285,774,740,570,163,317,298,192
219,511,490,336,186,395,363,278
277,725,693,525,262,553,529,402
284,549,517,376,261,637,605,449
274,613,584,394,233,450,421,292
294,718,690,520,204,366,344,262
239,639,605,450,251,584,562,427
304,768,735,538,99,173,158,121
286,687,653,519,175,450,432,306
313,804,769,552,200,443,412,324
311,752,718,522,199,431,407,304
388,876,839,649,285,720,681,516
278,731,697,525,183,457,441,307
198,463,446,311,216,481,456,350
284,700,666,473,172,395,376,277
302,700,671,494,195,446,424,316
306,719,687,488,180,372,354,243
260,680,647,480,196,455,434,304
326,841,798,605,255,618,595,431
254,681,644,482,172,396,370,257
312,826,788,578,190,424,398,279
221,608,573,406,206,559,533,383
294,704,680,497,270,597,563,419
257,551,526,362,210,440,417,332
225,580,555,397,216,567,547,437
297,706,674,494,222,530,506,408
318,818,784,600,202,397,374,268
258,546,524,379,196,452,435,334
311,804,780,568,254,565,533,385
346,899,860,640,211,464,449,337
233,608,582,432,145,242,227,170
329,878,839,617,238,503,477,323
274,759,729,542,204,546,527,404
253,591,547,385,260,672,643,493
295,689,657,460,156,377,356,250
280,699,667,470,248,573,542,421
350,898,851,637,177,380,362,263
276,689,657,470,201,432,405,312
289,709,681,484,229,508,465,326
303,700,673,482,192,453,419,296
274,746,713,535,211,506,487,390
293,698,665,481,179,436,415,280
325,809,772,562,138,265,247,190
289,785,748,554,206,412,396,289
187,442,422,281,176,369,346,239
336,866,838,615,190,373,348,246
304,744,711,525,163,369,352,256
325,794,750,541,164,350,331,250
280,702,674,501,168,335,319,204
202,543,519,360,183,435,413,289
281,651,615,445,207,459,430,321
290,746,711,514,256,533,496,345
316,880,842,624,204,505,474,346
290,693,657,505,166,334,314,231
298,747,722,528,231,513,478,367
296,773,733,537,237,551,528,373
310,714,674,529,241,532,502,375
230,547,525,410,195,443,419,322
202,442,424,288,163,301,279,194
338,847,817,610,188,407,379,284
242,489,459,353,230,454,425,319
305,642,609,432,200,435,411,299
280,665,639,432,263,629,598,427
297,775,736,542,229,469,450,299
221,530,502,391,217,520,498,361
217,500,474,332,187,474,456,329
293,711,678,468,202,503,471,366
332,879,835,615,250,568,543,407
284,685,642,468,197,419,395,296
243,741,696,529,234,523,500,375
303,765,737,526,156,271,249,167
271,649,629,444,205,470,434,338
243,573,549,359,205,510,487,393
267,689,662,472,246,585,558,398
300,692,643,460,119,231,215,164
335,777,751,559,216,479,452,337
243,594,565,399,268,567,539,375
275,623,598,413,258,595,566,463
326,726,695,507,220,488,462,338
277,775,745,547,256,672,648,492
327,842,794,596,211,473,452,351
300,738,700,532,248,509,489,326
240,683,658,450,251,568,544,393
261,706,673,495,226,488,457,335
299,785,746,574,185,458,428,318
301,789,760,578,194,411,394,282
248,618,596,425,200,396,377,296
226,550,521,356,186,443,421,345
317,790,746,551,182,339,327,248
320,830,800,624,245,545,524,363
227,475,443,306,210,466,443,313
304,690,658,521,173,464,443,315
261,670,639,444,198,431,402,301
261,697,671,504,181,377,359,245
256,626,589,428,178,434,416,306
275,743,706,553,230,422,399,302
226,511,487,355,234,579,550,428
283,619,593,470,252,541,517,369
267,595,575,436,278,665,639,493
331,771,727,529,221,494,470,354
245,540,512,356,178,373,354,241
308,711,664,482,244,551,526,390
264,515,484,356,222,437,414,297
288,745,700,524,273,540,507,342
213,507,482,341,241,510,485,341
318,807,774,575,185,466,442,331
249,621,589,396,174,315,296,205
236,580,559,417,232,615,588,432
276,687,662,488,234,577,561,452
210,498,481,329,201,466,442,321
271,669,636,456,182,338,325,247
288,639,601,427,319,724,680,510
311,743,708,496,279,603,569,419
165,329,311,244,264,555,518,359
244,551,521,344,198,477,451,333
308,703,659,496,200,441,414,318
343,780,735,547,218,469,451,336
298,768,742,579,243,523,494,382
298,746,714,536,160,320,290,220
237,550,524,386,228,482,456,318
299,713,663,514,213,514,489,342
189,418,400,283,192,357,337,237
214,569,541,381,188,467,444,352
252,688,649,499,183,307,291,205
241,506,472,323,177,373,353,250
263,741,721,540,203,421,403,293
340,882,846,634,166,386,358,227
344,878,842,653,163,411,386,280
346,791,748,570,222,529,501,365
318,706,681,507,211,518,497,362
310,785,751,563,121,252,230,173
340,910,880,664,166,365,340,237
285,827,786,607,255,611,574,409
254,626,607,415,324,660,630,460
309,791,762,579,199,439,419,301
290,706,669,532,191,490,467,322
287,707,679,513,245,573,549,398
306,726,699,511,216,555,524,387
288,694,659,472,237,549,527,398
239,563,530,377,188,381,347,243
320,795,750,570,234,475,452,350
256,557,538,363,238,600,575,439
283,689,656,482,141,299,284,225
249,576,545,376,204,420,397,272
262,642,614,440,190,366,348,269
277,794,769,583,195,385,363,255
368,921,890,666,222,543,525,382
270,641,614,451,204,453,430,301
291,726,693,524,187,443,416,312
264,670,642,465,208,482,453,327
262,689,664,465,209,443,422,304
277,744,708,526,231,507,470,342
279,647,619,449,222,469,448,314
215,443,427,281,220,566,544,424
283,640,606,447,138,294,277,207
290,675,646,470,244,545,523,367
294,776,745,547,160,413,393,274
230,544,513,361,129,303,292,186
215,539,518,365,183,429,405,302
238,547,517,364,198,405,375,300
251,628,600,440,143,290,274,199
302,782,756,572,243,567,530,406
316,877,843,606,230,484,459,348
323,854,829,628,203,491,472,330
269,717,692,508,161,362,349,242
265,639,608,426,262,659,622,465
243,602,570,411,224,531,503,363
276,643,616,453,225,541,520,368
236,589,552,392,212,475,460,326
346,809,763,575,242,568,544,382
290,747,711,527,219,417,391,263
341,832,781,592,155,337,306,217
217,499,478,325,191,355,327,262
226,618,588,416,186,359,338,255
282,630,610,461,231,485,456,356
259,712,674,482,164,331,312,207
220,532,508,354,193,456,437,327
352,963,922,686,225,549,527,398
258,662,636,460,200,426,408,301
300,805,774,542,153,308,292,205
274,660,624,444,188,443,422,326
296,709,675,515,230,627,606,417
293,613,588,450,138,320,301,193
280,704,666,478,161,313,296,197
334,792,755,574,163,400,382,264
272,793,758,585,155,322,300,221
239,576,551,381,222,463,436,320
271,719,693,510,199,492,461,353
231,665,641,487,181,350,323,233
366,874,835,626,222,508,489,362
347,802,760,559,152,317,301,203
332,845,813,612,185,345,322,222
278,678,647,465,201,467,442,319
237,665,638,474,223,508,471,352
229,536,513,352,204,418,388,277
289,638,618,427,188,460,437,340
210,467,444,305,177,438,426,334
177,496,481,348,237,499,478,356
238,556,528,359,190,462,443,317
318,697,655,471,198,401,370,272
339,827,795,605,266,601,563,427
349,868,840,623,179,448,421,294
319,795,753,558,233,536,508,365
195,371,355,258,240,531,505,384
275,636,611,440,251,509,487,363
331,859,823,623,231,586,560,403
214,487,469,327,220,492,457,326
322,789,752,584,192,431,410,310
355,828,792,549,206,430,398,314
170,434,408,273,231,580,562,434
338,820,770,561,255,558,525,399
149,373,355,240,209,501,481,344
204,442,414,344,207,412,387,266
333,859,814,613,203,431,404,285
346,876,834,643,260,530,510,384
291,727,686,505,151,342,319,217
311,777,746,556,170,346,328,249
321,852,833,620,275,669,633,460
273,665,640,461,113,184,169,135
345,918,881,669,227,573,540,398
256,665,641,461,213,461,438,329
215,610,578,422,203,455,441,340
303,774,745,544,242,526,500,329
333,832,797,581,210,415,396,280
297,717,688,549,231,495,465,364
321,836,811,615,193,432,407,292
279,792,759,577,291,678,649,464
317,740,701,505,161,365,341,274
243,550,533,382,214,493,462,337
287,618,579,414,145,301,288,192
266,701,667,478,218,490,465,363
265,632,610,423,198,424,400,263
312,844,808,612,135,281,266,206
276,696,670,479,207,438,414,297
292,612,577,396,253,577,557,391
226,629,606,422,208,471,449,337
285,746,717,536,184,434,420,277
267,623,595,427,174,284,258,192
343,905,870,629,245,606,568,415
247,675,652,479,138,297,279,192
220,657,631,476,238,540,515,357
384,911,870,631,140,286,263,186
255,619,596,432,199,431,414,293
306,761,725,516,170,364,348,238
324,828,789,591,240,474,447,323
220,502,474,363,169,346,319,234
340,808,762,574,172,382,367,262
294,651,615,428,277,610,571,411
332,802,766,556,229,558,536,387
233,493,457,352,189,458,439,304
272,624,592,433,206,493,470,349
271,644,604,424,173,349,327,240
282,713,689,524,190,473,452,323
286,637,612,457,172,327,313,212
339,766,733,528,184,385,366,257
260,605,580,437,155,318,301,219
255,637,615,461,214,506,483,382
276,657,632,460,216,446,422,296
299,786,754,569,213,460,433,314
337,770,742,538,233,513,485,338
237,560,532,374,256,617,589,450
253,657,624,444,175,395,383,278
246,546,511,355,203,448,428,292
177,422,392,269,215,491,466,362
150,223,204,140,180,397,376,269
348,872,835,608,199,439,416,282
226,512,486,322,124,250,238,175
258,565,536,412,246,652,609,463
273,641,599,449,204,489,455,314
238,576,542,426,210,518,490,377
295,645,599,481,250,622,602,457
303,799,773,576,229,508,483,349
257,682,653,464,221,517,496,388
198,482,454,312,225,536,504,367
263,668,637,454,261,516,481,338
194,395,377,250,242,555,524,357
278,681,643,464,246,582,544,388
250,600,567,404,217,480,455,345
233,469,441,313,266,608,580,443
284,675,634,451,199,395,374,237
326,830,805,578,187,396,377,268
286,685,662,473,191,404,382,261
298,690,670,482,271,639,606,453
256,686,654,458,164,286,272,217
262,603,563,397,189,363,341,244
355,815,771,579,267,592,561,422
295,755,728,524,206,432,406,309
312,802,769,581,229,484,463,335
288,687,659,494,203,508,480,327
304,715,676,518,214,440,414,323
258,658,625,466,249,561,533,401
216,525,493,335,215,459,438,326
251,499,471,362,249,529,503,364
314,728,694,547,278,677,639,489
272,652,614,429,252,539,509,375
257,651,623,454,269,571,542,412
348,864,829,613,264,631,601,466
288,855,818,626,191,397,373,269
298,645,602,447,231,527,500,366
229,556,526,366,162,397,381,256
185,378,356,241,203,501,481,328
238,543,514,363,242,536,511,401
311,806,773,571,227,518,489,341
281,679,650,475,247,564,534,394
371,854,814,583,300,709,682,523
345,824,797,596,224,479,457,318
249,635,601,439,217,483,450,318
290,672,636,444,160,391,372,285
288,657,628,442,256,583,551,388
266,782,744,536,190,412,390,299
253,610,592,409,243,525,498,368
295,742,702,488,263,632,608,454
305,718,683,521,249,555,518,368
321,798,753,568,193,464,451,311
265,621,595,410,188,382,361,262
251,617,585,409,264,554,528,380
295,768,722,524,218,511,484,345
270,610,587,406,188,383,368,277
276,793,758,548,174,375,355,260
326,810,778,562,159,334,318,221
309,787,758,580,167,384,368,250
323,817,773,552,229,501,477,329
266,557,527,410,244,596,566,442
212,478,460,316,249,580,547,387
295,633,603,412,179,377,359,251
247,712,681,507,185,488,465,315
307,689,654,471,182,329,310,247
236,667,637,457,217,525,497,387
287,714,681,502,222,441,421,301
297,840,799,584,240,560,537,398
282,713,672,479,224,475,459,326
256,658,635,468,197,461,438,334
286,826,788,571,196,413,392,275
227,495,465,333,240,569,541,397
326,733,703,505,200,464,446,326
325,858,825,628,265,667,642,462
319,820,791,593,279,625,590,455
311,818,782,572,189,454,436,308
288,672,642,460,266,520,492,368
217,503,482,329,229,443,424,298
323,797,755,556,104,190,179,129
312,838,808,588,219,495,462,347
335,831,786,584,206,410,393,287
229,605,581,418,227,435,415,301
252,515,494,335,206,492,468,334
321,797,762,578,222,493,461,339
280,609,566,384,233,611,586,437
287,778,747,565,186,430,412,318
201,473,447,314,170,396,373,274
310,819,786,562,253,615,588,428
203,528,508,364,171,443,426,306
247,624,600,422,230,609,584,437
328,699,658,480,226,457,435,300
290,775,741,546,219,484,463,313
282,684,637,446,201,473,447,315
313,791,761,601,185,418,388,297
230,581,556,404,151,386,364,291
280,690,647,475,270,665,634,469
347,893,855,653,208,361,333,242
317,757,720,533,259,658,626,497
308,630,596,434,243,596,563,393
209,486,456,326,221,488,463,319
244,548,520,393,261,614,585,414
239,594,565,410,152,403,384,303
264,638,604,444,200,463,440,328
293,680,646,516,216,414,392,288
242,553,526,351,194,420,399,270
304,826,801,569,197,436,412,295
219,514,490,338,188,381,354,279
288,719,688,494,112,319,305,209
257,607,565,421,208,521,493,342
195,432,413,272,199,433,413,317
211,480,458,323,165,380,370,286
338,848,812,615,239,499,455,363
310,832,793,603,202,469,441,323
258,527,506,382,147,314,295,213
212,540,517,384,182,417,391,293
348,753,721,516,235,508,482,327
246,567,536,390,159,338,317,237
296,788,762,583,164,343,315,224
270,748,712,547,211,499,471,349
295,808,769,560,210,530,504,376
345,898,859,652,192,425,411,289
247,654,629,451,131,295,280,225
299,681,651,462,262,572,542,378
328,721,685,513,182,426,407,283
281,733,705,540,185,362,354,246
233,571,556,415,199,427,397,285
273,598,560,396,213,482,447,337
300,770,729,529,245,518,495,369
345,876,834,622,216,480,458,326
295,713,678,512,165,377,354,266
331,718,681,495,226,453,434,324
293,580,544,396,208,425,401,279
328,827,781,576,242,588,570,421
349,691,647,499,169,362,345,253
274,612,588,415,147,298,283,208
311,769,731,539,184,448,424,314
371,835,777,519,250,558,527,408
248,621,589,420,271,684,654,498
349,814,783,574,229,562,533,372
282,623,585,407,225,457,430,337
319,907,872,646,243,564,530,391
216,488,463,360,216,465,439,331
262,614,587,433,238,531,497,374
237,580,556,433,241,574,552,388
279,694,663,493,197,451,429,294
251,537,509,381,178,317,288,202
278,681,648,447,194,416,402,285
304,736,704,492,180,398,381,266
330,796,748,569,164,374,354,254
281,716,675,492,174,398,375,260
310,825,789,585,226,512,493,364
287,742,714,539,209,442,408,293
214,519,496,371,169,393,373,282
261,600,568,431,284,714,691,512
190,423,402,260,212,496,472,362
267,617,592,427,246,552,517,396
315,739,709,516,233,553,518,399
267,808,768,589,190,450,423,277
253,573,545,423,259,584,550,427
277,623,591,459,201,452,422,300
255,539,503,329,255,583,550,398
344,875,840,627,215,413,383,288
300,774,737,596,157,349,338,281
261,679,649,478,203,451,433,328
269,605,579,421,230,584,552,396
331,843,809,587,167,335,318,250
315,832,799,593,217,474,448,324
258,547,518,362,190,394,376,266
293,636,608,410,140,274,259,174
297,835,789,619,190,405,383,279
277,730,695,506,196,511,490,371
256,654,632,466,195,437,416,315
319,815,777,585,158,288,268,204
300,700,663,455,178,389,373,262
325,895,866,624,229,468,442,322
281,632,598,435,221,464,446,323
260,666,642,468,186,386,370,275
251,584,561,383,195,390,364,279
239,559,527,392,170,340,313,241
280,661,632,456,272,690,664,485
236,541,518,347,189,411,391,266
211,564,539,395,200,512,495,372
257,633,608,434,207,473,452,331
281,621,585,419,269,596,570,403
255,613,590,415,241,597,572,434
305,778,733,557,123,261,245,188
281,642,614,423,234,480,454,345
292,627,597,437,197,475,452,334
285,739,706,520,184,522,503,373
328,805,770,578,150,311,296,233
303,745,700,528,225,519,487,362
217,482,455,318,212,479,456,340
224,576,549,411,220,496,459,331
293,688,660,491,123,188,177,141
262,742,704,526,95,175,160,114
213,491,467,327,207,483,465,341
287,676,645,458,173,371,351,263
252,629,602,470,207,478,459,353
346,908,879,677,204,420,402,279
255,615,596,422,185,343,324,228
322,777,748,557,168,317,303,231
323,756,720,545,229,554,532,383
337,837,796,591,168,321,304,192
234,661,631,467,160,425,409,296
282,745,710,546,163,392,376,285
295,700,673,474,170,343,323,245
263,767,723,553,248,475,450,336
346,895,847,623,206,372,359,287
283,624,593,413,190,484,469,339
294,800,763,556,174,334,314,206
327,804,773,584,296,628,594,429
253,664,638,471,210,563,539,392
255,598,567,400,196,398,373,278
183,422,392,301,219,520,494,339
305,750,709,532,238,544,524,378
330,794,742,538,181,357,332,233
332,822,786,576,222,523,499,353
289,813,786,574,249,638,609,451
227,578,542,367,151,341,322,239
310,756,716,512,147,275,256,203
279,636,606,432,176,362,344,257
260,656,630,433,221,514,487,337
313,889,850,639,248,494,468,345
232,512,490,380,196,441,418,313
255,543,516,390,161,337,312,228
286,771,730,578,224,504,476,317
287,615,588,426,182,414,404,296
292,617,582,422,248,510,479,361
273,618,581,416,278,620,590,435
341,855,819,609,238,516,498,358
318,739,708,524,195,459,434,300
266,624,589,414,143,287,272,172
338,753,705,514,187,425,400,296
262,650,603,437,230,548,523,389
251,657,629,455,211,452,431,312
321,830,792,587,169,388,370,279
307,752,710,509,227,510,484,351
250,519,485,360,223,497,474,330
330,774,740,513,199,452,433,313
256,524,496,397,202,432,400,317
330,826,789,558,184,426,407,286
321,837,808,605,198,401,380,252
362,725,677,491,195,387,369,289
260,578,540,403,201,462,439,327
256,707,673,470,178,396,375,261
360,837,796,572,241,544,517,398
212,403,380,261,195,483,460,330
309,752,724,547,215,520,491,354
299,660,625,451,268,647,622,470
275,564,542,381,160,412,398,272
261,671,649,502,223,484,460,316
268,727,687,508,214,441,418,313
275,738,707,514,165,382,357,250
241,666,642,445,218,522,498,368
260,610,584,414,222,510,484,338
228,615,597,438,197,403,387,288
280,656,623,450,236,555,530,373
247,599,576,404,202,546,519,373
247,595,570,395,186,337,321,242
323,814,787,578,239,579,553,420
250,584,557,410,179,419,401,285
285,642,600,432,212,474,451,340
248,601,561,395,144,278,269,216
232,591,557,396,167,399,381,288
240,516,492,369,220,461,441,327
355,890,851,634,152,303,289,219
264,603,574,420,212,429,401,276
270,593,564,417,201,451,432,307
260,540,511,356,233,592,569,419
291,620,588,483,162,347,326,228
257,656,632,443,182,432,410,294
300,687,656,468,214,481,457,341
259,592,570,426,170,447,425,321
249,519,487,335,173,337,318,232
279,694,656,491,250,544,513,381
324,814,784,609,239,540,507,362
307,756,719,496,216,443,413,328
253,666,642,490,187,386,371,290
210,521,505,336,215,558,539,404
205,455,439,298,230,506,484,357
270,676,653,476,165,361,346,267
307,800,767,584,192,457,423,310
268,672,640,445,176,443,414,291
213,558,527,403,259,643,603,464
338,827,789,575,236,593,569,415
206,492,466,346,189,374,352,243
283,644,617,441,178,350,331,228
313,744,700,493,192,440,419,289
260,673,641,441,225,475,453,339
280,650,628,439,224,546,518,394
254,717,692,502,189,453,431,304
309,673,639,448,147,293,276,196
278,782,752,555,237,519,484,355
254,588,560,398,192,488,466,347
252,701,670,476,210,469,437,320
283,617,585,419,237,542,516,419
243,544,520,369,217,511,487,356
269,667,646,458,201,457,435,330
275,689,648,482,206,519,498,364
221,610,588,426,252,658,630,472
267,756,723,516,221,484,449,310
334,779,745,548,130,240,216,157
308,777,731,535,187,413,396,285
320,773,741,567,184,444,419,306
303,797,766,572,203,435,414,295
264,545,510,379,152,345,320,232
274,620,601,426,136,337,319,210
264,682,657,470,213,476,459,327
199,487,458,320,234,521,492,353
272,581,558,421,205,412,388,287
253,637,611,442,176,413,383,287
277,701,667,483,208,443,414,300
281,648,615,469,190,382,356,254
333,760,735,521,249,468,438,314
228,532,504,365,196,458,440,305
264,589,554,388,140,335,322,264
300,763,724,529,189,341,323,232
237,549,522,381,257,593,567,429
327,819,782,582,155,337,318,224
247,551,529,366,205,420,389,281
220,512,488,383,208,547,523,410
306,677,646,484,265,589,563,435
279,689,655,493,264,620,597,429
293,653,622,426,218,485,462,336
218,521,495,347,278,685,658,481
206,487,470,361,180,376,355,270
282,766,727,564,172,390,362,276
251,679,650,486,170,350,326,219
263,665,635,471,266,527,500,364
266,628,601,453,192,389,364,241
264,665,644,464,211,483,455,323
282,794,761,574,216,454,428,293
327,733,702,504,204,467,438,318
250,571,545,397,258,610,582,432
334,826,788,598,137,247,230,171
235,478,447,349,181,334,315,220
333,848,814,634,198,470,451,311
191,504,478,344,248,545,515,349
332,813,774,577,196,453,432,323
276,606,569,418,247,547,506,378
270,661,634,459,178,345,322,221
233,577,546,378,257,588,560,405
244,534,498,339,230,567,547,407
315,669,632,469,192,391,372,277
304,824,794,588,249,486,464,343
242,664,634,512,174,400,378,288
245,597,570,413,224,501,470,327
287,695,671,514,255,538,504,386
318,706,672,515,283,663,630,450
211,513,489,326,198,487,468,351
309,789,758,557,182,428,396,302
354,868,811,580,212,489,464,321
315,746,712,511,235,580,557,409
227,490,465,309,166,367,346,245
246,568,541,411,230,538,506,369
219,494,467,304,204,491,472,369
307,846,821,609,182,514,499,358
236,550,523,393,203,514,498,339
244,655,629,509,283,691,661,489
243,511,480,331,228,602,575,432
268,669,641,450,225,470,442,324
273,595,569,393,247,672,644,489
323,881,851,633,258,616,582,423
234,584,559,443,231,548,518,385
296,675,648,469,241,518,484,348
208,527,499,350,180,333,316,211
288,680,642,470,271,610,581,433
313,778,736,539,160,305,283,186
233,547,521,389,157,316,299,217
335,839,805,610,170,276,255,181
233,570,550,382,196,429,398,268
291,645,607,430,221,523,503,342
269,606,586,429,134,263,248,180
314,788,756,555,181,394,375,277
250,583,552,383,191,442,425,305
290,699,666,508,195,404,381,311
295,732,700,504,192,373,358,266
269,601,578,415,275,699,666,482
311,700,668,498,156,306,281,203
268,622,606,423,237,603,576,411
254,673,644,482,276,645,613,452
293,818,785,586,230,494,468,342
314,821,784,589,234,553,532,364
343,798,764,548,186,364,343,255
241,642,615,453,186,352,328,240
312,814,775,581,199,414,399,279
255,659,631,444,178,386,372,282
358,909,863,639,252,569,544,393
266,685,656,471,205,409,385,289
275,706,674,481,242,593,566,456
350,795,752,549,181,356,341,241
256,589,554,394,191,397,373,291
298,723,686,489,220,538,508,354
247,581,550,409,151,310,284,194
348,857,814,597,201,498,477,343
300,847,817,624,180,339,317,219
298,692,663,460,196,407,391,272
238,660,636,451,243,549,522,383
290,677,643,445,269,572,533,422
301,770,748,561,206,505,473,338
326,768,746,565,111,227,214,146
268,721,686,504,197,458,438,313
245,685,659,500,195,464,441,328
349,876,841,630,245,518,497,342
262,658,627,454,215,441,420,287
350,869,830,623,187,360,343,266
170,354,333,237,244,538,512,354
320,877,834,614,239,495,466,339
243,582,556,374,173,363,342,271
312,809,772,605,167,342,327,246
331,951,924,694,163,344,325,219
257,561,538,416,237,612,579,424
262,735,699,528,247,493,459,340
272,722,683,497,185,454,432,310
275,789,762,550,186,385,362,265
338,788,743,551,204,519,494,367
190,315,300,218,204,482,459,320
294,780,739,554,202,510,483,373
345,795,762,555,224,403,374,305
290,679,650,500,229,549,515,381
259,602,573,415,140,299,286,183
345,748,706,509,251,567,538,373
226,563,535,382,198,399,379,278
297,672,625,465,199,424,403,273
368,919,875,657,227,456,435,329
317,822,788,574,225,529,504,359
339,819,770,619,218,479,452,335
275,672,646,457,214,521,489,376
293,739,703,559,203,356,326,252
341,905,868,649,154,318,296,217
264,699,669,498,199,494,467,323
320,724,691,509,227,498,467,332
288,795,765,588,203,400,369,292
299,655,619,438,152,384,361,270
327,896,861,675,288,654,622,486
240,566,532,389,190,388,364,259
267,638,611,471,155,348,327,228
275,762,720,551,207,425,407,289
309,769,735,578,254,576,554,435
326,833,800,596,204,461,441,291
234,489,460,288,210,478,453,316
288,670,637,474,182,476,453,341
311,736,690,529,267,525,492,353
285,776,739,565,161,317,298,186
260,645,606,427,192,435,407,326
291,814,782,596,278,595,569,432
332,846,814,611,132,245,231,160
317,803,763,565,222,422,403,300
229,581,554,420,242,579,545,413
297,831,796,591,206,424,396,275
316,628,597,393,203,459,436,308
347,983,953,710,248,595,568,413
304,804,767,584,155,294,272,195
287,712,680,498,251,570,537,394
237,598,574,432,231,470,442,317
301,735,704,549,189,410,393,276
210,501,481,350,259,602,560,408
274,685,664,483,267,624,587,430
203,544,520,386,230,527,500,377
218,448,423,283,168,330,305,214
299,763,730,533,220,444,413,305
235,520,501,340,237,566,536,396
255,626,600,443,125,247,225,164
273,655,622,447,206,389,360,271
286,742,720,503,261,563,530,397
309,778,749,536,177,412,388,280
203,511,489,346,177,380,362,263
191,539,518,374,220,498,478,374
360,886,851,657,207,463,439,324
332,841,812,576,211,442,419,301
253,702,681,500,215,473,448,334
324,840,798,585,229,586,565,409
333,774,742,530,216,420,400,289
284,702,674,497,209,481,458,315
289,718,680,481,185,434,408,298
294,753,722,527,181,402,385,264
351,742,705,511,199,453,426,292
308,734,706,486,252,589,562,414
302,765,725,535,190,419,403,293
232,596,567,420,280,610,585,403
208,567,544,358,168,335,316,244
271,709,671,478,193,440,420,314
326,851,821,633,140,313,298,191
310,747,725,568,176,357,338,240
204,450,424,280,164,423,405,312
234,476,451,336,213,358,339,222
342,811,777,577,200,513,483,351
280,649,619,453,163,319,296,216
266,678,649,449,238,606,575,439
324,833,798,572,174,454,433,282
267,708,683,527,207,443,424,326
300,769,733,547,245,524,497,371
219,522,495,359,220,511,492,358
311,804,773,563,225,458,435,322
222,578,536,393,219,486,466,342
243,585,546,377,195,417,400,273
289,706,676,472,189,397,372,296
239,557,524,391,231,519,495,362
281,652,626,439,185,416,393,286
253,679,651,461,187,394,371,286
244,646,620,447,169,366,338,254
249,590,560,406,189,377,355,244
277,593,568,399,206,414,383,269
331,899,867,657,207,476,445,331
362,921,895,659,169,385,364,256
245,564,525,364,263,582,538,389
252,627,594,413,197,505,479,318
226,583,557,399,146,313,295,224
249,536,520,377,215,513,488,345
261,734,696,524,194,414,389,282
292,720,685,535,180,352,337,258
182,496,465,336,206,436,416,298
311,711,681,498,211,511,490,349
234,579,552,399,270,589,548,401
297,830,800,617,240,602,569,443
259,642,614,432,207,535,500,360
225,543,518,355,189,410,390,309
317,765,729,536,203,419,394,281
292,722,680,506,214,462,444,311
239,632,608,434,186,320,295,218
332,726,688,492,209,522,502,368
301,679,646,465,215,442,420,312
234,495,458,327,229,422,387,298
239,590,554,399,94,161,156,109
211,441,416,263,200,379,358,263
295,741,701,506,199,452,433,284
258,531,487,358,212,459,441,300
355,876,843,602,163,370,352,269
248,558,528,368,201,484,464,347
265,721,693,519,200,392,369,267
237,577,556,400,212,528,498,371
220,685,662,459,199,389,359,267
299,723,693,525,186,350,337,246
214,553,529,371,210,438,415,296
285,690,658,461,183,419,399,315
268,625,595,410,203,366,333,259
288,658,620,437,249,592,568,384
344,822,776,548,190,498,472,349
282,682,652,452,189,351,329,225
348,884,843,641,215,523,495,355
323,807,765,560,216,476,451,335
341,839,796,608,262,600,577,444
249,632,603,423,250,628,602,467
293,589,556,413,247,575,540,379
256,600,571,403,164,290,268,208
289,693,651,486,219,430,414,308
272,608,572,423,186,447,422,310
299,706,666,481,231,482,448,324
357,940,895,642,225,446,415,289
287,796,769,572,160,350,327,253
197,526,503,356,178,377,359,240
343,789,755,586,186,394,376,277
360,895,862,654,188,464,449,329
283,710,677,466,246,633,608,437
324,816,777,582,253,507,480,331
318,849,809,602,272,560,529,353
249,639,604,443,236,501,472,343
257,575,545,386,248,590,564,404
170,405,389,309,152,413,394,287
273,637,615,412,214,523,487,355
260,623,588,475,164,396,370,267
275,762,738,556,251,608,577,413
252,564,535,364,280,690,660,494
294,647,614,454,274,666,629,470
280,709,679,511,280,616,581,451
318,800,767,559,236,481,466,334
289,654,623,466,229,547,522,361
258,684,657,466,248,552,528,407
245,611,571,416,260,640,619,435
275,751,716,573,264,561,536,402
227,580,545,417,272,672,645,481
229,487,465,353,267,619,589,434
356,870,834,610,270,602,575,419
315,782,743,564,193,423,398,293
290,671,634,490,160,351,333,230
233,513,487,335,205,368,347,237
285,669,638,512,266,633,604,455
318,795,755,581,197,424,405,324
259,575,552,376,185,388,369,254
329,711,663,512,173,386,360,262
213,449,427,298,201,500,465,352
237,585,563,409,193,473,452,344
258,654,630,438,207,413,397,288
314,810,770,585,228,530,496,362
211,607,587,439,205,464,443,325
290,767,742,546,278,684,657,502
271,657,629,440,239,593,558,417
225,456,431,303,246,561,540,380
241,535,506,374,225,539,511,387
288,680,650,462,219,433,407,301
225,555,531,393,195,409,389,301
251,588,556,435,220,507,484,365
258,668,642,473,222,533,506,375
260,612,587,423,220,549,519,359
215,517,498,339,223,502,480,333
276,574,545,401,164,372,352,243
234,544,518,356,161,314,296,217
328,878,836,616,167,329,307,226
325,799,763,558,126,297,276,196
222,484,448,349,213,582,556,469
225,558,532,373,181,401,380,265
314,683,654,502,232,538,507,378
205,475,446,312,257,501,473,304
314,778,744,562,218,462,442,306
290,793,758,571,256,601,567,434
271,692,669,448,236,505,473,325
279,663,630,425,271,642,611,437
307,698,663,490,198,518,497,352
256,606,572,415,221,521,497,373
241,493,474,340,167,345,325,222
238,551,531,373,181,400,380,290
189,483,462,359,219,494,472,364
309,730,695,521,237,584,555,391
253,668,640,469,171,447,429,295
266,794,770,556,176,351,328,249
319,799,761,547,156,326,308,225
221,531,504,354,183,326,302,210
299,724,703,524,138,291,275,208
284,655,619,473,240,501,458,334
293,680,657,460,193,412,386,307
266,619,589,409,256,607,570,408
277,688,659,467,191,446,428,310
302,770,741,548,236,606,574,434
334,865,828,617,226,538,508,380
259,642,610,451,200,363,348,253
301,785,748,569,201,503,481,338
293,695,659,458,205,508,482,353
241,543,513,362,215,444,423,318
260,767,727,532,261,608,573,418
272,631,591,433,201,460,438,326
224,533,501,367,273,608,575,424
319,841,807,572,212,372,349,244
294,774,738,537,218,540,505,393
261,601,569,400,179,343,320,239
299,787,757,558,248,464,441,332
272,637,610,445,184,404,387,288
275,549,520,363,203,490,464,335
176,450,424,313,153,335,315,251
164,372,353,240,177,405,387,277
345,809,769,581,292,695,665,491
296,722,692,495,188,464,440,303
280,612,581,463,156,364,336,239
288,648,626,452,215,455,422,298
301,762,732,572,177,355,338,249
342,875,834,636,146,317,294,210
247,677,652,507,179,440,418,303
252,674,637,475,254,578,542,389
327,826,793,582,253,636,603,433
264,717,686,468,240,545,520,374
318,821,788,593,152,316,299,213
247,605,571,413,252,599,569,409
258,689,656,494,246,527,500,390
266,673,648,473,195,461,434,314
242,512,489,335,182,428,408,298
335,819,777,571,214,488,468,352
199,500,471,315,145,332,315,235
252,621,596,425,211,455,435,323
258,623,591,428,230,522,494,357
334,862,829,592,191,383,352,272
310,638,613,428,242,510,484,371
312,759,724,517,187,327,307,234
282,745,719,532,290,592,552,398
288,707,668,500,232,432,403,287
312,789,756,559,148,280,265,191
276,627,602,417,213,433,409,300
252,688,667,468,195,409,386,293
310,761,712,531,202,414,393,281
291,742,715,535,166,355,344,227
252,591,572,414,201,423,399,277
340,799,758,566,245,551,529,393
294,644,615,433,205,344,315,213
304,680,643,463,233,560,545,401
296,718,683,496,208,403,388,286
309,763,720,514,233,511,487,335
361,827,790,573,211,402,372,275
269,751,717,538,234,574,551,396
312,775,735,539,188,484,461,343
258,569,532,360,275,641,608,444
266,593,563,401,200,414,388,280
285,765,733,557,184,478,459,341
267,586,559,406,235,509,480,327
285,729,695,545,209,441,409,299
286,810,782,587,211,484,455,320
361,862,825,602,225,479,449,339
216,463,440,320,178,344,323,244
227,540,516,361,160,398,380,257
291,739,706,511,187,383,351,244
220,528,499,347,200,414,387,259
316,758,733,564,231,556,529,410
287,741,714,523,244,558,534,397
216,497,473,333,199,525,502,370
317,757,726,528,221,528,508,377
260,699,671,489,230,465,449,333
269,637,603,452,225,494,465,349
268,692,646,479,211,394,368,286
306,710,667,484,245,558,531,380
285,715,695,488,224,507,482,350
220,504,485,322,214,472,449,288
307,717,686,520,130,211,195,157
260,561,538,379,167,377,352,254
296,741,712,511,283,709,678,517
308,737,701,510,198,479,453,372
300,839,800,593,235,541,516,371
218,507,470,341,248,654,619,456
264,614,578,409,225,495,471,365
248,618,583,427,227,525,497,380
242,604,571,412,208,493,462,317
294,732,703,499,210,463,450,317
284,707,677,520,240,513,490,324
349,940,908,655,277,629,596,427
220,483,456,350,220,525,504,367
285,735,698,492,186,386,360,277
259,697,667,504,270,616,588,428
232,633,602,423,209,464,447,324
281,611,568,401,191,412,390,287
337,843,800,577,282,630,600,446
340,746,715,556,220,513,490,370
342,878,836,630,162,333,319,240
262,582,565,403,240,561,537,403
230,619,587,418,257,663,639,465
296,687,658,479,174,343,324,227
228,557,521,372,243,524,505,342
344,817,785,580,190,393,374,277
251,630,596,423,261,479,454,356
338,786,748,545,207,487,463,342
311,738,707,529,158,348,328,230
258,713,684,541,260,585,566,399
272,730,702,510,213,501,472,331
325,810,767,578,128,246,233,160
304,700,670,450,221,550,516,391
297,819,782,578,201,449,421,297
260,571,547,442,198,494,475,327
321,859,818,603,215,482,458,332
257,658,630,481,227,500,468,314
266,691,657,503,210,456,437,298
274,658,625,456,236,571,536,377
323,920,884,661,262,552,515,355
254,570,540,394,176,344,332,241
246,643,612,433,225,472,440,317
281,730,701,541,196,425,404,300
239,534,510,356,176,381,364,289
245,593,560,390,194,467,450,306
309,752,714,545,164,340,316,242
304,733,691,494,194,425,401,300
328,880,847,640,220,535,509,382
372,799,759,551,264,702,677,503
283,740,702,525,262,531,495,349
281,673,639,459,251,614,579,460
297,669,642,460,184,419,395,309
328,792,753,557,226,491,463,328
319,771,729,543,233,616,585,454
237,495,473,313,292,731,704,532
331,828,792,577,232,484,460,348
273,629,601,454,245,522,491,351
300,838,796,599,215,472,449,322
327,826,787,593,166,346,325,244
245,633,602,454,169,477,460,363
261,636,606,424,254,543,510,360
280,671,645,439,250,532,508,357
298,792,756,558,127,255,239,178
285,647,615,433,263,684,652,465
272,671,643,484,198,409,395,302
295,830,799,581,200,410,388,263
284,716,686,514,189,435,409,293
318,788,762,560,130,318,300,207
298,639,604,411,203,490,461,346
290,760,731,539,257,610,579,432
299,781,758,553,265,567,538,423
243,573,544,392,183,425,401,284
292,664,631,479,183,447,426,303
267,688,666,465,219,512,478,339
288,757,733,558,192,463,437,309
295,614,581,416,169,397,372,257
296,668,638,454,240,538,498,372
283,651,629,463,272,652,625,467
315,700,665,476,227,528,503,370
242,606,582,424,173,380,371,276
204,451,432,279,216,473,451,325
239,611,579,395,209,479,458,312
285,661,634,455,258,721,691,542
235,653,634,462,184,438,417,329
358,849,810,588,194,404,385,265
297,719,687,520,237,557,525,378
307,726,698,505,304,709,681,501
322,778,750,578,249,593,564,443
218,475,447,322,173,323,300,218
284,663,639,484,266,579,555,391
283,732,703,527,196,428,401,305
284,690,660,469,151,336,326,248
309,728,697,476,249,520,498,370
297,647,612,422,184,423,398,288
304,707,674,472,214,454,428,323
283,674,641,490,206,466,449,342
274,670,639,490,164,437,418,332
256,690,657,487,215,500,466,348
294,779,749,555,208,492,467,346
313,777,742,527,156,341,320,221
306,718,670,510,223,452,424,308
271,705,681,509,165,377,354,274
270,579,552,420,156,335,315,202
253,529,504,344,130,240,224,159
314,779,750,555,219,420,402,303
315,777,747,539,259,631,592,422
325,795,753,569,279,676,644,466
324,732,702,516,217,483,454,322
203,463,450,310,170,380,360,252
271,639,603,466,229,511,479,353
302,752,719,518,163,314,295,237
303,733,696,509,234,568,527,378
311,748,715,512,222,526,501,356
304,682,641,467,174,362,341,237
280,599,575,416,193,445,425,302
237,593,567,422,162,365,347,221
262,540,509,404,180,317,295,232
270,600,568,402,222,555,523,381
293,787,751,558,241,594,561,405
238,562,538,386,212,499,480,345
306,746,718,530,165,367,342,262
308,707,675,491,232,562,534,429
284,756,711,527,242,626,598,458
330,794,747,542,161,351,332,264
187,403,386,262,209,478,456,301
320,877,841,625,214,454,432,335
334,750,712,500,202,434,413,312
246,657,637,461,171,375,358,255
310,839,799,583,166,334,311,207
264,669,644,464,209,542,527,403
272,639,608,451,255,592,559,414
321,772,734,535,236,547,519,371
266,605,581,420,179,373,356,252
294,677,637,465,212,403,381,297
313,822,773,588,200,447,428,308
332,832,785,595,226,555,531,366
337,848,815,619,168,277,256,189
277,772,744,552,223,451,419,288
251,582,552,395,227,590,571,414
284,776,751,591,199,386,363,240
291,789,751,580,230,510,485,352
264,698,665,502,287,662,637,447
247,573,538,374,123,201,189,132
332,804,769,563,209,488,456,325
305,690,647,474,233,526,497,337
316,801,769,568,270,591,563,408
320,812,764,573,193,433,416,290
275,693,660,461,200,401,373,287
249,641,615,445,236,581,550,423
311,644,615,449,280,595,561,407
284,739,708,484,243,542,505,359
339,823,783,560,214,486,471,326
256,574,543,363,222,464,430,318
277,638,611,428,243,607,587,421
197,501,481,348,164,339,317,206
237,564,539,371,196,366,343,245
249,606,577,415,219,527,502,357
295,752,718,529,255,602,570,426
296,668,640,470,155,310,288,206
203,522,499,364,219,418,390,315
239,622,600,408,223,471,446,323
235,641,608,426,150,304,284,199
299,673,645,472,271,644,616,442
224,535,515,396,221,474,444,328
258,507,481,335,287,555,530,397
249,541,512,370,179,436,416,307
305,758,719,524,190,413,396,298
197,530,512,373,221,497,473,333
247,602,578,407,256,631,599,452
302,721,695,533,145,266,254,189
309,706,674,494,221,514,487,358
332,852,824,611,201,431,412,303
271,695,667,474,141,271,256,182
280,745,703,514,176,448,419,316
274,678,654,490,171,370,346,238
291,675,645,453,202,474,449,352
273,511,476,338,209,429,414,309
278,751,725,549,229,545,521,382
284,745,723,533,169,375,355,239
281,600,568,411,235,447,422,312
240,546,520,378,222,513,487,353
217,529,507,358,203,528,508,358
307,816,791,613,197,391,360,259
266,630,594,442,194,437,411,278
301,669,639,472,217,460,440,311
389,902,857,648,197,401,369,282
229,474,432,331,213,492,473,353
251,676,645,479,295,641,614,472
312,753,713,536,170,410,383,281
255,550,517,383,260,605,579,439
268,668,634,437,232,541,523,393
240,674,645,489,202,469,450,330
259,632,601,412,138,262,244,186
197,468,443,345,222,488,457,351
296,798,760,565,189,440,409,284
290,716,679,514,148,317,298,220
283,785,751,557,182,365,344,236
296,687,650,449,189,413,394,271
233,566,537,386,164,329,311,231
264,605,576,433,259,590,560,428
252,643,625,453,215,522,501,352
178,453,430,357,220,451,430,297
266,630,592,436,202,476,459,322
351,894,853,640,219,477,447,335
275,783,742,573,138,272,250,162
276,705,666,480,201,364,338,237
336,753,714,524,196,415,393,285
264,564,537,369,143,265,250,167
236,617,596,418,209,474,456,311
237,527,499,316,260,612,584,455
297,720,688,504,202,401,378,263
234,547,520,349,182,405,380,272
315,825,795,571,307,708,677,471
290,829,792,612,185,349,329,248
300,781,749,569,252,532,504,377
311,718,684,478,255,585,551,381
277,669,627,458,136,288,271,179
266,704,665,501,177,424,398,279
287,779,750,553,185,385,363,249
256,696,650,479,263,666,632,473
320,822,787,582,206,458,444,302
302,795,762,588,234,627,597,422
279,614,580,388,161,384,365,269
262,602,569,381,192,473,447,329
260,657,626,444,195,405,387,266
222,519,495,357,210,465,447,344
310,728,690,513,223,613,584,426
243,612,590,443,195,452,433,302
263,562,535,375,259,590,559,423
231,513,496,368,106,281,269,172
287,664,623,448,211,418,393,282
322,779,743,554,238,487,455,344
226,503,472,334,201,421,399,304
229,566,542,390,193,536,519,373
236,605,575,411,208,458,435,292
195,475,454,323,197,481,453,319
331,849,805,628,167,455,436,312
330,797,756,531,217,462,439,311
329,846,816,603,181,381,358,286
335,792,759,548,269,569,525,408
314,713,680,456,136,318,304,222
324,753,708,525,260,554,531,376
260,567,546,373,269,589,559,420
222,545,515,366,184,440,425,288
249,700,674,493,205,377,358,248
250,622,590,434,253,569,539,427
290,690,667,482,197,414,389,269
249,664,643,456,194,453,431,321
319,696,660,470,209,417,385,282
302,803,766,564,175,319,302,205
258,685,656,483,196,394,368,262
170,399,381,286,212,475,454,326
329,770,730,559,192,492,477,349
303,747,711,526,262,657,631,470
263,585,556,406,213,470,439,322
228,498,472,305,226,518,498,343
293,693,666,484,160,353,339,230
312,834,798,579,154,320,308,224
226,619,594,433,179,403,387,277
297,713,671,535,271,579,549,396
303,774,749,536,264,652,629,476
288,733,697,490,257,637,609,442
234,600,567,451,205,427,401,289
315,817,785,563,177,387,365,246
345,809,767,573,197,442,422,285
313,773,743,537,184,434,410,313
343,777,736,534,263,638,614,452
288,682,648,464,172,370,339,241
329,748,708,510,221,509,491,353
269,636,602,429,175,410,387,265
308,752,723,523,209,469,440,311
282,521,490,351,173,453,437,338
352,919,881,655,151,316,299,227
253,625,601,416,201,410,387,258
245,631,607,451,139,280,262,199
218,513,480,365,211,409,390,287
304,679,651,460,314,698,664,509
299,700,672,492,177,308,291,230
259,661,636,462,179,383,358,258
315,832,795,609,161,303,284,189
240,576,542,386,182,380,353,269
297,792,752,539,235,591,561,403
273,596,569,416,131,276,261,171
276,651,631,475,191,349,321,223
272,689,667,474,180,387,365,267
328,805,768,581,230,540,506,393
288,665,637,463,275,655,616,489
290,690,663,474,208,469,447,315
296,801,762,573,209,437,418,284
204,483,466,329,196,433,409,312
336,799,759,586,247,501,469,330
285,735,711,541,126,217,203,161
227,457,430,301,127,291,275,211
317,740,699,482,186,355,334,244
204,540,514,380,226,513,489,370
291,674,651,466,226,566,534,425
259,547,523,378,184,444,418,321
332,758,720,550,128,253,238,183
362,878,850,636,134,324,309,196
262,621,584,413,273,685,653,494
287,721,687,506,192,425,403,309
342,799,768,558,145,357,343,248
325,859,827,619,170,303,293,202
204,479,449,298,168,380,357,275
250,542,511,360,181,398,375,255
276,651,613,433,126,294,280,203
331,865,826,599,159,284,263,195
257,637,600,432,191,369,350,272
225,512,491,329,136,305,289,222
303,836,810,612,224,546,526,392
224,577,552,396,158,380,367,252
309,747,705,518,232,507,482,350
296,722,696,501,221,547,519,382
260,612,582,433,171,330,308,225
281,665,631,470,157,373,353,275
339,796,764,583,197,430,402,303
269,663,623,461,153,360,340,235
243,597,566,399,167,412,393,278
324,834,802,612,210,444,414,311
278,679,646,469,196,495,465,345
241,639,617,446,243,516,497,347
293,687,656,461,171,419,394,286
188,443,416,290,222,479,458,310
260,561,541,371,252,512,487,362
291,741,705,514,215,461,440,324
309,747,719,499,233,559,534,385
195,419,391,285,226,532,511,372
341,785,741,554,190,328,304,221
323,829,798,585,167,343,331,241
293,725,693,477,184,434,412,289
249,568,544,384,250,614,587,419
235,447,421,296,208,463,443,304
324,777,739,540,183,384,361,262
285,844,817,656,236,547,523,377
350,777,742,565,197,399,375,263
232,533,515,324,220,439,410,320
328,775,741,531,186,438,423,312
271,734,704,551,207,445,423,302
325,802,763,573,228,478,439,317
329,827,794,613,180,393,375,268
247,571,547,368,186,405,388,271
299,745,725,525,219,529,500,401
257,626,592,442,191,360,332,238
328,777,743,524,230,507,489,343
254,622,596,415,199,410,378,282
317,675,643,442,189,386,355,251
201,550,521,375,215,484,465,335
274,654,621,447,261,561,543,391
327,834,803,599,208,540,510,386
266,609,578,408,132,291,277,188
174,484,465,320,135,233,219,164
285,721,687,552,276,651,622,458
192,404,376,259,215,427,408,286
275,596,557,390,185,380,357,237
254,604,569,427,227,554,523,382
267,697,675,509,217,517,489,371
258,654,616,439,193,460,437,291
350,848,806,602,276,647,616,468
280,733,694,514,212,437,413,273
308,785,751,558,224,525,491,378
302,761,728,526,237,510,491,348
291,731,695,510,186,393,368,257
279,630,604,431,219,559,535,371
226,489,461,339,198,464,440,319
299,760,725,526,226,568,543,408
321,845,819,615,176,373,349,249
220,555,524,385,236,447,426,311
288,695,660,474,207,462,437,342
247,587,569,411,211,479,452,311
288,696,668,501,260,566,541,423
275,741,703,535,211,466,443,320
308,770,736,539,173,332,305,257
239,553,529,391,218,498,468,332
214,490,464,315,189,377,357,265
307,821,790,598,162,279,262,183
249,677,654,478,168,446,423,308
304,720,689,514,273,652,612,468
158,316,292,232,150,346,328,215
275,636,604,455,232,567,544,406
284,686,651,483,190,430,405,295
298,726,701,503,138,275,259,177
331,869,844,622,177,369,355,234
269,718,691,510,157,307,289,213
218,516,489,334,239,557,527,386
254,636,600,465,129,220,201,146
276,697,668,490,255,524,493,391
329,845,802,600,218,414,383,290
341,821,789,578,201,483,466,333
357,803,749,568,184,376,357,253
257,629,602,423,243,599,570,430
227,608,580,428,289,750,717,513
278,595,558,387,242,507,477,343
289,688,652,470,178,422,394,284
247,592,558,412,265,520,491,360
265,647,630,445,186,408,386,256
285,715,686,537,174,379,358,265
283,748,721,531,208,448,422,283
336,846,805,603,237,513,488,352
359,803,765,564,218,498,477,334
345,891,857,625,171,402,385,258
326,851,816,612,247,532,504,395
294,666,642,447,248,524,502,362
281,700,654,477,138,212,202,154
242,666,635,447,200,406,377,253
231,564,538,387,163,433,418,303
211,539,505,363,183,395,375,284
207,546,523,350,199,443,418,298
279,644,609,455,186,423,407,271
331,844,813,592,232,533,508,397
309,776,743,556,169,389,369,242
234,550,524,354,174,335,314,218
245,716,685,533,192,473,453,317
336,801,762,560,161,410,390,271
297,740,704,521,204,483,457,335
198,460,439,310,214,473,455,319
267,639,611,458,242,668,638,473
274,699,670,485,281,587,569,409
234,528,495,377,204,466,442,328
273,671,642,464,260,523,504,393
310,860,826,605,201,479,457,338
302,770,745,538,257,528,504,372
261,634,607,446,247,524,486,364
255,641,613,465,169,334,313,217
265,744,712,544,237,519,494,379
232,481,454,328,223,476,451,311
325,847,809,604,178,326,299,237
329,948,912,711,182,382,359,245
207,537,517,350,243,609,573,437
268,744,711,531,214,494,469,321
259,629,604,427,217,529,506,354
325,826,803,591,217,478,456,331
286,588,559,376,152,258,241,177
273,632,597,414,201,491,468,347
344,832,789,594,218,482,461,315
248,600,570,406,118,216,204,154
242,559,530,375,225,488,457,343
214,550,525,366,211,535,501,361
299,769,736,557,224,513,476,346
308,789,756,549,283,648,622,456
275,653,631,485,211,454,428,327
272,656,622,455,218,538,515,386
280,760,729,530,212,536,509,391
286,643,624,439,158,328,314,242
281,641,613,429,209,490,473,339
262,596,565,398,195,447,421,291
265,602,579,405,259,622,602,442
241,595,559,441,238,555,528,366
286,637,603,419,217,519,490,353
335,833,790,601,200,367,339,255
237,568,533,380,220,512,488,340
322,867,837,623,201,484,464,336
241,619,588,434,147,398,381,285
324,836,793,604,156,258,250,179
261,608,580,417,155,241,214,165
242,596,566,425,125,248,240,180
285,662,627,474,265,606,568,398
294,647,617,463,227,566,538,431
318,883,843,626,154,350,335,225
332,860,817,613,200,413,393,301
254,601,569,405,182,460,437,326
329,801,765,565,232,526,500,362
265,682,644,453,119,265,252,174
265,640,606,457,239,551,519,359
304,771,744,562,160,375,351,261
278,741,717,525,154,298,278,213
236,575,551,407,204,507,485,364
287,691,653,481,156,323,301,235
237,602,574,419,255,589,560,417
232,565,542,405,261,522,494,373
290,733,695,513,192,385,361,263
270,847,806,615,146,319,305,215
336,901,868,649,234,524,506,343
290,626,602,427,222,494,469,371
267,573,543,369,234,485,464,366
286,639,607,463,200,419,395,277
324,778,745,545,178,376,362,258
292,750,715,564,250,533,507,375
374,871,829,609,290,653,619,489
308,882,850,635,222,495,467,331
303,806,772,559,193,406,389,281
308,775,742,532,151,284,260,181
222,482,461,341,188,398,369,283
301,786,751,548,220,510,483,353
321,787,755,542,193,397,382,280
347,859,831,636,270,651,613,463
264,555,525,362,213,529,504,364
278,747,710,534,226,512,487,365
291,738,704,520,185,431,405,300
305,817,785,574,171,415,397,289
289,739,714,504,194,434,410,286
321,815,776,563,160,290,271,190
340,867,833,602,203,386,358,253
345,816,775,565,210,518,498,381
305,746,706,536,226,678,654,477
233,568,547,381,271,608,572,400
228,474,452,357,207,438,399,300
196,517,498,376,193,396,372,278
249,640,598,427,224,446,423,307
217,467,438,293,246,538,503,378
286,638,601,404,212,479,458,334
251,583,559,399,218,519,486,347
324,850,814,596,223,490,453,355
283,614,587,412,244,562,538,416
187,462,432,302,179,387,360,281
264,760,720,531,201,428,405,286
294,578,547,418,181,412,398,289
342,792,747,575,286,644,619,446
254,671,634,461,217,456,442,319
260,663,628,443,219,489,451,317
295,773,739,550,262,633,603,430
179,419,398,264,271,586,557,436
275,664,639,453,193,420,401,300
324,827,791,588,224,509,486,351
335,779,740,540,167,316,302,210
172,333,315,198,217,466,437,299
285,758,734,522,184,389,362,270
319,745,705,539,124,250,234,167
264,653,630,455,195,476,455,317
221,492,469,343,230,464,441,325
239,639,606,433,152,240,225,178
214,506,476,327,217,469,444,328
345,900,862,650,228,604,576,430
243,574,546,403,266,745,719,559
250,630,599,463,221,503,479,351
284,824,793,600,188,471,444,314
258,653,618,454,209,461,440,308
283,661,632,491,233,481,459,323
273,649,615,451,208,422,403,273
364,820,775,589,212,452,430,309
345,816,776,576,228,539,517,399
192,413,388,299,189,532,510,367
330,819,785,574,225,491,464,349
285,683,658,484,267,636,599,417
308,722,681,489,208,449,425,306
278,637,605,445,155,327,305,223
297,748,708,518,244,481,455,334
298,839,804,601,240,478,453,319
298,738,710,503,132,270,251,206
230,560,541,379,165,322,301,212
308,710,682,499,184,359,333,255
304,712,671,490,209,475,451,317
312,706,671,473,217,482,466,323
279,662,630,449,189,451,423,311
290,834,799,604,244,559,535,387
219,567,540,371,169,322,309,231
333,837,802,594,218,484,458,348
304,796,765,556,284,712,683,501
292,738,715,543,197,492,471,386
282,619,581,407,180,344,317,220
287,574,538,401,162,369,348,274
304,665,625,445,214,407,388,290
270,535,506,346,226,548,521,371
277,677,652,471,179,420,403,286
252,662,631,504,215,425,405,269
284,720,686,504,233,579,553,413
330,806,766,569,151,330,311,218
267,698,667,524,183,338,312,243
304,761,734,541,255,604,579,438
338,879,852,631,237,630,600,438
239,498,475,365,271,658,631,476
232,570,544,405,270,642,616,467
308,781,751,552,218,448,426,327
275,698,671,509,228,501,485,353
296,724,697,473,296,671,633,448
285,655,613,440,207,470,445,322
281,653,618,475,191,361,341,270
367,841,806,596,205,467,435,329
266,688,648,505,167,355,334,236
319,868,837,612,210,529,508,360
246,565,540,390,208,448,420,330
315,730,691,523,286,685,663,484
326,893,860,641,228,539,523,376
274,643,606,436,186,313,285,213
303,655,621,484,213,406,383,284
308,692,657,483,152,370,347,238
303,745,717,560,225,458,431,332
219,467,441,330,206,536,512,394
248,627,602,454,235,505,476,333
291,689,661,455,197,436,424,302
239,609,589,399,205,448,421,314
315,823,791,584,240,564,530,363
203,511,482,364,253,576,547,407
243,631,610,405,265,573,545,413
328,898,849,651,207,448,419,309
283,734,700,526,325,785,749,560
208,557,531,384,233,512,480,379
293,662,637,448,220,456,431,296
231,541,510,352,239,574,539,411
246,616,594,416,247,545,513,402
236,506,474,328,215,417,397,290
336,787,753,567,184,396,372,252
273,678,634,477,169,380,365,263
281,639,605,420,178,421,397,280
269,618,596,406,170,323,305,232
254,569,546,420,247,563,540,382
265,630,592,409,196,466,448,302
194,383,361,255,180,452,435,333
327,793,763,545,264,578,549,407
245,653,630,436,254,632,599,433
264,579,545,387,236,506,479,360
255,695,667,492,175,385,365,247
295,752,727,533,231,565,542,409
327,768,738,522,184,389,371,262
285,669,633,438,155,370,353,242
196,507,480,336,144,352,337,231
258,637,616,431,189,429,404,302
268,677,646,480,214,453,431,312
226,494,466,317,220,368,340,239
265,593,568,405,231,513,488,346
272,607,569,407,246,545,518,341
355,884,857,635,250,528,493,342
271,622,585,423,313,688,654,471
275,672,644,469,228,551,531,416
315,817,781,596,211,455,430,332
214,500,476,365,230,536,497,384
329,752,720,534,279,638,603,460
318,785,756,541,209,466,434,302
240,589,562,391,225,546,519,373
289,717,688,513,220,522,498,355
390,870,842,622,219,508,476,345
293,749,720,549,223,494,468,350
290,702,675,494,227,448,429,302
195,482,455,309,220,436,413,317
225,440,416,329,270,637,600,428
329,810,776,573,209,477,451,319
307,787,741,567,188,347,327,245
321,844,817,620,192,437,415,308
337,804,762,568,183,458,435,311
248,705,674,495,264,587,563,400
285,701,672,491,246,553,524,383
257,742,706,534,191,408,385,257
265,602,575,425,236,458,438,323
247,565,535,396,265,571,535,376
280,757,719,514,209,438,416,313
261,703,676,500,258,589,553,421
256,635,610,443,226,553,536,355
187,455,432,306,181,451,430,280
328,806,773,591,209,579,554,421
308,730,695,537,183,365,349,278
273,663,636,454,252,550,529,378
206,470,446,304,279,587,550,420
318,755,712,546,275,525,488,346
317,815,772,562,187,439,417,315
211,575,538,372,217,444,427,328
269,579,553,432,241,541,522,406
271,635,605,430,186,395,370,249
267,630,601,437,220,449,416,298
272,733,695,493,223,507,490,350
288,713,682,483,271,633,605,426
321,829,794,595,157,358,341,242
305,763,731,549,246,609,585,432
314,687,656,468,244,611,584,431
285,726,693,506,245,450,421,303
242,544,520,362,124,219,197,152
263,637,616,452,193,469,436,331
268,595,561,408,171,396,377,279
253,471,442,332,175,430,400,298
331,844,813,608,267,637,611,472
311,767,735,580,180,325,308,231
267,737,718,509,212,535,507,352
272,695,671,505,261,595,558,393
204,472,450,312,218,488,468,354
285,740,709,518,218,459,438,336
278,631,602,436,153,328,305,241
246,667,637,475,197,436,410,298
374,868,822,601,271,649,616,435
274,620,589,416,199,437,410,297
242,568,533,381,166,333,319,237
230,599,572,406,230,496,477,320
178,453,424,288,203,496,476,341
256,677,651,468,146,281,267,213
234,542,523,393,176,352,324,223
328,764,731,539,190,444,421,292
210,491,457,321,216,545,518,374
179,425,391,256,208,409,380,277
185,408,387,254,232,528,498,360
283,745,717,506,229,421,394,289
280,636,605,411,221,558,529,392
241,614,583,415,168,348,329,234
319,721,684,522,111,178,166,108
298,763,735,516,271,644,609,445
247,547,521,372,189,442,418,301
316,744,716,512,160,365,348,271
159,347,332,229,206,555,525,377
265,695,666,458,196,356,337,236
307,766,738,588,253,525,491,366
257,596,559,401,231,471,444,335
327,837,795,569,276,631,606,443
312,802,770,578,219,481,459,327
336,866,835,625,157,330,307,246
211,493,465,325,127,262,242,175
288,748,723,530,138,279,267,184
231,578,553,402,204,467,441,315
250,589,560,447,286,647,617,452
277,621,603,452,186,351,335,254
203,532,519,378,191,438,410,294
314,792,755,520,231,545,527,380
223,567,543,372,320,720,683,509
320,769,729,539,193,411,391,287
331,791,770,543,164,372,356,265
324,851,824,592,160,349,327,227
267,588,558,409,161,331,312,230
230,578,543,420,186,371,354,247
290,852,821,606,257,610,589,428
247,593,569,428,202,342,328,238
309,777,748,561,236,552,526,387
269,550,529,365,236,516,488,364
264,602,571,390,151,222,205,148
335,802,771,578,237,583,560,434
246,566,540,399,254,596,575,424
291,667,623,445,202,502,481,342
298,646,619,446,153,277,260,189
265,620,597,414,179,385,369,252
267,613,580,425,185,352,328,249
314,762,737,574,253,577,541,387
303,780,744,590,253,603,574,407
306,767,731,511,176,308,284,205
313,736,698,524,213,444,419,320
267,583,559,407,211,435,413,297
222,449,426,296,139,305,287,216
254,607,584,405,209,491,466,291
215,400,376,257,204,515,497,346
279,813,783,568,166,367,340,251
303,778,747,555,231,511,485,371
268,675,645,457,212,485,464,322
222,589,568,408,190,451,428,329
256,574,539,387,249,492,463,328
349,865,823,610,193,420,402,287
348,831,798,581,225,531,495,385
300,750,723,512,196,465,439,310
301,697,659,486,185,382,363,271
297,738,704,529,215,551,519,398
284,719,688,504,198,383,359,254
278,764,735,551,229,504,474,330
234,581,555,396,133,258,239,167
291,661,626,481,200,368,345,243
241,530,510,364,289,588,561,414
319,778,743,534,237,569,542,404
243,646,623,439,155,290,272,193
277,728,688,507,122,237,219,158
285,723,683,502,165,372,352,222
253,668,632,457,178,373,352,227
233,592,561,394,238,483,447,315
186,417,398,320,172,411,389,304
227,535,516,404,184,449,423,324
237,557,536,422,245,574,553,415
275,692,650,463,238,553,522,378
243,534,499,357,235,510,481,327
310,669,636,468,235,629,607,451
285,639,597,452,180,340,320,213
287,836,806,582,241,593,565,410
264,697,670,487,178,442,424,317
341,843,793,581,255,558,532,397
243,582,549,402,204,514,494,341
225,635,608,471,198,417,389,272
256,617,594,427,209,536,517,366
313,808,774,590,162,347,321,230
243,630,593,413,224,470,447,324
223,536,510,360,219,490,472,357
309,727,697,509,203,429,392,273
321,789,759,572,185,470,449,310
215,514,488,336,237,499,475,362
309,821,781,578,191,404,379,267
176,425,397,298,122,270,259,180
285,721,684,513,173,341,324,235
270,627,601,424,222,545,511,399
284,691,661,464,199,380,352,276
289,700,665,485,177,360,342,249
304,706,679,490,191,408,382,284
280,700,679,473,191,435,409,297
291,673,637,456,246,658,634,469
256,649,616,439,209,450,433,297
278,714,682,489,223,500,474,365
301,734,692,505,190,412,395,296
