326,841,797,590,106,142,132,100
323,877,839,618,106,188,171,142
263,622,591,412,157,313,299,227
285,719,688,489,166,318,307,231
264,650,623,434,87,133,123,97
305,716,676,481,93,180,166,123
299,739,707,549,181,352,337,247
275,544,517,392,154,292,271,198
301,815,785,582,126,202,192,132
357,872,828,639,135,285,270,199
247,671,646,455,116,213,201,156
277,682,660,492,131,257,243,185
275,599,577,433,152,223,206,160
348,817,771,571,102,184,173,137
273,737,718,516,125,204,192,147
208,477,459,322,128,204,189,147
264,572,547,391,142,238,224,163
242,692,669,523,105,180,169,123
231,564,531,372,111,182,167,129
345,874,841,619,123,229,216,155
293,752,722,589,129,188,175,130
235,519,503,378,155,301,278,207
284,731,697,510,114,226,215,143
346,840,812,606,106,163,149,118
354,857,818,618,90,179,168,138
289,732,702,476,112,217,202,171
331,720,683,508,149,251,238,180
317,790,757,558,94,133,121,94
267,677,653,467,97,169,158,135
206,395,370,256,132,214,195,164
235,504,472,317,90,137,129,111
279,635,610,438,102,162,150,121
191,543,517,376,144,244,225,185
285,638,612,433,152,336,312,234
264,641,611,448,147,313,298,258
318,800,767,582,116,242,225,192
273,643,612,454,108,207,193,146
279,674,648,508,134,254,242,189
311,806,783,584,149,313,293,227
311,678,653,462,119,201,189,163
315,809,765,587,126,188,174,132
270,675,655,468,116,203,186,149
230,602,571,419,163,303,286,228
288,736,708,528,125,266,254,193
354,933,882,672,120,204,191,146
245,552,529,345,132,241,228,169
315,661,623,486,135,251,231,176
264,663,626,456,134,292,280,212
322,801,756,558,151,292,278,193
300,662,626,481,111,210,197,151
373,924,881,650,150,285,267,188
340,836,796,573,60,89,84,73
282,771,731,533,122,266,249,179
250,617,590,417,95,137,126,92
296,761,735,550,104,192,180,154
280,777,742,543,106,212,207,147
288,633,603,407,103,148,134,106
218,522,498,334,83,131,121,97
281,669,640,461,114,180,163,128
244,566,546,414,108,196,176,131
284,705,673,508,116,213,198,157
268,563,537,387,151,272,253,195
256,687,655,488,120,180,168,122
329,784,744,535,126,230,218,158
290,771,729,537,124,229,212,134
242,646,624,434,98,169,161,129
342,855,818,615,108,159,145,113
293,704,665,486,116,206,193,151
264,566,539,399,164,306,287,222
357,855,827,595,147,250,233,165
265,580,546,403,115,191,179,132
269,675,649,479,171,350,324,214
274,692,662,500,103,188,177,127
290,609,583,424,152,336,326,251
242,572,537,391,135,244,237,175
345,880,841,642,98,173,157,117
293,648,623,451,151,276,258,173
283,712,684,480,119,193,182,142
249,539,511,387,107,173,160,130
204,517,496,366,138,301,287,224
310,861,833,624,144,284,272,187
283,761,729,535,130,292,277,190
242,528,493,386,117,208,196,148
284,655,628,453,116,199,185,146
316,829,797,581,117,170,148,119
335,768,742,522,168,305,279,233
343,856,826,615,145,292,270,201
297,758,721,536,102,186,173,124
254,576,556,380,133,222,207,159
260,628,589,444,103,194,181,136
304,744,715,563,144,253,237,196
339,879,838,636,144,299,281,210
243,619,590,439,104,183,170,125
284,720,685,501,134,246,234,194
296,691,655,517,90,145,131,102
316,736,694,506,84,146,135,107
250,640,617,467,120,187,176,126
201,522,499,353,166,272,251,184
289,686,664,485,119,197,184,140
272,646,606,437,145,269,252,160
248,610,581,420,128,206,193,139
313,785,759,549,127,195,178,136
248,552,529,389,147,219,204,156
311,805,765,587,123,167,158,112
272,703,668,494,114,175,161,107
210,529,496,356,170,295,273,199
278,700,672,475,117,251,237,168
242,634,611,442,145,241,222,176
240,640,617,487,105,185,173,146
307,684,652,468,134,219,204,168
231,482,454,348,124,253,238,169
344,874,845,622,134,232,216,168
281,642,615,417,167,295,282,208
287,698,650,468,120,206,189,151
232,700,678,532,142,245,232,172
262,649,617,434,108,197,183,148
227,602,579,414,122,239,225,154
279,663,632,459,115,153,143,110
226,544,529,360,133,198,185,143
331,876,842,641,118,166,155,108
293,743,712,517,114,183,166,122
298,707,674,482,131,257,249,161
278,779,744,573,104,171,152,128
248,607,578,392,133,238,225,184
303,736,708,527,132,236,214,176
308,664,642,444,138,258,239,182
347,775,741,532,106,200,188,145
280,731,692,524,119,225,213,174
270,728,697,517,101,176,162,130
295,747,717,530,132,237,217,155
257,589,568,396,132,203,187,141
299,696,661,471,135,257,238,197
303,831,798,600,80,153,144,101
274,672,632,451,155,295,274,216
345,834,788,588,177,346,322,244
335,909,875,655,149,408,390,302
194,465,443,297,107,154,134,113
275,683,663,450,111,195,176,152
290,678,648,478,172,280,262,198
302,731,703,502,178,334,311,247
252,595,560,403,105,214,206,147
217,443,425,298,117,252,243,175
316,771,723,529,114,232,222,184
251,627,607,478,139,264,250,177
254,500,473,357,96,145,136,104
240,583,557,412,116,203,194,147
270,640,605,435,123,245,231,167
181,507,484,335,119,194,185,142
357,824,774,600,84,136,128,94
313,764,733,560,116,217,205,161
301,792,748,542,154,372,354,268
258,612,576,428,76,110,100,76
235,536,509,351,107,198,184,132
345,757,716,524,140,215,197,148
207,446,422,327,150,314,299,223
245,617,597,440,118,213,193,143
256,585,553,401,153,264,253,188
286,665,642,493,94,162,153,119
272,617,589,446,109,190,176,125
188,350,333,220,139,272,259,183
332,841,789,562,114,188,177,126
257,687,649,491,127,248,235,172
288,627,589,450,152,240,225,183
253,624,589,422,130,232,218,158
356,930,896,671,129,237,228,167
258,558,520,378,116,238,228,182
317,773,731,561,130,218,198,149
265,643,621,441,104,190,185,143
245,614,582,413,113,219,210,168
292,595,554,399,140,229,219,149
237,679,650,498,130,235,216,173
190,508,489,333,124,180,162,117
282,557,531,390,111,188,175,139
324,841,808,584,140,301,284,215
256,568,537,395,102,164,149,122
305,762,731,533,71,120,112,101
207,474,455,347,121,166,147,116
262,664,628,454,104,192,184,148
327,700,669,459,100,187,180,141
251,632,606,422,105,153,134,107
263,568,525,358,105,218,211,150
269,622,597,421,94,164,149,113
276,634,604,432,95,127,112,87
239,607,581,425,137,256,242,180
254,612,590,398,144,271,258,188
278,701,671,480,150,248,233,163
287,592,570,401,145,309,294,228
315,694,666,471,110,190,176,134
285,658,629,454,118,209,203,148
359,924,891,665,71,91,80,69
301,753,727,538,149,333,307,254
250,581,563,411,115,236,220,168
203,449,418,296,145,271,250,191
232,546,517,352,99,165,155,112
319,886,845,621,137,254,239,183
239,550,517,374,142,296,287,227
277,783,752,551,163,351,331,260
223,538,512,359,96,203,191,138
317,774,744,558,136,258,240,188
266,605,564,408,106,235,219,160
266,723,688,529,106,171,161,112
324,704,662,470,96,139,131,94
311,832,805,631,81,123,110,90
269,643,617,449,109,195,182,134
269,587,558,373,95,165,162,117
237,621,605,419,157,326,309,238
247,636,602,431,92,142,132,100
287,741,719,531,149,258,242,171
296,725,685,516,136,258,231,189
353,878,825,633,141,258,245,184
205,544,529,377,118,174,160,120
255,622,591,416,133,274,258,197
294,575,542,420,118,198,183,156
241,545,521,397,108,171,162,113
240,593,566,406,142,220,204,171
359,831,797,608,95,198,180,127
341,787,748,551,125,233,218,147
296,831,805,592,139,289,264,208
278,680,648,474,108,200,181,138
326,813,777,561,104,171,165,132
308,763,726,526,97,187,182,135
284,675,643,467,160,315,295,210
323,892,861,629,114,206,191,138
220,435,406,303,139,256,241,179
260,614,586,426,119,223,211,142
317,790,753,549,122,247,228,160
332,786,756,563,106,162,145,108
308,705,660,473,106,180,170,135
287,681,650,454,168,330,311,248
285,708,685,469,124,195,188,137
206,477,455,311,115,234,218,161
261,681,654,478,121,220,205,150
223,473,452,335,156,242,224,170
267,662,621,445,126,214,199,152
276,702,669,504,103,242,234,166
370,994,959,687,133,213,199,157
259,585,548,400,84,134,123,106
221,519,495,380,106,202,192,129
324,838,799,603,100,185,176,139
266,650,619,459,93,196,173,134
242,484,460,331,148,279,264,219
274,585,549,396,115,232,217,156
307,730,690,512,86,168,153,113
309,814,787,565,113,179,167,127
299,643,612,437,122,222,206,162
203,537,510,380,148,249,233,162
221,500,467,334,83,113,103,86
272,714,685,479,96,127,118,99
270,626,587,427,99,207,197,155
259,678,653,498,112,222,208,163
292,706,677,488,124,216,201,143
213,495,471,327,162,313,294,220
322,704,662,460,118,255,246,172
229,519,491,328,135,268,249,170
301,819,788,576,111,181,162,142
341,838,793,589,109,201,191,151
322,810,776,569,110,174,165,120
320,788,758,558,98,198,186,144
243,511,485,344,107,187,177,150
303,826,799,610,121,211,201,141
289,651,626,460,128,212,198,152
286,664,636,459,79,120,107,96
314,703,679,479,96,163,157,115
295,730,689,476,114,219,204,142
276,592,564,417,89,127,123,99
366,878,834,632,129,230,210,164
288,697,657,465,124,223,208,156
244,603,588,434,150,298,279,222
249,648,620,449,137,251,237,184
355,841,818,591,148,275,253,190
323,804,777,572,123,237,225,151
317,740,704,492,139,236,223,160
268,726,705,531,140,250,236,184
225,599,576,404,127,218,205,146
310,730,701,510,129,212,198,158
249,564,534,416,104,178,171,125
281,669,635,447,90,132,120,93
263,580,549,414,103,165,151,110
301,728,696,517,92,143,131,92
205,473,453,319,124,207,194,150
286,824,798,579,141,264,251,196
302,673,637,467,148,249,224,180
251,601,574,385,146,291,268,198
335,828,796,589,117,237,224,164
280,742,715,563,126,228,211,161
302,724,681,471,122,190,179,142
270,558,533,370,131,280,265,197
277,673,647,464,103,194,184,117
245,618,588,426,118,199,178,149
313,749,712,518,134,219,206,155
249,637,598,435,146,308,290,215
298,744,714,530,134,261,248,175
303,691,654,460,53,95,87,72
287,782,757,574,111,178,164,128
321,788,755,522,110,178,166,133
285,640,592,426,91,167,158,128
316,797,756,544,103,182,171,128
259,623,596,426,116,187,176,139
248,591,566,395,110,177,159,122
267,701,677,475,142,283,267,200
237,636,603,455,118,205,195,158
340,884,847,636,130,254,241,177
284,690,664,482,121,176,166,140
265,681,660,436,121,219,208,147
316,700,671,482,111,234,220,160
271,561,521,362,70,122,115,97
229,496,468,339,105,195,185,143
291,639,617,423,123,207,188,152
327,833,797,563,146,294,280,219
373,869,823,614,92,168,156,120
331,667,632,447,111,203,192,152
309,795,762,562,137,365,351,275
303,759,729,542,116,196,182,143
295,792,762,548,106,169,156,115
330,831,798,599,84,150,142,114
236,578,554,415,139,278,259,197
311,811,783,585,122,182,168,127
272,608,576,446,110,223,206,168
326,624,575,403,101,190,179,126
281,671,639,453,120,241,224,185
309,767,727,532,129,239,221,176
387,963,920,676,123,193,179,130
318,815,781,569,108,223,203,151
349,888,865,625,140,283,266,215
327,834,787,591,116,202,189,151
271,625,594,389,119,204,191,142
346,850,817,634,117,198,191,144
273,597,547,379,76,129,116,95
336,909,873,651,133,254,244,172
281,621,596,446,156,273,256,193
256,685,650,483,108,188,171,137
288,678,649,494,159,279,259,201
243,664,631,436,119,203,185,152
183,471,453,296,95,168,156,130
231,509,485,347,121,308,298,208
275,724,689,508,124,237,225,185
271,619,592,434,136,269,249,201
260,665,624,477,122,190,175,133
377,858,824,620,98,165,151,126
232,535,500,332,107,177,163,136
277,676,644,468,113,200,191,146
258,608,569,417,147,312,294,215
294,688,656,462,131,244,225,185
277,691,662,498,136,256,243,174
322,855,829,613,132,242,228,158
231,501,476,338,71,86,78,63
312,761,739,516,120,207,190,144
238,652,634,455,106,147,129,97
332,826,794,600,130,213,195,151
290,737,710,497,130,233,218,186
251,513,485,344,100,160,150,116
280,761,731,535,81,136,125,106
304,706,666,505,117,239,225,161
228,538,515,380,137,269,253,195
321,823,787,556,112,159,145,115
299,852,828,601,92,164,149,113
263,727,702,491,143,309,289,234
355,864,820,583,101,160,150,122
340,860,831,632,114,201,190,145
269,594,560,374,97,159,141,114
284,668,631,460,150,282,272,195
271,656,622,483,145,296,279,209
262,631,600,400,102,142,136,104
289,767,727,534,124,207,194,151
237,572,548,370,122,221,211,168
298,718,683,501,99,183,159,123
297,819,787,566,138,199,185,135
249,615,585,444,155,348,326,233
333,847,815,615,124,227,208,146
267,684,658,461,121,239,224,154
164,440,424,281,140,248,230,172
310,710,669,487,166,301,281,214
230,551,530,404,78,156,150,103
271,717,685,511,145,265,254,181
297,774,744,547,112,209,199,139
250,572,530,402,97,169,159,116
276,671,633,452,141,255,237,171
308,705,678,478,114,165,150,125
255,607,579,402,130,242,230,176
320,709,678,477,131,242,222,180
279,719,679,486,121,182,168,134
262,667,639,448,121,231,213,176
296,763,731,546,134,276,265,189
208,581,562,396,135,244,231,187
293,776,747,547,122,235,218,163
289,684,633,457,87,197,186,149
291,676,652,477,111,202,193,146
242,559,533,361,130,237,218,167
331,807,771,581,102,197,181,134
230,596,576,408,83,146,136,100
298,733,696,544,108,198,189,140
264,577,546,411,111,229,211,148
291,629,587,418,94,184,174,118
236,524,493,356,167,321,301,214
251,600,565,408,143,259,242,187
326,854,814,599,100,181,170,121
306,790,758,584,104,135,124,98
298,676,643,525,137,242,232,174
320,754,711,520,157,308,285,219
336,812,775,567,168,313,295,230
233,608,578,407,136,266,257,184
335,858,820,595,101,177,164,124
326,846,805,618,145,269,253,189
229,461,442,300,101,159,153,126
256,634,604,437,87,127,113,107
297,697,665,516,137,246,233,179
262,685,653,463,157,300,288,222
231,486,457,353,164,309,290,222
208,494,474,304,103,176,165,119
251,661,633,440,114,180,174,123
254,639,613,445,134,265,256,190
326,807,772,586,161,257,237,168
287,740,709,539,132,202,187,150
288,655,630,449,119,235,222,164
234,578,553,391,118,268,246,196
253,572,546,378,104,180,167,126
291,723,679,534,119,265,254,186
220,586,561,398,90,171,160,115
342,804,770,557,125,226,211,152
318,822,782,579,148,262,250,179
292,617,587,426,145,243,225,167
211,487,455,324,98,158,143,105
300,728,697,488,128,259,245,182
283,682,642,470,87,156,144,110
261,627,592,419,127,227,213,177
289,696,665,484,127,190,172,138
258,546,516,345,115,223,206,157
360,850,817,591,83,128,117,84
273,663,634,470,138,220,209,172
228,528,512,354,118,211,199,163
198,481,456,306,115,217,200,162
251,732,699,516,112,206,192,130
312,725,698,513,137,274,259,191
294,766,730,574,97,129,121,105
329,786,750,553,126,205,196,153
344,785,759,550,95,141,131,98
294,767,729,540,141,289,276,209
308,792,759,561,124,202,193,156
252,620,600,416,91,158,151,110
312,706,674,480,105,173,158,113
224,530,504,362,128,245,230,179
359,849,816,623,114,212,197,149
318,809,782,601,113,196,185,137
308,741,709,516,139,254,229,169
222,653,625,470,134,219,211,149
330,786,741,529,154,333,321,249
305,645,618,446,160,342,324,246
312,866,836,603,88,169,159,123
280,768,733,523,123,175,159,127
348,914,885,665,97,171,155,116
246,583,559,396,116,168,154,120
328,752,720,539,86,175,164,127
287,759,728,535,111,248,235,163
320,834,802,581,152,328,312,251
324,803,773,574,130,253,237,189
327,838,798,566,103,133,128,92
309,741,707,540,117,203,188,118
253,629,596,446,159,319,292,208
291,775,746,561,122,238,221,172
348,855,817,607,117,193,179,135
231,591,579,398,119,211,196,142
266,635,599,440,102,191,179,143
327,647,618,489,108,196,184,130
228,495,458,323,82,118,106,89
276,642,614,444,119,290,283,224
267,643,610,466,91,130,121,110
309,728,697,523,109,169,155,121
239,575,555,388,116,179,164,131
286,808,775,595,115,192,179,143
251,568,538,393,111,222,206,154
267,705,681,498,123,212,199,152
334,887,853,602,93,184,179,140
243,655,637,455,137,229,219,159
200,544,520,378,110,187,177,150
322,780,740,548,104,180,169,118
278,609,581,399,138,267,253,183
248,693,669,478,121,209,194,142
229,565,532,353,101,138,127,97
283,625,586,421,65,95,79,72
232,572,537,392,112,177,163,120
221,513,481,376,108,178,166,126
279,595,569,393,115,181,166,132
232,559,530,384,138,277,259,199
343,739,701,520,144,260,246,186
304,783,747,569,115,217,206,145
312,831,782,595,119,189,179,135
250,635,606,438,123,199,188,146
245,477,444,340,118,189,177,134
352,864,827,605,117,174,165,119
254,537,519,359,162,333,309,222
343,813,774,570,160,291,277,212
267,757,729,534,122,198,193,155
322,752,720,504,131,247,233,168
327,864,837,610,107,174,159,125
268,605,573,406,115,218,209,158
295,762,717,528,147,322,306,212
247,633,610,446,170,390,371,273
346,737,689,503,113,246,236,167
339,867,835,626,117,214,201,136
276,653,619,437,172,365,349,269
316,819,785,597,99,156,143,113
247,606,590,408,128,240,217,165
332,816,775,600,102,201,188,124
227,651,630,454,102,220,213,147
357,934,898,690,107,196,185,140
326,813,773,598,81,135,125,93
304,709,673,500,109,184,170,123
310,874,847,635,93,144,133,107
226,517,494,353,116,190,176,136
318,841,800,620,118,224,210,165
320,813,782,590,104,151,143,108
375,893,866,658,134,235,221,163
289,627,596,422,125,231,213,158
221,548,510,353,107,176,164,121
256,621,597,444,98,138,128,108
257,702,677,485,138,282,265,196
327,820,785,548,170,290,264,183
222,594,567,398,131,272,256,202
292,714,676,529,89,139,127,103
290,615,579,409,116,207,191,148
275,704,682,503,147,296,283,220
319,839,815,588,113,205,187,134
287,704,671,475,116,215,204,159
264,667,623,456,128,233,221,166
296,673,647,467,163,310,293,210
246,614,572,428,92,160,150,120
336,795,746,561,139,239,230,177
321,772,741,574,152,237,220,176
368,893,847,622,136,274,258,180
338,763,724,540,118,235,226,167
284,601,555,363,109,211,204,139
323,772,741,524,96,146,136,106
287,727,700,487,116,246,236,175
301,706,667,489,145,256,236,183
193,477,455,338,119,159,146,121
288,795,769,558,135,233,221,169
248,668,635,482,124,226,218,169
271,614,583,421,108,192,181,151
281,780,746,531,150,262,252,179
272,697,671,485,96,145,130,100
253,572,547,376,159,314,293,222
192,419,396,270,97,150,135,90
255,530,502,366,69,104,96,78
241,615,594,443,101,173,159,129
241,536,510,374,115,244,232,170
275,664,628,460,102,155,139,107
285,684,654,482,127,231,216,159
237,626,595,430,125,214,197,158
276,623,590,406,153,284,257,198
281,682,654,466,157,283,258,191
313,885,850,676,141,275,258,218
331,771,733,540,106,194,181,140
312,765,732,542,142,232,221,163
296,695,663,472,126,287,274,214
295,722,687,485,111,174,161,125
329,794,754,558,134,274,254,178
283,732,702,481,115,170,159,115
310,708,676,514,69,100,92,70
260,518,492,354,121,228,205,153
364,826,789,603,147,257,242,180
306,835,793,600,102,165,157,126
296,658,623,434,126,238,224,160
307,811,777,574,136,269,254,196
218,445,429,298,141,336,317,251
236,531,501,329,124,216,200,154
258,613,574,425,97,182,177,124
330,898,863,627,134,209,195,144
317,802,766,551,109,160,149,121
316,801,758,560,159,307,284,213
340,779,743,546,133,278,264,186
268,709,681,490,85,147,137,108
305,781,749,569,127,229,202,172
292,645,612,436,126,274,255,211
236,615,584,406,137,258,241,191
295,766,735,532,175,357,338,252
396,963,932,699,115,176,164,131
351,822,784,561,119,225,211,159
280,682,651,486,105,164,155,108
277,651,625,450,127,242,222,155
292,761,737,535,124,225,212,171
306,786,755,564,80,89,79,68
337,808,777,598,126,262,247,183
314,732,696,528,139,255,237,181
264,678,657,458,92,141,129,110
313,716,687,521,158,320,303,229
291,801,771,593,141,245,232,178
252,586,556,402,105,165,155,123
231,641,614,454,121,216,204,163
227,576,549,412,95,146,138,96
355,830,793,564,122,207,191,148
243,565,532,380,130,223,205,159
250,595,574,396,98,150,138,103
297,682,643,459,105,175,160,137
310,672,637,457,161,367,349,267
281,760,729,568,106,226,211,143
291,751,728,582,157,357,340,265
306,734,689,524,123,217,203,154
229,589,565,457,136,268,253,186
188,478,458,332,132,252,236,188
270,700,666,485,110,183,166,121
306,761,731,528,114,171,154,113
232,616,589,439,137,235,219,163
265,653,619,483,127,246,225,153
277,657,630,451,124,251,228,166
280,635,613,442,155,345,321,223
304,849,811,641,126,243,221,161
306,681,650,459,135,293,273,211
311,788,749,548,111,192,174,131
316,896,874,673,104,174,159,134
240,605,570,403,136,207,195,144
268,608,573,420,95,137,126,93
274,748,707,485,111,169,160,122
253,799,774,592,112,250,237,207
311,789,755,557,100,172,165,124
341,909,875,649,107,215,206,169
312,771,728,567,177,353,335,245
326,797,764,564,111,195,177,130
288,747,721,528,107,178,161,127
200,450,418,283,92,166,151,117
288,775,747,580,111,162,154,113
282,662,618,441,149,239,224,179
224,567,542,387,142,248,225,168
240,528,506,398,113,170,158,120
269,671,644,451,173,334,321,242
291,671,637,449,110,186,174,145
228,498,466,333,152,294,276,208
285,722,691,495,137,276,261,204
240,689,659,509,91,143,132,97
173,346,326,234,97,141,132,91
224,489,469,343,118,188,171,133
259,672,643,468,127,234,215,166
267,687,665,487,118,220,207,156
298,791,758,559,98,164,157,116
254,568,538,375,106,205,195,156
272,682,659,521,92,143,128,98
249,520,488,352,134,284,270,191
222,564,540,394,123,188,173,125
245,662,636,464,127,216,205,155
269,657,629,457,93,192,178,141
261,640,607,480,107,209,196,140
296,676,646,448,157,259,240,177
264,605,570,407,147,288,272,196
272,672,637,454,116,206,200,143
286,725,696,504,120,283,262,188
292,736,706,500,69,108,100,84
262,590,562,386,99,168,152,111
279,628,595,406,99,156,145,110
244,567,534,377,122,186,169,144
297,738,705,553,138,213,196,156
259,631,600,420,136,210,201,148
294,666,634,454,113,215,197,129
223,551,523,374,139,276,261,201
268,760,731,570,112,224,208,154
165,336,320,217,128,206,191,153
224,525,499,325,110,202,189,143
349,844,815,596,113,173,162,105
297,621,601,396,126,243,228,178
281,691,659,475,79,121,109,87
248,533,502,391,116,197,180,135
211,554,524,355,109,192,180,143
281,615,593,404,126,212,200,146
280,678,641,450,127,204,186,153
305,819,771,551,130,198,189,140
255,586,557,405,106,183,175,128
265,706,679,519,106,208,198,127
219,522,497,342,134,247,229,171
308,757,725,542,95,137,126,103
179,423,392,248,109,209,199,146
259,684,653,508,169,291,272,207
211,537,517,360,165,315,299,211
249,558,523,371,155,317,301,217
318,800,769,550,90,145,138,101
259,599,576,420,129,222,211,159
342,817,778,576,174,388,371,274
270,625,586,421,114,216,202,152
271,727,703,524,121,182,163,130
212,435,415,308,73,111,108,90
316,637,598,457,137,248,232,165
273,665,631,465,122,280,263,190
172,393,370,284,147,315,299,215
344,836,802,594,141,295,280,209
348,844,812,589,130,221,208,157
323,729,695,499,106,177,160,142
311,664,637,459,150,280,264,196
229,585,558,378,125,223,210,156
250,554,520,377,91,165,151,117
252,651,613,446,109,224,217,159
281,781,751,576,121,236,227,155
338,742,719,525,153,288,269,222
279,755,723,538,120,218,207,141
168,424,402,263,103,158,148,116
318,752,719,520,118,271,263,200
329,859,820,614,126,258,246,188
310,802,773,576,110,189,179,126
360,925,889,659,101,150,138,113
219,560,530,395,160,316,294,209
242,641,613,443,135,276,264,182
225,595,575,431,119,198,186,143
251,629,594,434,117,194,183,122
263,580,558,389,116,189,181,143
302,755,704,496,121,181,166,125
329,828,794,576,90,141,133,98
336,822,785,566,133,249,225,166
267,566,527,364,107,198,189,142
246,659,629,455,137,238,221,184
332,876,841,636,116,200,184,146
304,761,723,536,126,212,193,142
254,611,588,407,130,212,198,151
259,647,617,444,129,247,226,183
276,669,641,477,174,344,326,248
246,579,553,393,125,252,240,184
203,483,446,327,106,222,214,153
301,794,751,562,118,206,193,148
355,915,876,648,97,147,136,100
326,788,757,565,144,230,217,176
278,668,636,449,114,198,183,151
291,714,683,521,142,244,226,172
228,491,467,360,102,144,136,112
272,699,670,489,119,227,221,154
252,664,641,496,96,196,187,143
301,716,684,486,164,407,397,307
281,662,640,489,154,259,248,194
251,554,524,390,141,237,221,167
246,586,555,397,91,168,155,125
364,813,778,543,139,258,245,193
303,803,775,570,126,274,260,205
236,453,430,313,155,254,232,181
220,565,542,402,121,263,251,201
256,677,643,465,124,202,187,130
308,773,741,530,106,172,158,128
352,866,836,629,73,103,92,80
224,490,472,350,162,346,330,250
328,757,711,518,127,219,208,154
348,755,722,556,140,273,257,187
352,812,770,587,96,149,132,107
341,797,764,548,127,241,223,166
284,644,612,417,137,223,206,140
179,398,376,275,190,391,365,273
289,685,650,458,95,178,166,139
354,790,746,515,138,266,250,196
300,711,671,456,162,287,272,225
290,758,720,549,96,196,179,124
323,790,756,558,88,170,161,129
318,835,803,589,98,137,127,99
306,864,833,635,134,287,268,208
258,685,655,489,134,219,207,158
315,822,788,575,115,176,162,130
204,473,448,303,149,260,244,184
250,610,578,416,152,257,245,189
260,610,586,423,98,123,111,89
287,643,612,424,153,254,233,166
328,859,819,643,128,200,190,148
338,861,819,605,152,335,312,254
255,595,568,395,185,385,366,267
274,764,727,545,127,293,279,210
337,798,752,560,109,151,135,107
230,557,530,363,120,234,220,154
214,521,489,357,134,236,224,174
283,688,661,457,133,245,225,175
343,847,802,610,128,247,235,169
256,562,529,383,203,368,340,254
276,683,666,504,136,263,252,185
257,673,646,479,143,286,267,187
193,490,463,322,111,188,177,133
310,752,726,522,110,179,170,111
302,676,650,480,185,391,366,282
255,630,603,430,122,220,209,150
280,596,571,405,154,293,276,213
336,803,769,545,129,235,221,176
292,641,606,438,117,239,219,154
356,835,807,592,88,130,117,101
283,735,696,523,129,214,204,153
350,853,825,607,72,128,117,105
307,761,720,521,162,299,281,209
298,804,772,563,96,169,159,118
267,612,589,434,134,247,231,165
255,603,577,417,114,185,175,122
311,793,763,568,140,266,248,183
230,627,612,441,85,148,138,98
254,692,662,488,113,214,202,143
269,664,640,480,133,272,258,180
274,581,552,404,122,208,202,154
252,586,558,402,137,220,209,144
273,618,593,439,135,236,226,167
214,613,589,433,121,177,167,128
276,654,625,471,147,252,237,178
207,539,520,361,147,297,282,209
260,646,623,441,139,292,277,219
254,622,590,429,114,177,162,112
308,859,827,637,201,382,362,274
269,634,611,438,124,229,214,146
272,679,646,468,115,223,209,145
265,639,620,427,95,144,127,104
275,663,629,453,83,105,95,83
239,513,478,334,101,141,135,112
283,650,623,441,164,336,318,244
328,870,837,600,126,213,201,143
281,783,754,560,128,262,246,193
311,735,697,511,117,226,213,157
276,718,688,497,109,167,150,123
315,862,834,626,151,284,262,205
259,541,517,382,87,151,141,111
273,654,630,463,118,208,199,145
283,650,607,456,94,164,157,118
340,877,841,630,91,158,146,111
296,757,711,544,105,152,147,121
255,536,506,359,159,295,276,222
311,810,776,574,153,280,268,209
245,611,579,401,120,232,217,180
279,681,649,465,101,177,163,130
239,595,565,423,93,127,119,101
213,522,490,334,117,208,200,147
292,762,730,543,115,220,210,159
288,678,638,457,123,183,169,125
278,763,727,544,115,209,200,129
299,778,746,548,140,234,216,153
315,717,691,519,108,172,158,125
339,771,745,550,102,158,149,121
265,625,600,439,104,160,141,110
211,510,488,342,129,239,227,171
253,689,653,478,113,204,193,148
299,684,658,481,110,193,181,130
215,459,432,311,124,199,180,143
317,724,691,484,135,265,248,188
316,818,792,597,127,237,222,178
281,756,718,542,105,216,203,152
301,893,861,636,125,202,185,140
306,656,620,450,130,225,215,150
287,674,645,484,126,278,266,209
345,775,729,536,106,169,153,120
334,847,809,576,101,152,141,115
226,492,469,317,154,247,228,175
335,900,858,644,107,208,199,144
283,721,688,519,113,232,213,178
310,801,766,566,126,191,168,137
247,589,559,383,129,246,236,184
300,705,671,514,129,222,208,143
285,655,623,457,163,298,275,210
318,716,682,487,179,307,288,213
273,815,776,589,122,190,180,129
219,589,557,395,150,275,259,191
270,580,545,373,120,179,160,130
358,837,795,579,114,237,225,184
226,479,454,350,132,290,279,208
333,874,833,620,95,155,145,113
300,764,730,533,124,224,210,171
292,799,762,584,185,421,391,285
383,916,880,664,115,212,196,136
189,498,477,339,140,214,197,157
208,454,428,308,104,164,149,121
226,518,490,358,122,231,218,148
260,582,548,398,122,229,216,166
300,732,697,503,94,170,161,118
229,582,553,379,106,185,175,127
221,592,567,431,101,198,184,127
290,613,581,437,138,274,254,178
216,446,420,295,119,214,202,154
265,568,539,378,143,275,259,186
324,790,759,552,105,195,180,148
335,780,748,541,147,289,265,202
237,500,477,328,116,209,197,137
303,783,746,530,91,167,155,118
317,800,759,556,122,222,204,145
291,673,640,460,147,240,222,177
324,774,726,528,147,256,238,164
241,593,560,410,143,275,259,188
269,767,728,547,137,275,265,198
311,716,684,512,153,322,301,221
313,822,788,563,108,161,150,119
265,606,570,393,110,167,157,114
275,802,772,569,105,168,154,123
280,681,645,468,102,171,159,117
266,633,592,392,122,200,186,146
257,694,665,473,85,118,105,88
301,760,733,568,110,197,182,140
295,790,760,565,89,122,113,86
241,597,573,400,119,204,194,144
370,955,913,665,91,161,145,122
252,662,632,423,138,302,283,201
318,819,773,583,102,181,173,129
241,571,534,353,106,164,145,105
343,865,835,611,100,166,148,105
242,514,479,385,131,232,215,166
252,632,606,436,118,235,218,161
322,813,770,556,91,120,111,85
237,547,516,406,101,188,175,137
329,733,690,500,137,238,226,168
235,536,509,392,67,73,67,57
303,749,717,524,119,191,181,133
319,764,714,527,119,192,180,149
341,874,832,617,107,178,166,124
234,593,570,413,116,194,182,135
299,782,751,585,79,116,103,87
205,453,421,327,121,222,204,143
277,732,701,545,115,240,229,193
242,572,541,387,146,272,255,205
239,595,569,415,112,211,202,157
275,615,590,427,143,241,226,172
236,710,686,504,85,124,117,97
292,674,641,503,136,293,286,203
250,560,535,408,122,245,229,180
224,481,448,306,130,276,268,219
293,708,671,481,98,143,134,101
300,795,759,536,151,248,228,185
260,648,612,431,106,164,153,123
246,602,574,434,150,241,232,178
234,612,581,410,148,263,248,188
265,613,591,430,110,183,173,132
305,702,671,488,112,193,182,150
287,723,689,503,140,241,223,170
278,604,568,396,107,196,182,122
205,532,503,389,103,168,154,124
311,801,761,561,99,176,167,131
208,512,485,326,169,353,340,253
246,525,499,352,132,259,242,171
245,644,619,443,119,206,192,144
333,657,630,465,115,196,185,144
302,723,688,497,178,343,326,250
219,482,444,315,134,247,235,170
215,535,515,338,118,201,185,138
336,812,781,622,156,283,262,189
286,706,673,488,99,188,180,134
346,773,740,523,118,186,176,126
291,809,772,603,134,248,235,167
218,479,454,308,127,246,234,172
240,558,536,368,110,164,146,119
235,566,543,385,134,228,215,159
245,580,553,374,114,208,196,144
277,768,736,525,98,160,145,117
377,887,840,625,136,231,220,160
316,800,766,589,166,325,302,206
287,763,730,543,139,258,245,184
355,894,857,632,136,288,269,218
311,757,720,514,102,200,185,126
267,690,657,502,108,166,147,104
233,592,571,410,129,223,212,152
272,693,670,483,106,216,208,155
201,422,397,319,88,190,178,134
284,702,677,508,124,265,252,187
288,792,759,567,106,194,180,123
312,695,662,469,128,219,206,167
286,756,721,537,117,220,204,149
236,589,557,377,82,110,98,78
300,660,629,425,125,221,208,150
307,868,828,593,132,239,228,162
313,761,730,576,106,166,155,133
310,692,649,503,158,321,299,235
282,713,682,509,144,268,257,181
250,664,631,447,105,180,168,122
345,861,832,613,116,199,185,151
264,614,578,414,124,217,199,162
338,891,850,654,107,234,227,170
301,731,697,515,111,199,186,140
334,812,778,550,88,142,134,94
314,756,725,533,98,188,177,116
302,728,683,498,142,310,302,213
285,656,619,439,140,300,285,210
315,750,715,500,117,217,204,143
250,667,641,458,115,187,165,133
295,760,736,530,152,293,279,213
315,829,801,618,199,400,371,273
200,432,403,280,108,154,134,104
257,774,750,527,106,160,153,115
240,628,598,425,122,184,174,141
253,513,482,358,101,194,181,137
342,743,708,550,91,142,128,102
304,686,661,456,128,314,303,224
306,820,773,577,80,123,113,92
268,706,672,474,116,219,203,153
336,757,722,516,180,374,355,271
260,604,572,399,136,239,227,147
303,731,685,474,121,238,219,176
332,716,673,497,120,215,196,148
279,730,700,503,121,223,206,163
296,834,801,626,114,202,188,140
342,868,839,615,88,158,147,105
310,719,677,485,95,126,116,96
269,776,745,573,127,253,235,185
233,582,564,417,135,233,217,160
251,683,651,469,131,210,190,146
313,838,803,636,120,252,240,185
295,671,635,509,142,263,236,164
257,579,553,417,99,172,159,110
254,486,451,295,89,152,141,104
333,847,808,598,123,209,201,147
307,689,655,466,163,328,302,243
273,615,590,459,93,142,126,97
295,727,698,489,131,238,227,160
290,653,619,442,153,262,236,188
259,675,644,460,120,264,256,191
237,546,517,364,121,239,225,171
286,697,666,485,119,205,197,159
329,818,781,586,85,148,135,108
313,729,692,512,139,262,245,173
229,530,511,355,172,313,297,223
302,675,641,454,143,207,191,149
332,807,763,579,129,237,227,153
310,725,685,497,122,240,223,152
310,774,727,548,116,244,228,173
252,753,720,520,124,244,228,185
301,664,631,437,96,158,147,99
245,599,571,414,121,247,237,179
186,459,441,309,138,218,200,144
288,707,671,471,139,225,210,163
240,557,532,366,158,313,298,221
246,569,545,393,116,184,172,142
322,825,784,575,102,158,149,115
285,608,569,426,115,184,175,140
222,538,510,386,142,222,201,160
281,811,777,603,120,222,207,141
298,824,796,582,111,189,181,136
251,616,591,435,81,132,123,110
345,862,833,623,148,275,257,199
317,762,725,543,91,160,153,118
340,784,739,565,93,135,123,97
262,696,669,511,153,314,293,211
280,664,634,423,111,212,199,144
213,528,503,375,115,164,155,127
326,770,733,541,138,285,266,216
253,524,497,333,113,240,228,166
295,716,686,514,96,166,144,114
230,571,550,401,93,157,144,106
228,505,468,335,137,274,261,194
315,776,749,538,104,200,190,140
255,613,589,434,113,238,223,166
305,744,708,510,127,224,210,164
257,679,655,480,98,167,155,102
259,620,577,434,91,139,130,89
304,685,657,459,145,275,257,181
245,698,669,470,109,211,201,153
289,738,703,518,138,272,261,192
300,675,650,451,131,249,240,171
291,703,668,464,123,236,223,172
332,869,826,584,100,178,163,132
287,621,599,454,133,274,259,178
303,761,739,529,117,199,186,141
239,620,590,434,103,193,182,138
300,761,737,536,117,200,178,138
300,765,741,558,136,217,206,157
313,780,742,568,118,174,162,124
296,709,672,507,125,238,227,161
316,755,720,536,144,284,264,192
248,668,638,472,156,345,327,238
313,813,776,570,126,220,209,164
255,605,575,413,140,246,236,167
301,688,653,446,93,161,155,109
298,712,673,487,101,152,140,116
296,790,771,584,105,154,141,113
228,608,575,407,125,237,220,171
164,478,455,312,114,171,162,122
304,682,637,524,113,190,182,125
242,614,590,419,119,228,217,168
282,753,719,532,92,215,200,151
316,790,752,563,82,134,121,82
362,825,784,575,133,228,217,173
328,913,873,647,95,184,177,141
280,653,627,450,108,196,181,131
269,594,566,403,106,185,170,132
305,741,707,532,123,209,194,145
277,604,570,410,126,260,254,194
267,570,543,381,66,87,77,64
241,611,591,414,91,154,143,106
317,729,695,518,179,347,323,225
312,788,755,566,125,238,227,166
297,706,671,476,119,200,185,141
292,743,711,521,165,327,314,225
256,631,605,454,137,256,235,176
251,550,525,394,105,190,171,139
288,685,651,494,109,171,159,118
281,645,617,450,115,179,174,138
333,873,835,592,103,193,186,152
307,838,803,604,123,205,192,153
222,407,381,279,93,152,139,110
331,827,793,599,135,306,283,210
288,780,743,582,163,279,259,209
294,815,788,604,130,239,221,179
273,629,599,420,113,294,282,217
329,860,813,603,99,136,123,100
283,720,700,515,95,137,123,98
288,691,653,491,111,178,163,127
335,891,852,627,139,208,192,149
187,458,438,308,116,237,230,164
298,770,738,554,104,188,172,126
381,890,852,633,118,193,180,146
185,419,399,283,112,197,188,147
203,514,495,354,137,213,198,146
227,492,464,351,121,260,245,186
264,641,610,450,155,334,318,254
248,559,541,381,141,257,244,185
286,782,762,567,178,372,352,264
276,788,762,599,116,181,169,118
319,830,792,581,86,138,119,104
241,543,526,370,75,109,96,87
182,420,392,271,103,161,152,113
263,673,642,471,125,204,195,134
230,603,580,419,165,308,288,195
229,453,426,314,145,231,214,152
274,813,782,589,147,326,308,226
292,843,807,610,132,218,203,142
291,674,635,448,129,259,251,188
286,713,686,538,103,177,169,119
307,832,798,589,139,237,226,183
293,669,640,453,139,214,201,150
246,632,607,417,144,245,230,172
271,528,499,344,144,297,282,207
247,647,622,467,161,331,313,226
280,659,635,439,76,119,105,95
325,771,742,539,95,144,130,118
222,488,470,310,126,232,209,163
237,593,561,462,94,154,141,110
302,679,643,461,115,214,195,157
257,633,611,444,133,258,242,193
327,667,644,466,134,252,240,175
273,545,522,367,86,169,162,124
306,804,764,567,122,276,260,209
260,597,574,406,135,267,255,185
184,436,407,272,118,289,277,177
215,497,469,306,103,201,187,127
184,483,462,321,102,184,172,138
289,671,640,452,152,285,276,212
288,774,741,575,111,221,213,166
343,768,736,537,95,150,137,112
224,547,522,374,116,257,242,171
295,683,644,448,135,237,225,183
199,514,493,312,106,186,174,141
301,834,804,594,91,159,146,117
341,834,807,597,124,259,243,180
317,776,735,535,151,288,276,218
284,633,603,401,91,156,148,111
275,683,657,494,96,172,162,106
245,579,553,385,145,312,292,235
277,597,568,406,142,323,306,227
321,784,739,547,122,229,217,170
228,461,444,335,127,270,260,203
310,827,793,590,86,143,127,107
310,803,767,584,161,275,253,182
239,587,565,404,120,213,196,143
230,512,488,358,128,228,210,156
291,716,688,517,105,175,167,122
249,589,565,416,105,185,173,131
242,643,609,450,122,231,220,158
305,738,701,504,113,215,205,160
267,647,616,433,108,187,171,138
275,719,687,521,108,215,204,139
279,650,616,453,120,234,224,162
323,674,648,475,98,142,134,112
327,791,756,530,164,366,343,236
269,592,561,388,112,208,199,153
261,679,644,503,161,306,280,213
308,731,695,512,132,273,258,192
262,580,542,396,120,196,187,135
273,723,700,540,150,274,253,188
284,623,594,402,111,188,180,140
254,574,542,407,125,281,264,196
336,846,812,606,152,247,229,178
307,784,745,541,144,265,249,185
308,828,803,598,146,300,282,194
276,658,619,447,101,168,156,129
234,616,592,440,135,252,234,179
249,688,657,496,117,260,243,190
256,721,697,526,104,206,192,137
257,608,575,403,86,145,137,105
224,462,434,328,114,209,195,151
357,827,792,613,78,132,123,86
273,641,602,420,127,234,217,162
243,554,536,423,127,228,215,160
288,749,718,561,136,264,252,205
317,797,762,557,138,230,212,165
283,658,614,436,107,182,175,124
300,769,727,553,85,152,146,120
280,617,586,430,115,217,204,169
285,757,731,534,114,193,181,136
250,560,532,362,131,296,277,199
265,654,627,481,105,181,170,118
292,776,743,539,134,244,226,166
304,792,758,583,134,247,229,163
261,574,546,383,128,214,202,157
228,556,528,371,112,218,207,161
245,635,592,421,139,243,227,185
266,555,527,358,108,195,190,149
215,530,501,338,98,175,163,138
292,713,682,465,122,245,233,175
317,809,777,549,122,184,174,138
266,635,597,436,96,137,130,96
272,709,682,490,91,163,155,117
305,783,750,536,109,167,153,112
281,704,679,485,121,190,173,138
201,455,440,307,111,164,150,131
227,521,496,357,106,182,173,126
219,501,472,351,72,95,84,76
245,619,592,423,141,250,232,176
295,748,712,525,113,222,208,154
339,881,832,624,74,118,110,93
265,616,585,441,107,172,157,135
299,802,768,568,96,173,163,121
264,611,573,412,123,240,226,151
274,706,673,518,100,171,162,136
335,905,865,654,136,227,216,171
290,646,606,428,146,248,235,183
254,627,599,435,124,222,211,173
320,864,822,611,140,224,211,151
322,675,641,462,132,277,255,180
347,865,833,609,125,236,223,153
295,649,610,453,115,176,162,115
285,708,682,502,130,251,235,175
268,612,592,401,127,219,208,161
318,898,856,643,107,173,156,124
274,710,676,498,94,183,176,133
263,644,616,433,136,265,239,177
331,859,825,607,111,207,193,143
287,758,734,543,159,291,266,192
285,706,680,485,105,180,165,124
269,716,687,535,123,220,206,159
290,707,677,503,135,249,232,173
245,652,630,459,154,267,253,168
239,574,545,429,143,284,266,193
315,721,689,482,111,213,198,157
291,753,724,556,102,143,125,101
232,589,564,419,125,232,218,175
244,619,597,413,109,175,162,115
255,526,502,379,117,231,217,169
255,657,625,463,120,193,184,143
247,560,528,366,156,301,283,201
252,660,631,440,117,216,199,160
356,780,730,567,111,209,196,161
340,825,782,565,130,233,214,157
283,705,680,478,145,273,250,207
276,575,543,395,97,140,128,103
273,670,635,467,105,166,152,132
327,801,769,582,116,195,185,132
227,605,577,429,94,160,154,123
245,553,527,405,118,248,232,165
339,832,800,609,124,226,201,164
278,661,629,432,171,264,249,190
214,488,470,332,116,192,184,140
203,562,548,400,133,233,218,144
245,640,614,421,131,230,219,172
263,613,587,416,82,141,130,93
318,729,696,524,135,258,244,179
385,914,874,641,113,176,171,138
364,856,824,595,106,171,157,112
265,734,705,508,108,196,185,148
330,822,797,613,98,179,164,137
302,684,659,493,127,243,233,176
315,703,667,463,74,117,110,84
336,821,778,579,116,184,173,125
253,713,679,490,123,248,237,157
272,722,677,493,117,166,153,112
257,662,632,461,124,234,210,172
256,607,583,419,106,198,188,121
311,715,678,500,89,165,152,135
241,523,487,325,133,221,202,151
221,544,526,363,169,326,309,213
268,673,642,457,150,271,254,182
322,698,669,469,81,122,111,88
318,789,746,567,138,260,245,195
288,670,642,439,134,255,242,191
172,412,378,245,119,271,254,192
259,540,513,409,126,250,232,182
307,815,778,586,178,383,360,274
309,685,648,458,92,136,126,91
232,522,491,319,117,194,177,136
241,493,460,304,126,257,245,194
267,537,509,346,146,236,223,165
238,592,564,406,166,311,294,212
347,728,690,537,125,217,204,154
294,718,685,516,145,245,228,183
336,885,857,634,140,249,234,170
277,711,677,486,145,282,259,212
218,427,397,284,108,240,223,173
332,828,798,614,160,282,265,206
280,675,632,462,138,291,273,216
220,519,495,379,157,284,258,202
306,792,764,565,137,271,255,200
265,605,579,401,103,167,153,127
312,771,737,527,135,225,217,172
219,596,565,432,97,137,123,100
276,712,671,489,79,100,91,67
210,510,495,349,135,216,198,145
276,645,615,431,141,256,245,176
350,903,874,667,122,195,184,141
264,661,616,474,67,100,89,79
274,702,678,514,129,240,226,183
232,512,492,331,116,211,197,160
270,700,670,514,120,226,213,161
254,604,569,382,104,192,181,145
210,509,489,358,108,211,202,137
252,638,615,410,135,321,314,215
207,569,545,402,158,281,266,211
266,547,521,377,101,182,172,116
305,821,786,602,117,206,199,160
213,553,534,380,113,168,156,116
312,730,692,483,96,151,139,115
231,546,518,383,137,280,266,183
352,743,709,534,127,227,215,162
323,774,740,557,150,318,298,221
242,555,526,391,90,156,142,112
334,837,808,617,126,263,248,197
232,644,619,509,142,273,256,177
257,526,498,326,109,206,195,144
235,548,519,345,151,326,314,252
264,624,594,457,124,205,188,144
290,639,608,431,121,228,214,162
181,422,398,290,137,234,216,164
311,844,803,604,98,176,163,135
339,771,736,553,130,263,247,183
306,695,664,466,104,147,135,103
260,588,556,406,159,275,252,180
248,521,493,360,91,149,140,108
309,686,663,458,130,286,276,222
305,663,634,444,162,332,315,238
267,622,597,436,114,181,167,133
348,827,791,564,119,236,228,184
354,912,874,668,144,305,294,222
294,683,651,476,130,218,204,156
233,573,551,376,94,157,148,115
271,773,736,565,93,168,160,125
315,821,788,586,133,227,210,173
311,713,684,487,124,215,201,150
284,652,625,451,128,229,214,154
357,831,796,602,122,240,232,196
261,704,675,484,127,236,222,160
251,626,600,427,118,204,194,147
209,415,391,294,146,280,262,207
323,783,741,535,113,179,165,123
227,480,461,341,110,190,177,132
291,722,693,517,138,282,266,209
279,648,618,434,92,129,122,101
341,814,774,580,108,177,162,128
237,554,525,374,96,138,129,103
202,518,496,413,96,183,170,143
187,383,368,266,89,156,146,120
247,638,609,416,117,232,213,171
223,616,586,432,94,147,134,100
272,733,704,516,135,225,213,158
292,756,722,528,146,255,239,191
305,738,702,477,146,256,241,193
248,590,565,393,72,121,108,91
285,607,572,414,83,121,107,81
250,586,545,387,151,321,311,237
238,494,476,361,105,155,143,100
312,784,743,576,142,266,258,188
328,797,766,573,116,203,194,149
256,640,619,417,144,227,211,146
290,788,752,554,121,265,252,168
260,637,612,449,120,158,140,118
265,628,600,427,134,257,244,173
362,875,830,630,91,120,113,82
253,603,570,392,109,185,173,142
293,680,657,453,99,208,195,152
312,718,693,509,127,238,222,172
319,836,800,575,98,132,120,102
302,743,709,510,129,244,227,185
293,762,728,525,180,268,257,194
288,674,648,451,117,241,232,160
317,741,708,532,129,322,305,231
283,587,554,413,156,320,300,222
355,944,904,673,81,150,145,111
263,639,606,436,137,227,215,160
243,585,561,403,98,194,180,145
239,555,530,379,100,154,142,123
335,819,791,598,125,224,213,159
264,568,539,376,137,263,247,184
268,688,656,504,153,276,257,186
258,651,617,447,99,186,175,134
314,784,744,570,115,206,188,128
277,788,757,570,137,236,229,150
289,543,516,370,117,234,216,178
206,454,431,328,85,146,133,113
304,784,752,589,133,212,200,142
332,852,812,626,160,329,313,216
292,750,712,536,100,156,145,101
296,753,726,535,110,183,177,134
251,559,525,388,146,276,258,188
311,772,733,565,154,250,238,180
270,684,657,500,149,244,228,162
337,781,745,561,142,271,250,182
272,681,647,466,120,220,203,158
346,914,877,637,135,236,221,174
335,816,770,554,107,168,163,114
310,738,708,497,109,190,172,140
344,793,752,560,116,219,201,158
273,766,735,549,143,253,242,182
221,649,629,467,145,246,231,173
265,659,633,480,128,212,198,158
281,632,603,437,126,255,236,169
209,509,497,348,158,266,248,191
293,637,613,442,67,94,86,80
320,772,735,546,136,236,224,177
301,823,788,607,109,164,142,111
198,440,410,312,150,295,287,215
317,735,708,533,112,230,219,166
259,724,694,520,131,239,221,148
305,796,766,574,122,214,201,140
232,499,471,328,138,246,234,192
198,547,531,354,139,244,230,173
283,655,618,446,136,280,259,175
305,797,762,572,125,208,196,150
305,702,672,533,153,313,294,226
316,705,668,489,92,157,148,124
279,622,588,408,127,211,202,142
257,682,657,482,180,360,336,235
316,834,793,601,113,199,186,143
312,837,808,603,107,198,186,150
344,863,831,622,139,250,239,169
252,518,493,376,121,196,180,136
281,791,749,556,125,222,206,133
234,499,465,317,110,220,207,152
260,592,557,398,159,332,313,241
326,735,698,508,167,312,300,219
341,850,810,597,105,199,187,143
270,595,568,398,142,253,235,178
305,804,776,575,121,197,181,142
278,611,584,423,123,233,222,169
293,612,580,390,119,240,227,184
303,839,808,598,120,226,218,161
327,794,756,536,156,310,292,228
337,843,804,598,89,143,128,106
277,755,724,514,127,215,196,150
244,611,584,430,155,286,270,190
214,435,418,326,81,141,135,97
218,472,445,307,82,138,126,85
269,762,727,563,143,256,238,169
301,826,783,581,100,170,155,116
280,761,727,544,122,219,199,132
294,643,612,436,100,165,156,122
288,697,672,497,137,250,230,193
212,511,482,341,119,193,174,134
274,663,637,441,130,231,213,164
276,551,528,368,128,258,246,179
287,715,684,515,119,204,195,143
272,560,537,395,143,316,301,255
265,656,629,449,143,249,233,164
294,732,699,518,103,193,178,145
257,629,603,425,138,228,208,154
326,771,736,528,140,253,226,188
285,770,739,542,124,287,267,194
253,615,585,433,127,213,201,153
231,547,521,372,101,176,168,131
336,919,882,674,141,261,251,203
187,385,360,256,183,436,410,324
298,847,817,648,151,286,276,188
179,364,340,263,150,347,329,262
213,589,558,403,112,197,187,128
272,553,532,414,128,235,216,151
363,858,815,608,110,217,202,150
315,823,795,583,131,268,251,187
258,568,541,421,105,211,208,138
209,477,456,335,115,221,208,137
255,621,589,423,135,254,238,173
338,797,756,586,135,302,290,184
274,726,695,508,125,200,182,129
208,529,507,340,115,193,181,142
254,541,519,354,105,170,159,116
244,526,489,342,125,240,229,174
230,541,517,377,72,126,113,104
346,876,843,625,113,196,187,133
202,499,483,332,116,231,219,176
275,575,553,398,98,169,157,127
334,717,684,474,125,255,237,179
318,762,715,524,114,198,185,131
295,752,727,541,124,188,174,123
276,731,696,523,138,268,245,188
327,825,789,587,155,254,237,168
248,621,594,434,108,166,152,125
317,773,746,563,92,168,159,120
274,649,623,463,100,149,142,109
271,655,624,458,92,126,118,95
271,806,773,597,129,207,189,147
291,720,679,487,110,190,181,133
264,572,541,388,118,206,194,157
337,787,758,521,126,195,174,138
248,726,705,533,128,270,258,197
277,672,646,438,140,294,277,206
319,653,623,447,126,205,186,144
254,627,606,418,82,125,116,81
258,657,628,451,99,170,159,122
269,739,717,572,119,188,171,129
273,654,621,436,139,244,223,144
303,699,671,442,118,201,190,157
271,707,679,479,81,130,121,98
325,888,850,639,101,191,176,142
207,600,579,431,105,180,168,130
261,645,613,443,153,276,256,190
243,548,516,349,129,174,157,116
309,851,823,601,189,331,311,234
367,923,877,670,130,224,209,165
334,849,817,603,107,152,142,110
339,853,814,610,116,207,197,146
212,409,383,272,103,191,174,134
204,514,484,325,97,170,154,114
277,671,648,487,123,204,191,156
245,586,563,416,123,191,179,146
271,628,601,443,114,155,137,111
224,517,488,393,171,308,284,215
252,588,558,412,102,158,146,121
252,544,518,367,77,138,126,87
284,717,683,517,149,230,216,165
224,622,587,407,141,274,257,210
187,476,458,337,131,250,231,165
303,819,786,565,135,248,234,176
320,791,765,578,135,272,253,197
277,725,695,512,142,279,260,202
350,820,782,561,114,179,165,114
304,784,742,561,129,219,204,152
296,807,780,560,132,229,212,172
299,684,654,447,117,195,179,148
255,642,604,445,108,218,202,149
275,730,703,540,133,255,240,186
196,443,418,285,77,132,124,100
309,717,682,531,72,98,92,78
297,696,663,509,111,206,196,143
281,649,619,470,155,302,281,208
267,747,717,524,115,171,164,133
289,797,768,565,144,283,268,201
202,475,449,311,131,272,256,194
175,293,274,201,91,143,126,103
293,738,710,548,132,243,227,172
281,661,625,457,98,138,124,103
222,501,475,317,119,208,195,145
330,974,936,712,130,187,178,125
303,743,703,514,159,289,272,222
310,699,668,472,104,208,195,146
287,689,661,510,102,193,179,160
359,860,828,594,111,153,138,110
282,710,682,506,108,160,143,116
309,740,698,526,130,264,245,192
283,681,654,455,114,242,229,164
320,852,809,630,115,212,201,151
278,748,705,513,144,289,277,192
312,655,629,452,126,250,238,187
319,823,792,600,156,259,243,181
228,542,514,356,104,184,170,143
277,657,623,455,112,226,212,176
357,867,823,607,100,160,150,119
270,692,663,488,136,269,253,180
290,660,626,438,86,149,137,114
233,519,494,400,104,201,193,125
315,723,682,527,116,243,228,164
321,775,735,549,128,261,245,196
224,572,547,394,142,276,259,211
271,643,616,449,116,173,154,137
259,620,598,426,70,85,82,61
320,869,826,601,134,317,301,242
361,890,838,636,177,344,334,227
323,764,726,546,105,172,163,130
315,724,689,497,120,199,188,127
326,709,672,494,104,173,159,141
251,667,639,449,151,285,271,212
184,582,563,415,160,319,301,221
251,586,559,445,122,222,210,148
287,640,612,419,102,159,151,111
229,544,514,350,89,134,128,100
316,867,832,641,123,205,191,151
234,560,541,386,98,139,132,84
288,701,658,487,118,218,208,164
315,849,805,593,128,233,218,166
335,811,781,581,156,272,258,205
257,617,595,403,127,208,197,152
289,640,613,449,109,172,159,120
192,475,446,326,123,199,188,147
334,661,619,454,118,238,225,160
345,761,706,529,139,264,248,193
349,830,805,610,117,211,193,145
280,711,688,525,155,280,264,199
201,514,492,326,98,160,150,111
297,816,785,601,163,318,303,249
303,796,766,564,115,208,193,147
277,720,687,525,106,164,151,130
308,728,691,519,164,294,280,189
274,660,624,434,117,202,191,156
322,749,719,566,112,160,147,117
222,591,568,382,153,248,231,172
188,399,369,274,99,165,154,98
270,656,632,458,146,239,225,158
237,674,652,492,125,240,230,175
256,630,591,426,115,217,200,151
332,925,896,667,136,219,203,150
337,762,727,536,137,301,281,221
326,782,737,527,150,314,304,225
229,537,505,374,158,345,329,268
327,815,784,591,80,168,154,129
201,517,502,366,135,279,267,199
302,778,735,566,140,225,209,159
250,576,547,369,95,110,98,88
217,503,477,332,108,178,162,127
298,796,764,616,91,151,138,99
333,846,805,620,95,179,172,132
309,780,739,530,88,141,131,99
249,616,586,418,103,156,144,117
297,844,809,599,95,163,151,119
383,958,915,689,108,203,191,156
227,511,480,366,103,193,182,141
339,707,675,486,114,205,191,159
244,626,588,423,106,213,197,141
289,784,747,563,124,205,188,138
259,656,623,458,98,173,165,128
295,668,631,450,88,163,147,107
303,764,724,534,86,139,128,108
293,678,646,462,114,176,165,129
343,846,807,595,121,276,261,178
223,549,525,378,96,210,198,133
361,848,809,589,141,306,295,214
229,601,567,400,100,192,187,153
304,774,740,559,154,334,314,215
249,615,598,430,129,171,158,131
230,592,562,453,145,284,272,194
323,822,791,615,155,238,223,161
340,834,788,593,111,187,177,122
260,697,670,485,165,298,280,202
271,587,555,410,107,193,182,156
306,801,769,571,116,206,187,140
269,736,709,540,118,188,178,146
317,887,855,670,129,275,254,188
257,577,547,390,120,255,238,201
301,770,738,555,134,217,201,163
245,611,584,433,114,182,169,115
322,704,672,474,164,257,233,177
212,481,454,329,132,237,220,162
235,562,542,408,100,178,168,126
295,667,636,456,104,146,136,112
246,618,582,420,94,199,186,140
302,711,681,481,115,189,177,143
344,843,814,608,132,252,228,183
289,562,536,380,132,234,221,156
280,686,650,460,141,241,229,177
241,649,617,447,144,258,243,185
277,706,676,479,121,189,176,139
250,611,581,417,102,155,137,109
258,594,564,410,154,261,245,175
287,626,599,454,145,227,216,160
201,472,449,302,134,222,209,160
399,962,930,699,123,246,234,173
322,777,739,533,136,248,233,175
317,654,625,449,117,213,197,158
189,449,428,289,108,179,169,138
243,611,585,425,66,100,89,72
325,801,759,568,148,287,271,201
321,838,804,605,98,127,116,86
216,583,564,403,87,136,127,97
250,613,580,412,139,225,216,156
331,782,749,608,93,147,137,105
255,639,608,438,97,153,144,116
266,583,550,417,110,184,172,135
289,650,616,455,135,253,241,179
315,752,712,542,120,180,164,133
245,663,629,418,94,157,144,124
279,706,683,512,110,205,195,159
316,844,807,600,138,265,243,187
212,465,437,312,109,130,123,100
214,646,615,460,95,146,134,106
334,854,819,609,110,197,182,130
346,813,781,597,86,110,102,82
315,788,744,569,132,261,246,165
258,565,533,377,102,181,168,143
302,848,821,614,127,202,186,146
222,445,424,294,85,132,123,103
324,772,725,519,134,246,233,169
234,508,485,352,160,289,272,205
281,700,665,475,142,266,250,200
316,790,741,546,131,272,259,201
244,619,582,398,93,149,135,114
244,638,620,428,160,298,287,203
233,543,515,415,106,171,158,117
301,778,743,554,71,130,122,97
299,744,715,530,124,237,223,182
293,756,721,539,109,160,147,111
316,783,749,556,158,306,291,208
262,684,658,493,134,237,215,179
284,754,716,522,90,117,107,91
269,658,619,468,162,332,322,218
308,733,691,514,152,325,309,231
324,711,666,466,179,332,307,221
290,744,712,512,97,131,120,104
265,625,592,428,106,235,220,169
333,767,731,552,145,295,278,202
306,775,741,554,116,217,204,157
319,811,772,575,116,228,207,150
326,832,796,575,146,254,237,175
243,588,569,386,181,353,331,238
305,746,711,500,110,186,172,136
240,577,547,392,100,168,149,119
344,893,853,637,102,175,160,124
242,548,521,368,143,282,266,193
288,680,642,428,107,170,157,135
265,671,643,462,153,281,269,219
283,645,609,429,91,144,129,99
357,878,839,610,119,214,200,144
282,657,624,460,157,283,269,195
217,572,546,404,103,174,162,112
273,763,725,542,113,195,179,127
310,811,776,569,109,181,171,123
225,522,495,399,136,230,223,154
292,722,686,501,145,265,245,189
287,715,677,558,114,243,228,163
293,653,621,446,144,292,276,203
255,622,594,445,122,245,235,165
288,682,656,453,105,199,190,135
283,842,811,601,130,157,149,111
271,654,623,456,169,345,323,244
270,633,605,461,132,243,232,156
218,551,525,387,94,154,137,117
222,465,441,293,103,172,161,132
289,814,784,599,137,257,236,197
289,694,650,475,120,259,250,170
297,749,709,511,106,184,175,139
174,409,383,262,104,186,177,140
274,653,619,472,151,279,266,203
216,549,523,373,94,194,184,149
243,577,553,406,144,272,259,201
257,667,642,449,153,238,216,147
291,648,619,408,171,295,281,197
308,767,734,524,107,180,171,125
278,661,629,435,76,123,115,88
279,654,620,462,119,242,227,162
221,562,537,371,125,193,179,133
277,578,537,386,92,171,164,117
241,625,598,416,127,261,251,180
266,644,607,435,123,227,215,170
329,758,717,541,157,358,341,256
251,611,589,429,75,107,102,76
359,875,836,628,66,145,135,106
245,587,558,379,127,251,236,181
213,502,477,322,149,234,221,164
292,629,594,427,133,241,225,172
245,630,596,439,155,310,289,243
237,546,522,341,119,295,283,194
267,752,719,511,111,176,165,125
315,648,614,458,127,237,220,164
305,875,838,617,121,246,232,178
242,608,572,436,101,193,182,143
319,809,780,572,115,235,222,164
291,814,776,574,142,259,243,170
283,686,644,463,101,226,217,153
296,685,661,455,137,262,240,177
271,608,583,435,94,149,132,102
274,682,648,478,105,255,244,169
255,641,611,460,189,329,313,234
308,786,753,568,119,235,223,165
253,543,515,384,147,248,233,174
250,611,585,427,118,239,226,166
271,667,635,444,115,181,169,128
360,830,780,575,142,252,230,179
330,865,831,612,128,305,289,229
308,670,636,466,117,180,165,127
227,524,493,361,109,184,174,148
324,800,774,574,98,164,154,107
267,608,575,411,157,314,292,214
305,730,700,508,128,222,201,167
289,637,598,412,69,113,109,87
208,482,459,326,109,184,167,132
268,652,625,431,102,162,153,100
269,675,649,482,138,231,208,159
293,628,597,462,119,205,198,153
293,681,644,468,123,282,271,201
312,814,783,594,87,102,91,75
297,795,759,549,153,290,274,202
230,652,621,443,127,239,228,177
276,721,690,517,139,230,217,169
241,656,633,437,107,220,203,157
255,651,615,447,89,120,112,85
244,580,546,385,119,217,200,141
304,700,667,473,166,307,285,216
228,531,504,358,116,209,195,148
309,807,772,578,117,209,193,145
329,773,743,567,103,200,186,144
262,700,671,503,120,226,213,158
248,623,601,405,131,229,205,166
307,795,759,585,111,204,194,136
335,844,815,604,120,244,234,188
237,509,492,355,96,160,146,118
312,692,652,455,135,276,264,188
298,814,784,590,116,191,178,135
341,866,827,630,108,197,186,146
295,804,776,572,151,263,250,204
338,784,743,559,105,211,196,154
341,904,873,656,131,214,204,147
286,705,671,488,180,350,333,241
242,630,604,421,117,212,198,143
307,797,767,568,157,300,276,216
188,500,470,325,157,348,327,238
286,724,690,522,142,255,237,180
264,674,652,463,157,309,299,224
321,777,747,527,129,219,206,164
288,649,620,450,135,251,240,169
341,809,769,556,161,392,373,294
220,547,520,360,110,168,156,125
285,740,713,537,139,218,200,155
202,443,418,301,106,176,167,133
330,773,731,556,102,143,126,106
289,632,603,428,96,152,138,113
355,774,732,559,109,182,166,135
261,522,495,352,143,288,265,211
292,800,765,600,129,270,256,207
258,657,623,454,133,254,234,165
186,421,401,299,141,292,277,216
317,754,724,570,64,78,74,56
272,614,578,421,135,228,212,166
283,652,628,473,121,211,199,157
255,645,617,433,137,309,299,231
302,729,700,543,123,222,211,150
299,764,721,560,111,182,169,139
233,610,575,392,128,248,232,181
351,930,893,683,104,167,159,131
323,905,863,647,113,137,127,103
268,658,643,465,156,232,220,169
312,779,742,550,126,164,154,117
255,594,567,404,146,290,271,204
265,619,586,428,111,175,163,128
326,855,812,631,138,281,263,204
297,673,634,450,113,214,204,159
261,616,589,421,126,213,205,158
327,769,738,513,103,158,141,120
312,822,795,593,113,183,171,125
336,805,765,540,141,268,258,202
290,697,672,491,113,214,202,151
335,854,809,617,117,194,180,129
313,845,813,603,131,270,254,194
349,900,870,634,136,294,279,206
278,666,631,454,129,241,222,166
339,863,829,616,162,323,307,233
219,645,618,460,116,163,148,121
248,498,467,326,102,202,186,143
270,590,563,420,97,186,177,131
261,635,605,451,135,265,253,195
236,586,572,436,133,231,202,153
310,813,786,563,72,110,100,87
278,655,618,445,148,329,314,226
333,883,857,651,114,167,151,126
341,802,768,611,126,230,204,148
233,559,532,373,149,314,297,210
218,440,420,316,113,195,189,135
280,724,699,480,144,334,315,244
281,652,620,453,124,192,178,139
356,833,790,564,132,248,232,164
234,579,553,393,119,180,164,135
275,644,613,434,148,277,256,189
301,818,783,566,147,342,325,255
273,728,701,523,136,287,270,190
316,704,676,481,119,235,222,159
316,785,743,579,150,311,291,210
292,674,641,448,140,271,258,187
219,505,481,322,117,222,207,150
248,598,576,395,122,228,205,156
294,639,616,435,125,253,237,174
304,663,630,469,185,371,352,275
327,834,793,567,124,244,237,180
255,578,550,403,117,198,183,138
195,546,529,381,151,287,272,198
278,725,686,511,142,220,208,159
340,855,821,602,142,279,259,195
352,873,836,619,98,141,130,96
235,621,599,432,117,211,196,145
253,706,674,479,126,207,194,139
331,847,814,590,106,196,187,137
330,831,799,609,147,262,249,185
243,585,557,395,122,204,189,146
237,521,495,331,96,157,145,122
308,740,705,527,146,272,250,185
231,540,510,386,139,280,264,189
264,678,640,472,102,163,153,119
269,672,630,461,104,186,179,129
299,817,784,571,97,173,168,127
309,779,745,540,110,190,183,138
289,752,726,522,135,265,254,206
245,586,553,428,111,175,160,120
304,760,730,545,114,190,172,129
294,752,718,487,186,435,417,300
225,535,514,361,69,139,129,112
261,714,690,550,142,282,264,187
314,764,736,566,111,199,188,142
323,804,768,562,151,291,274,216
269,659,626,435,142,241,229,166
280,619,581,421,98,207,197,155
274,673,634,470,102,160,154,134
285,796,756,576,71,89,83,67
241,614,584,457,104,188,175,126
330,695,648,464,109,160,145,106
273,656,628,452,170,362,337,268
333,877,828,640,133,248,234,169
348,764,724,511,105,145,127,113
316,765,731,508,111,255,242,181
259,635,607,474,82,123,111,84
170,294,273,162,116,213,195,154
254,634,609,436,118,249,237,165
334,775,732,526,120,182,165,138
238,585,563,403,137,271,259,200
283,616,588,445,100,161,155,124
256,610,584,402,106,171,161,133
259,714,695,502,102,176,167,122
328,729,694,492,124,234,217,163
307,844,819,619,163,305,277,219
290,832,808,596,116,206,190,156
271,620,597,464,115,201,189,155
329,818,781,579,91,173,164,119
267,701,676,476,104,187,178,145
314,723,693,514,108,230,223,148
202,554,534,382,120,184,172,127
239,635,602,439,141,247,233,178
290,735,698,507,119,200,188,152
217,522,497,396,130,264,245,172
368,875,835,623,164,322,295,206
350,847,810,597,164,288,279,195
234,562,526,385,124,257,241,181
327,750,717,527,98,152,137,102
347,864,833,646,111,201,187,139
291,769,723,545,124,206,191,141
297,711,683,483,128,261,247,187
313,680,645,494,129,242,225,171
265,652,627,459,104,164,154,122
283,686,654,493,144,281,269,203
363,801,761,561,149,258,242,168
290,694,664,477,118,219,206,152
317,777,735,538,118,236,224,178
280,567,536,401,130,173,165,119
319,737,702,539,100,152,143,115
242,533,506,375,72,100,91,77
323,882,844,631,158,335,318,225
250,576,551,443,96,195,180,152
380,861,813,624,147,304,285,214
272,614,583,406,124,232,220,174
271,714,690,502,84,96,87,72
313,789,750,551,88,156,150,108
326,870,834,626,155,350,334,271
239,594,566,398,156,304,289,218
260,645,597,420,124,234,223,163
215,450,426,289,123,232,221,174
249,584,545,412,107,153,145,101
178,429,405,273,121,158,142,109
304,642,623,479,117,196,177,128
335,884,853,650,119,238,226,177
299,783,756,540,99,137,126,93
288,716,691,502,121,213,201,158
299,810,780,589,110,188,172,136
345,888,859,635,140,242,228,180
266,645,618,444,142,246,234,174
228,550,517,374,99,173,162,122
262,677,647,450,159,296,281,205
227,488,468,338,103,149,135,98
320,821,777,573,110,226,211,149
324,849,817,621,177,348,329,226
323,709,678,493,137,277,262,187
270,608,579,409,96,139,118,96
260,557,536,356,128,227,207,156
306,753,726,514,108,187,176,134
284,768,733,563,93,159,147,110
265,759,725,516,113,219,209,147
288,680,658,450,117,177,156,125
289,815,786,606,95,135,129,97
279,754,722,513,152,370,357,288
287,682,648,479,153,272,259,190
275,634,594,424,138,276,259,198
259,617,585,437,134,259,246,189
263,668,639,472,112,207,193,149
325,816,783,582,134,244,226,183
270,626,594,428,102,171,157,134
250,651,620,451,121,235,221,168
242,650,623,485,90,169,162,127
294,711,675,521,88,176,167,117
324,734,699,505,107,211,198,148
289,741,708,548,109,166,153,110
220,571,544,392,120,227,213,157
307,850,820,605,104,174,161,130
266,608,572,407,131,261,242,182
282,720,696,495,76,109,97,80
251,688,648,481,144,206,183,134
253,611,584,433,178,361,340,245
278,613,585,401,149,298,281,206
236,553,534,398,121,237,222,169
263,593,574,416,185,391,369,279
319,727,694,497,117,225,210,162
277,690,665,462,121,258,243,189
315,874,840,611,104,169,155,125
257,580,551,433,132,192,179,140
250,592,559,425,95,181,167,131
311,705,665,498,83,126,114,94
237,566,529,390,98,139,129,106
250,566,534,363,131,245,226,179
271,580,551,383,135,231,213,164
220,554,529,361,121,248,232,173
309,733,692,490,128,253,234,176
268,662,640,458,123,224,212,178
280,619,590,443,124,220,212,172
238,708,688,527,159,330,317,236
265,704,672,499,97,177,172,144
313,719,683,471,110,171,155,127
224,641,614,445,106,180,169,129
352,890,856,652,149,282,261,198
323,784,746,554,144,287,274,200
277,635,601,428,105,208,194,160
257,579,544,383,102,175,163,134
184,469,452,327,100,154,150,107
248,542,519,356,90,164,149,127
230,582,551,393,74,141,127,96
332,794,767,571,136,228,214,156
288,723,688,498,162,281,270,196
238,568,542,367,117,257,240,180
250,551,528,368,86,148,136,105
256,618,589,418,117,213,206,149
255,701,664,487,123,190,176,130
