346,878,834,595,148,366,344,244
341,801,765,561,215,494,462,353
257,715,683,524,198,541,509,407
264,602,563,416,184,418,391,291
276,679,646,451,192,408,387,274
282,727,698,492,172,361,336,253
240,635,598,419,177,454,445,313
269,728,690,508,173,399,381,285
273,701,663,478,175,433,415,288
319,862,832,615,212,523,499,411
298,823,786,574,209,520,497,376
302,789,759,566,252,561,527,385
333,832,801,615,166,296,271,194
339,881,840,613,204,549,521,398
284,671,634,446,207,493,471,335
276,712,676,467,204,525,494,380
320,802,760,565,228,551,518,384
277,765,727,535,173,381,360,270
267,739,698,543,237,620,596,430
299,867,830,618,203,450,422,312
344,794,749,532,272,682,655,478
352,832,784,582,175,417,396,302
272,555,525,369,171,410,377,265
281,611,568,400,167,369,341,221
263,600,577,454,190,379,353,269
252,632,604,467,169,343,326,222
239,636,600,440,213,482,463,318
298,824,794,602,136,343,326,222
342,917,876,603,223,540,511,378
337,862,831,594,173,397,374,277
272,735,699,525,176,390,367,288
308,813,775,582,183,333,309,253
295,721,692,514,202,472,445,324
273,686,642,487,199,398,376,293
237,511,482,341,200,425,401,303
261,603,579,412,209,495,466,338
259,616,586,446,224,541,515,376
199,471,437,319,198,445,422,318
342,920,876,639,200,491,467,336
234,628,591,396,223,461,433,310
354,916,875,649,156,351,332,241
297,776,742,564,167,288,270,206
279,766,733,507,201,458,437,337
238,643,611,440,183,344,322,227
264,717,688,498,212,554,537,405
287,696,660,471,173,412,397,266
262,635,607,435,220,539,503,392
323,830,795,592,155,379,360,251
313,746,708,536,182,468,443,334
292,829,790,577,169,387,371,291
272,726,693,499,200,468,450,340
253,642,613,452,208,498,476,338
248,681,656,445,165,353,333,249
256,750,724,550,191,500,477,341
282,726,695,511,135,290,269,201
223,499,472,298,180,444,427,267
259,685,656,494,152,425,399,285
260,594,566,413,207,456,420,320
292,816,780,586,174,481,470,345
239,566,541,367,202,448,421,305
240,760,733,564,228,618,591,440
301,661,636,449,192,475,448,332
306,839,796,586,167,336,317,227
244,736,713,536,204,427,403,324
276,643,604,461,191,470,446,301
300,749,713,505,228,505,471,348
236,578,557,400,242,583,553,407
282,765,727,529,215,514,481,355
226,644,607,464,233,485,460,338
328,891,853,622,237,555,523,386
316,790,755,515,181,408,390,288
253,664,632,452,167,422,406,267
253,629,603,432,172,358,342,247
309,832,794,584,218,511,478,344
226,526,504,350,192,464,449,338
222,510,484,385,192,462,435,314
333,792,745,553,192,390,374,256
291,699,664,473,244,513,486,320
307,832,779,593,193,482,463,340
281,784,730,543,170,401,377,286
213,499,471,346,208,489,465,350
229,575,544,396,207,369,349,239
258,663,634,473,196,467,445,316
287,784,751,544,162,375,363,294
227,679,650,456,210,518,489,351
242,628,606,408,135,292,273,210
265,723,687,500,242,586,552,436
246,632,604,432,163,406,382,269
301,748,711,525,186,422,399,293
335,844,804,621,164,352,335,235
319,838,802,598,197,394,374,272
338,847,812,582,254,560,519,376
348,825,794,555,189,466,450,311
327,758,718,513,162,368,346,239
248,591,555,362,170,312,290,199
272,706,676,475,107,199,186,149
338,836,800,582,240,537,513,382
269,795,758,551,174,357,332,268
279,723,687,503,190,413,384,279
340,874,836,610,185,467,434,303
332,908,876,642,181,455,440,318
297,671,643,438,172,378,361,266
352,835,793,588,204,452,428,305
259,678,654,490,99,202,192,150
319,834,801,595,197,483,462,321
272,670,644,480,227,546,525,370
257,648,615,440,172,390,370,282
271,716,683,503,159,370,353,267
240,541,523,374,203,478,452,344
314,782,746,525,158,311,297,207
296,818,777,560,242,517,486,368
329,863,825,615,174,418,395,277
306,830,798,610,146,319,293,194
276,726,699,521,214,464,430,294
289,855,824,607,132,245,234,154
319,740,700,518,204,498,478,360
287,759,712,536,169,429,410,315
283,790,762,575,213,455,430,319
298,762,733,555,191,466,443,332
273,756,726,529,183,437,406,311
280,574,536,380,207,427,409,294
297,792,753,550,170,381,350,248
338,859,818,592,178,436,411,286
290,800,780,592,229,476,448,351
309,846,810,611,169,351,334,230
211,494,467,313,206,489,471,365
274,722,685,536,201,445,417,307
319,771,736,542,190,404,381,263
348,846,806,580,189,451,426,307
298,859,822,607,231,559,537,384
267,696,659,454,183,474,452,339
234,631,596,420,226,533,506,376
291,774,732,510,177,354,338,246
277,798,762,573,173,338,311,226
244,577,548,385,138,310,293,204
332,786,742,536,232,544,520,401
298,918,887,661,157,365,339,231
227,604,579,419,258,606,576,429
251,715,686,501,140,264,249,172
280,713,677,510,194,491,467,372
235,660,637,437,189,377,357,248
271,680,650,472,194,459,439,324
292,727,685,519,226,538,517,379
296,636,603,454,209,448,420,309
196,604,571,409,180,387,369,278
309,780,746,567,143,385,369,270
277,694,653,498,213,496,478,364
249,558,527,377,151,325,294,200
305,772,742,581,210,476,452,329
246,663,643,471,202,441,419,329
244,568,540,377,150,358,338,240
252,710,673,526,234,590,560,418
232,496,465,365,145,337,319,249
337,860,825,609,215,587,567,449
303,766,727,520,192,358,332,242
324,851,812,602,242,595,566,426
245,617,584,420,187,497,481,368
229,606,585,413,176,389,369,290
213,620,597,428,197,427,411,282
340,757,729,548,185,355,336,232
320,787,740,548,176,403,385,293
266,707,665,508,171,373,357,252
276,755,721,537,220,532,509,394
289,740,708,522,186,398,383,293
320,793,757,561,174,383,360,256
321,761,727,555,240,536,499,364
281,781,746,571,153,393,371,279
286,678,647,486,189,415,385,294
310,852,811,603,168,406,382,289
280,790,733,557,206,480,454,314
305,788,750,556,158,359,340,231
250,645,616,454,144,300,286,213
298,783,742,561,141,295,284,209
272,751,717,555,163,319,301,221
271,776,730,540,238,639,603,434
286,702,678,492,199,477,452,345
280,762,726,559,171,331,307,210
218,561,534,375,178,383,356,270
281,689,650,482,169,273,251,196
353,857,825,621,157,347,323,229
253,741,719,521,158,373,355,261
254,617,591,428,204,491,468,329
236,642,613,417,228,543,514,367
326,858,824,604,187,483,461,330
245,613,581,425,240,641,604,448
279,778,747,557,174,405,377,280
251,679,633,491,181,405,373,252
270,771,735,562,234,553,519,376
261,739,707,530,257,581,539,398
273,647,626,458,219,553,531,391
266,717,684,522,197,408,386,280
266,668,628,466,171,381,367,264
270,672,640,475,180,441,419,277
294,818,781,579,172,416,386,302
226,616,592,419,227,529,478,351
260,698,659,487,190,445,423,302
285,745,721,507,195,455,426,330
311,830,790,594,219,510,493,344
303,799,764,574,191,518,488,375
319,893,869,650,252,668,638,479
284,764,728,563,197,396,372,258
273,773,738,524,217,517,485,365
327,880,841,642,157,347,330,224
259,664,635,473,184,401,381,293
247,572,541,382,166,453,436,320
304,860,835,623,193,413,387,260
306,832,800,614,187,433,416,299
295,622,590,422,196,461,434,315
260,659,623,474,180,381,361,265
280,745,709,524,225,525,495,340
247,717,682,482,215,509,480,361
310,864,828,601,176,387,367,255
277,676,644,477,191,423,401,296
212,515,493,365,197,467,434,315
335,755,705,519,206,491,470,340
272,711,686,542,206,519,496,353
305,783,740,531,174,443,420,290
294,750,710,519,152,342,318,234
312,829,797,569,187,346,323,238
253,698,662,508,188,480,447,324
266,665,626,459,222,501,474,357
278,726,684,503,257,608,570,425
347,831,788,588,199,430,408,277
307,775,737,557,160,444,423,305
239,625,589,413,184,434,416,313
253,686,653,472,142,292,276,189
283,690,661,455,199,347,324,252
257,660,633,479,155,382,363,269
273,734,703,560,215,478,446,332
246,679,647,468,196,430,410,293
302,742,707,506,191,525,497,394
264,695,666,480,188,446,418,300
345,866,832,624,175,390,369,256
301,828,789,570,168,366,338,268
245,588,555,390,163,414,396,297
260,734,697,527,170,393,376,267
272,703,666,462,208,492,453,325
264,681,651,467,262,647,619,466
271,700,665,489,248,601,569,427
208,521,493,352,202,506,487,364
324,828,788,553,109,202,185,130
274,703,678,479,194,420,398,273
257,717,681,501,224,552,529,387
262,733,704,514,174,389,355,268
339,867,838,634,248,612,582,419
217,560,520,365,182,472,452,341
288,762,725,547,172,340,322,257
294,795,764,559,147,353,336,243
243,607,574,398,220,495,466,313
280,732,697,537,162,334,308,227
298,818,782,572,244,588,557,423
217,553,517,390,194,424,403,313
327,851,812,602,198,434,417,311
280,673,621,444,174,340,319,236
249,706,678,464,214,471,443,339
276,669,642,458,183,438,414,289
325,808,764,582,177,401,382,267
254,777,747,561,248,539,521,380
347,828,779,581,206,536,506,415
277,739,709,538,154,357,340,257
311,877,845,618,132,247,231,168
313,774,738,518,172,331,308,233
349,892,848,623,222,548,512,373
245,702,672,491,180,421,395,294
284,734,701,535,181,418,397,301
293,772,739,539,170,416,395,291
340,865,825,612,220,574,564,426
321,821,783,567,183,455,429,288
217,583,544,376,250,531,505,376
240,588,562,410,204,400,375,297
257,723,706,546,190,422,397,293
292,789,758,596,144,365,346,259
281,773,744,511,203,432,400,314
288,795,758,558,160,350,326,249
282,721,681,498,166,415,401,297
299,749,724,537,213,482,453,336
327,816,788,578,171,462,433,298
296,755,727,570,242,523,500,353
347,879,842,613,183,340,325,238
219,495,473,339,210,440,409,301
283,669,632,447,183,440,417,331
326,821,780,579,146,305,288,221
312,924,887,641,304,642,600,413
237,551,515,384,205,487,454,335
280,771,735,569,205,449,412,309
326,847,814,604,225,541,509,387
292,657,621,478,170,376,356,272
245,640,611,448,170,342,320,242
300,786,743,527,242,589,562,424
248,657,629,466,232,570,539,371
279,764,724,537,194,461,432,322
316,740,697,527,173,401,380,270
323,812,781,566,196,461,437,325
254,712,669,483,215,507,482,362
316,711,682,478,201,493,472,356
341,848,808,583,144,302,286,190
223,472,443,311,209,475,443,333
264,775,740,545,204,487,461,324
230,594,564,408,187,453,427,308
262,643,611,422,200,476,444,294
320,796,772,606,147,341,319,207
247,638,603,430,236,490,462,333
319,848,818,621,253,598,575,416
339,910,863,622,204,498,474,351
229,592,565,389,237,491,469,338
287,745,709,543,141,297,280,191
266,666,640,467,152,309,287,181
290,794,752,541,153,393,367,259
266,705,680,491,208,571,552,425
261,691,660,486,199,500,483,330
268,670,627,467,186,403,370,277
276,782,748,540,224,564,541,393
289,678,649,504,183,406,392,305
281,755,716,529,228,544,519,373
236,582,551,389,196,439,411,302
288,774,730,535,221,590,557,397
269,747,711,504,167,417,401,289
235,634,605,436,187,455,426,319
296,822,780,565,197,463,435,331
170,447,419,309,235,520,490,357
214,583,558,402,161,332,314,213
199,569,548,424,167,314,290,198
253,606,574,407,150,329,311,205
261,700,672,513,227,490,460,347
270,648,615,422,169,408,386,295
276,719,683,548,146,280,255,191
293,713,674,504,150,319,301,247
284,766,731,513,137,330,314,220
249,576,545,376,200,463,433,330
293,759,725,542,165,425,404,274
251,692,673,463,186,469,446,314
274,784,755,572,157,363,341,237
278,797,762,564,182,446,427,304
243,530,504,342,240,588,554,421
333,831,796,589,217,460,428,298
262,717,688,479,163,351,332,252
263,648,616,450,273,632,603,425
303,807,769,567,159,382,361,280
317,815,781,580,158,344,326,249
329,946,910,682,198,423,402,274
322,779,751,555,177,395,376,251
271,784,753,546,234,575,545,394
224,534,510,349,179,417,396,254
292,777,753,557,232,464,435,329
261,691,655,491,188,444,425,310
263,687,663,502,210,485,461,336
271,637,595,428,175,420,400,286
213,514,480,350,173,380,355,264
276,699,658,462,143,338,324,265
290,819,790,597,191,365,335,257
267,689,663,503,186,410,385,273
270,766,736,555,202,447,426,322
242,712,679,552,215,534,510,392
303,882,853,618,160,336,317,210
305,766,735,552,170,375,355,255
275,775,740,558,146,333,313,227
257,683,654,511,218,446,421,310
254,639,610,424,172,355,340,263
239,554,522,362,194,390,362,284
291,756,722,535,178,436,421,310
331,878,847,608,190,481,459,356
316,821,796,589,165,323,298,228
329,836,802,572,174,419,395,269
251,690,669,515,195,447,424,313
256,670,643,436,203,466,441,351
328,887,847,642,209,461,434,315
310,797,757,560,182,416,388,274
263,710,683,502,175,395,372,239
281,692,653,451,220,460,429,329
339,896,857,647,167,356,347,262
212,517,484,356,201,527,505,380
273,712,674,503,203,444,419,310
214,571,544,394,152,408,382,311
265,686,653,476,219,501,472,333
275,592,568,431,155,341,317,212
243,576,547,399,150,323,305,211
249,764,742,532,230,534,498,367
258,778,752,538,184,466,446,298
363,859,817,585,244,551,524,401
244,726,695,493,137,313,295,194
266,725,693,502,176,440,411,278
287,775,731,551,228,542,517,373
326,821,784,583,183,387,362,265
295,792,759,586,164,324,300,240
212,634,602,444,184,358,325,230
314,752,719,539,162,384,367,273
286,701,667,498,208,451,424,306
269,651,618,467,200,487,461,355
242,682,646,503,189,416,385,269
283,741,706,492,181,421,400,294
291,828,794,588,183,417,391,284
303,755,717,513,221,499,482,374
251,613,584,412,234,578,559,422
301,781,748,527,134,277,261,201
358,823,784,597,185,470,445,319
305,776,741,511,146,301,286,187
249,674,646,495,137,348,329,237
334,818,767,582,187,429,408,303
160,346,324,222,234,552,520,388
273,683,651,469,256,581,548,421
301,758,731,551,165,308,290,220
310,741,698,517,189,542,511,393
298,888,860,648,154,360,342,252
279,711,679,510,183,337,318,244
318,691,656,452,178,413,384,288
334,907,866,632,187,464,440,325
269,741,705,542,198,464,428,319
308,839,817,606,181,436,412,281
241,662,635,480,206,517,479,347
239,549,515,385,151,323,305,213
241,627,592,423,187,358,332,260
321,896,855,626,166,321,307,187
277,710,670,503,166,370,359,244
260,638,593,417,183,423,404,317
263,708,671,480,210,477,461,331
235,611,584,417,212,445,428,339
294,802,765,552,194,428,410,313
312,823,790,577,199,520,493,348
227,566,530,369,220,466,443,331
273,652,613,441,163,368,343,224
292,791,745,553,161,337,314,266
257,666,625,488,188,342,314,230
310,815,780,571,216,538,512,382
334,855,813,611,195,475,451,342
244,724,685,468,224,513,486,367
282,830,791,598,193,426,405,315
282,723,690,517,168,403,377,286
283,766,731,516,196,418,400,277
282,828,798,602,188,430,408,276
330,853,806,602,166,404,380,280
258,722,692,542,177,335,308,212
269,713,671,484,208,624,600,433
311,774,737,524,240,523,503,364
308,748,703,513,186,442,416,302
242,648,614,445,203,427,411,303
284,734,696,501,235,511,481,344
307,869,838,611,149,361,339,248
255,718,699,516,183,437,415,301
275,793,760,548,239,582,559,407
210,450,419,293,168,318,299,212
299,851,820,609,227,531,504,369
330,829,792,642,196,433,412,293
222,603,584,449,201,440,413,279
201,449,425,321,219,496,472,338
264,630,591,401,234,501,474,337
267,648,620,413,189,519,502,371
315,828,796,578,189,419,402,293
330,770,730,559,143,241,221,172
327,717,665,469,151,355,334,248
309,700,652,441,177,388,368,255
293,785,759,576,190,419,387,270
249,637,615,482,199,419,395,275
217,511,479,349,180,405,382,269
253,638,605,451,179,379,348,261
293,672,634,495,228,525,487,354
271,678,642,472,158,336,311,212
297,886,843,616,222,507,487,357
282,736,699,516,172,413,401,292
350,856,810,587,137,258,244,183
276,676,650,461,206,469,439,306
288,738,703,525,159,426,406,318
306,755,722,524,181,423,393,305
199,586,566,413,205,465,430,321
257,641,614,442,147,327,310,199
338,768,734,554,145,267,247,186
208,553,526,388,238,558,521,401
326,758,715,505,202,447,423,315
204,540,513,360,180,380,356,244
318,823,785,579,192,487,464,351
330,817,782,583,198,342,322,234
324,856,826,585,206,514,490,386
292,753,729,538,163,374,360,258
251,588,560,398,254,571,538,376
282,725,684,513,232,579,548,420
257,628,607,413,157,303,284,214
248,571,543,380,166,356,330,227
274,705,671,548,216,489,468,328
257,613,585,436,152,352,334,271
243,548,518,392,217,537,517,367
220,578,553,382,175,322,301,225
321,775,734,549,143,313,297,198
248,569,534,388,233,557,524,365
285,708,672,505,137,323,294,235
298,690,657,466,178,423,399,277
286,681,655,481,212,478,449,337
266,533,507,349,159,379,361,232
241,537,508,343,201,419,393,286
326,807,766,591,208,436,406,296
220,677,646,472,232,547,499,387
286,756,725,522,130,279,259,196
210,493,467,300,207,439,407,297
279,786,758,565,200,402,375,261
256,622,588,406,190,426,412,292
242,599,574,418,144,324,307,235
299,788,750,543,174,387,362,235
249,656,625,447,207,394,369,279
281,645,613,431,153,354,336,221
225,581,551,376,197,428,401,283
243,610,584,425,213,389,371,275
275,732,703,522,162,342,325,222
275,817,786,575,153,350,334,265
271,663,633,416,216,524,494,374
289,729,696,511,219,476,448,335
276,716,683,490,217,505,467,347
263,764,726,522,231,596,565,437
288,712,678,502,185,544,517,373
284,839,808,570,201,420,393,273
262,628,595,456,137,322,304,204
234,651,616,456,226,559,534,398
332,858,816,594,218,549,519,377
246,622,598,428,187,363,342,253
259,589,560,385,178,382,351,259
299,731,694,483,164,308,293,189
227,567,533,392,236,575,550,386
280,636,616,456,123,280,255,161
259,650,623,442,193,486,455,346
296,820,789,576,178,386,370,273
289,787,746,531,209,542,523,396
241,633,604,448,181,392,370,254
241,557,522,402,171,357,324,221
265,604,574,409,182,374,350,248
258,737,706,522,182,436,411,290
248,713,682,482,187,438,416,308
277,694,652,473,202,403,370,275
321,861,826,614,195,430,408,302
325,774,741,540,215,438,417,308
287,642,611,437,186,402,376,288
299,740,703,516,133,317,311,222
219,604,579,415,177,322,300,222
309,726,686,503,163,382,365,227
291,745,697,521,193,473,443,318
255,732,699,492,188,460,434,313
258,688,652,492,163,286,266,190
275,717,680,485,201,429,412,307
325,776,734,513,157,319,306,231
332,911,872,635,233,608,580,424
349,864,835,641,237,518,482,353
304,762,726,523,181,431,411,279
291,744,700,499,204,433,416,330
304,722,693,509,159,334,312,227
281,704,661,498,183,417,397,245
309,760,729,540,239,615,590,452
282,708,668,476,240,502,469,352
300,779,741,548,139,290,267,202
227,612,584,415,197,488,464,337
341,828,791,588,233,546,522,407
207,501,473,342,219,494,459,326
226,575,552,399,170,324,301,234
281,672,636,467,171,342,318,231
264,594,564,422,163,310,290,215
313,829,794,558,212,462,440,332
248,625,579,422,242,640,604,472
220,509,482,336,187,445,423,286
266,621,591,436,222,540,517,366
215,532,511,367,211,452,428,305
259,641,608,442,178,346,323,226
288,764,739,539,189,372,354,282
248,556,533,383,187,438,415,294
251,605,573,432,227,547,516,381
308,807,777,598,215,530,504,386
227,531,499,358,162,359,336,262
237,644,622,423,165,403,381,297
328,806,766,559,183,405,375,275
257,724,691,495,225,469,447,328
309,748,716,555,151,318,302,213
256,721,690,499,226,474,444,309
297,798,760,558,243,556,528,389
257,628,600,417,155,331,311,206
353,883,830,620,183,481,453,344
291,775,746,543,199,528,506,381
299,824,791,574,183,402,380,246
264,543,507,365,165,412,393,291
225,663,626,472,199,491,460,341
339,820,783,584,241,547,518,363
202,511,484,339,171,382,362,267
277,698,667,480,255,572,539,400
319,741,700,548,184,416,396,306
264,594,569,444,173,379,359,260
280,823,797,582,227,490,457,324
289,683,659,465,138,262,247,192
317,868,834,619,172,348,325,231
293,742,707,558,202,441,419,327
257,721,690,526,164,402,388,273
220,595,563,399,164,396,370,264
312,871,841,606,237,485,459,328
339,855,813,573,153,347,332,223
274,737,700,515,223,456,431,309
299,792,760,555,234,497,463,338
281,843,817,626,198,481,460,314
283,691,659,488,172,327,304,228
262,763,726,539,161,323,302,235
336,849,807,613,206,507,480,340
285,804,774,595,235,552,526,375
305,841,801,597,152,319,303,231
211,535,517,357,202,438,411,294
279,636,598,424,185,446,425,311
348,904,863,646,215,524,496,369
301,774,727,531,194,445,416,298
308,825,787,572,207,435,404,302
245,659,626,457,200,468,458,334
246,541,518,389,202,458,441,340
288,690,653,495,233,570,534,419
269,704,674,502,197,469,444,329
283,733,698,473,244,568,546,425
266,692,662,459,193,461,436,315
243,592,565,391,210,532,510,375
290,798,768,547,188,448,425,313
260,601,569,405,169,390,362,275
295,740,710,513,185,450,424,293
273,765,718,528,184,428,408,299
335,790,744,534,214,534,504,383
279,710,679,510,137,307,279,195
226,549,518,376,245,616,589,420
310,865,831,612,170,403,373,266
298,775,738,541,230,500,474,322
263,682,655,495,176,387,374,245
308,857,821,609,232,524,484,360
270,683,647,467,174,323,302,226
221,572,545,389,220,596,567,437
244,616,586,416,218,500,481,346
181,460,436,280,139,325,303,223
241,593,560,388,183,403,382,272
311,821,784,562,213,549,523,376
314,789,753,551,199,474,448,316
262,641,609,423,211,432,409,295
281,739,707,525,179,406,383,254
251,602,575,395,202,455,434,323
305,752,712,536,168,339,318,236
277,734,698,541,230,475,443,308
255,721,689,518,247,527,496,364
291,740,702,555,160,333,316,240
277,603,579,431,193,426,399,297
299,725,694,507,217,526,498,374
277,781,742,556,172,380,348,272
363,890,851,632,181,366,347,249
257,623,594,413,179,367,337,233
239,606,579,394,170,351,336,243
286,768,729,523,171,348,329,249
263,609,568,380,174,412,392,291
269,787,753,555,176,371,345,240
290,799,763,566,191,448,422,316
282,772,739,548,110,241,228,184
331,768,725,557,139,290,266,207
302,776,749,543,246,564,529,372
285,748,721,551,190,395,362,262
327,902,857,650,140,285,261,219
328,744,706,505,124,279,258,176
306,716,684,504,191,421,395,275
285,662,623,478,178,410,386,282
269,618,571,397,128,268,252,200
293,738,694,527,148,381,368,268
288,759,728,531,207,463,433,316
278,661,628,441,151,351,330,221
281,695,660,492,190,436,415,322
214,511,487,351,205,528,503,396
283,820,789,574,230,551,525,390
282,759,731,529,169,380,367,232
265,751,721,551,172,421,399,290
307,805,771,579,206,569,546,413
279,731,706,510,171,403,384,276
280,749,710,500,191,415,389,279
237,515,486,338,167,345,328,211
307,793,760,559,162,313,290,208
298,847,807,583,204,471,446,337
291,792,750,542,176,369,336,228
302,711,677,522,171,413,396,255
235,680,660,474,175,362,339,244
223,693,669,503,196,501,474,350
260,737,697,535,201,451,424,313
184,438,427,286,193,468,441,327
228,628,589,408,205,383,363,263
271,671,634,473,197,452,426,299
220,578,551,414,217,552,520,400
232,591,557,396,211,491,468,326
210,528,506,340,179,370,345,251
311,834,798,620,177,480,458,340
270,756,723,547,202,380,363,264
261,756,728,525,233,546,528,394
234,559,531,371,234,544,508,364
267,725,692,529,177,462,437,317
238,570,549,400,215,529,498,363
316,822,772,561,166,346,325,244
259,673,643,483,143,346,331,222
251,604,575,410,184,379,353,246
264,675,640,480,221,501,473,342
298,764,729,515,197,479,445,320
256,663,633,447,234,563,536,410
324,841,804,585,162,296,276,209
326,811,780,574,246,576,548,403
272,657,619,455,227,575,542,407
257,765,730,555,174,373,355,250
266,678,643,451,170,334,313,248
244,583,551,463,141,316,304,226
273,704,674,531,205,457,432,339
268,787,751,540,154,351,335,218
326,797,760,561,145,351,330,217
291,811,784,575,172,406,389,287
272,708,679,491,188,401,373,265
284,683,651,463,159,368,342,235
348,863,823,620,263,596,569,401
314,813,766,567,243,532,511,361
298,818,777,591,210,529,497,363
295,792,771,546,248,571,542,402
301,900,865,648,161,334,322,246
250,664,630,458,231,555,529,396
305,813,776,585,236,542,508,371
276,851,821,611,176,364,337,232
257,710,678,496,194,503,471,342
263,587,553,390,219,517,493,341
280,694,659,456,198,404,375,269
254,585,552,386,173,406,384,295
306,732,690,520,210,465,444,351
305,876,831,623,184,462,433,334
291,677,637,446,179,404,376,294
328,813,773,586,181,395,368,296
209,539,520,418,169,415,384,270
248,603,575,459,241,571,541,403
296,728,691,539,225,522,494,375
345,847,806,582,231,588,558,392
250,602,577,403,197,489,456,323
316,791,755,553,218,570,545,419
268,658,624,449,194,448,421,296
256,757,728,523,192,387,359,269
274,755,726,530,236,506,483,336
324,800,753,520,163,401,379,266
270,740,701,516,199,441,420,335
298,707,678,532,204,429,398,301
316,801,766,560,185,349,330,238
289,720,687,510,170,341,322,239
312,929,895,658,162,344,328,254
262,767,740,552,234,630,603,454
303,894,860,658,221,555,528,399
282,680,649,468,196,476,453,329
334,893,859,633,193,460,439,322
280,749,715,508,168,398,380,287
257,578,543,371,205,517,493,382
268,805,771,576,186,473,449,315
300,798,763,559,203,566,545,392
272,742,708,524,194,471,442,322
247,771,741,581,205,459,433,301
339,843,810,573,175,345,326,223
335,888,860,645,220,518,497,361
253,677,651,474,206,458,430,335
300,831,780,581,169,410,379,256
331,819,780,554,212,505,473,353
289,749,714,499,237,592,565,433
246,729,704,541,147,397,372,274
281,721,690,524,191,454,436,338
261,715,677,517,174,443,418,271
187,445,423,317,214,508,485,373
345,837,794,586,178,495,468,348
332,786,744,544,189,351,329,245
278,585,552,389,191,391,362,269
274,713,682,504,174,379,364,281
260,769,744,556,235,555,525,406
293,795,772,575,204,531,512,383
264,624,587,432,227,589,557,419
238,505,468,364,201,448,424,299
256,627,599,436,175,382,362,274
252,685,661,456,149,315,299,224
245,617,578,405,212,501,480,334
339,853,817,621,172,396,373,269
290,736,699,519,164,373,350,250
301,755,718,526,210,492,465,340
261,671,640,471,132,238,219,159
297,838,794,579,203,455,435,323
286,755,725,517,183,382,361,274
312,846,813,583,164,332,314,213
334,834,799,574,202,471,451,307
263,603,567,454,181,399,379,297
318,754,714,502,166,370,347,246
272,746,691,519,171,425,410,332
338,797,752,533,207,441,423,331
220,530,504,389,172,383,366,234
285,772,738,525,107,191,176,142
266,719,697,516,189,412,389,314
294,686,647,499,213,500,471,334
333,929,896,675,162,366,342,253
232,571,541,368,165,357,339,253
292,820,794,580,170,354,325,227
290,682,651,453,187,400,369,267
315,737,706,549,175,337,315,237
233,667,634,495,198,417,391,278
316,794,760,540,201,422,401,285
233,603,590,433,223,512,482,370
306,859,823,636,210,488,459,328
261,698,668,477,206,498,475,341
234,567,543,385,224,572,551,385
278,803,775,554,201,451,426,338
222,544,513,368,206,505,471,346
254,661,639,458,258,578,549,419
219,541,519,363,200,501,474,359
238,506,478,325,151,343,327,223
272,636,597,468,162,359,339,226
270,687,656,484,182,479,458,336
305,764,725,483,226,545,519,395
312,844,809,584,191,386,360,270
232,507,481,377,193,456,423,325
301,839,805,594,253,553,525,403
269,710,666,468,216,489,464,356
288,863,823,618,183,464,445,342
355,824,768,552,161,358,340,227
225,612,586,396,192,408,386,280
309,811,780,565,144,337,323,246
305,753,710,513,219,513,482,369
276,677,644,474,196,430,405,303
214,523,494,338,123,225,205,177
233,645,616,437,184,408,389,280
259,717,675,509,163,375,359,235
273,638,601,444,158,394,369,279
317,812,779,585,186,452,430,305
318,813,782,599,148,351,328,223
285,709,677,480,257,561,529,380
290,720,689,474,165,394,372,263
209,523,504,361,204,443,411,279
299,723,689,517,226,561,529,374
306,849,823,626,205,469,442,340
339,826,795,574,192,420,399,302
320,837,795,612,204,414,393,292
297,807,765,544,167,410,388,283
274,728,696,513,170,343,320,234
262,664,629,430,192,512,491,383
229,566,545,361,252,556,525,362
274,684,643,495,197,473,451,340
300,767,731,542,231,460,428,343
320,831,791,583,186,446,424,299
277,685,664,492,193,386,356,266
285,825,796,591,228,440,403,302
308,784,748,547,188,441,423,281
282,804,768,559,245,541,501,360
290,804,762,579,220,514,492,363
257,686,655,494,217,512,490,384
251,684,650,495,194,441,417,323
258,678,649,475,155,306,288,219
332,857,829,624,218,476,440,322
306,799,767,532,175,359,335,245
257,771,747,561,222,504,476,348
290,739,701,520,211,509,488,385
323,853,818,615,166,412,397,270
302,799,762,567,247,599,563,410
226,571,530,384,219,495,466,354
230,642,617,389,219,455,430,311
271,768,722,536,209,410,382,269
318,781,735,526,194,377,358,251
280,648,612,443,197,435,411,305
264,750,711,527,191,473,452,347
331,756,720,539,165,347,327,225
299,816,773,598,155,372,358,275
324,807,761,550,225,510,477,331
271,755,717,549,219,554,523,362
289,732,690,500,229,474,444,319
295,771,734,528,252,557,528,367
333,860,828,603,203,430,403,308
274,735,710,508,193,404,372,250
244,604,577,399,166,443,431,324
331,861,823,594,224,543,518,364
308,815,787,576,190,438,415,297
275,767,736,534,155,376,359,249
286,737,709,517,214,426,405,286
278,675,640,458,218,496,475,321
308,842,806,558,200,500,480,355
245,732,702,528,202,503,486,337
247,748,711,525,150,309,295,223
277,615,584,399,142,279,263,171
307,904,865,640,206,505,483,343
253,585,554,409,217,518,483,345
218,555,533,369,206,490,470,363
236,627,593,421,291,709,672,503
305,737,707,514,235,579,548,436
283,733,694,521,233,521,497,374
329,778,743,560,160,327,308,232
326,797,761,563,180,375,355,272
215,598,574,389,207,430,401,291
307,770,727,509,182,388,365,269
371,849,805,581,179,342,320,212
303,829,796,574,188,556,532,376
254,698,678,531,196,373,346,241
240,598,571,420,203,496,463,339
224,653,624,475,216,565,538,398
283,764,730,567,193,444,415,305
266,643,609,496,178,354,338,246
326,735,700,510,158,322,301,250
220,551,523,345,176,351,328,227
274,782,756,551,113,180,158,126
246,596,570,390,187,365,345,273
271,668,629,467,166,325,311,225
238,622,586,435,208,484,452,335
244,634,609,416,179,391,374,277
252,689,662,481,215,528,500,371
343,875,852,603,223,506,483,365
319,792,746,549,183,420,397,297
281,780,743,547,198,447,422,306
299,780,744,544,167,367,351,268
325,780,732,525,222,506,479,346
261,750,715,517,157,393,369,263
253,710,679,503,186,421,397,281
277,759,722,534,154,320,296,220
300,753,722,548,193,532,495,350
243,679,658,472,240,491,467,342
314,855,831,604,183,410,388,307
326,766,724,517,186,443,430,321
274,673,637,467,164,367,347,268
323,871,841,623,103,201,188,139
266,684,656,501,189,378,357,239
329,801,751,552,189,469,441,319
279,757,727,545,195,503,475,341
269,704,674,537,211,530,508,353
286,760,729,541,160,363,350,272
350,891,857,643,225,474,443,313
269,670,649,490,206,452,427,315
297,800,764,547,213,473,452,332
293,819,782,540,195,430,410,283
266,645,611,444,165,508,479,376
304,885,841,630,210,541,513,403
326,752,720,517,238,568,549,414
315,803,764,575,168,443,418,328
327,848,816,583,173,399,377,260
308,825,784,589,180,394,377,270
269,820,786,582,233,626,602,433
258,552,525,373,225,531,512,379
330,740,707,549,184,391,372,255
257,697,669,451,196,462,439,320
321,832,786,563,164,396,374,278
249,634,610,461,157,330,307,212
284,671,641,459,184,389,369,280
279,704,672,469,197,442,409,313
342,829,783,574,218,525,505,379
297,792,752,556,198,484,457,320
236,573,544,403,139,258,237,155
262,617,592,421,252,503,465,342
263,716,692,537,197,375,355,283
327,790,757,538,222,481,443,340
314,842,802,599,207,409,382,287
272,803,773,592,199,532,504,380
369,897,847,615,183,451,431,323
285,712,674,508,140,320,304,201
317,861,823,600,177,447,428,341
352,840,812,582,205,409,382,280
251,705,680,471,176,417,393,286
243,648,618,461,177,453,433,296
213,561,536,371,208,531,516,369
269,788,754,561,193,425,392,295
285,731,684,483,177,476,457,327
256,626,599,410,204,408,385,272
353,900,860,638,196,465,442,345
348,859,820,642,155,346,324,232
296,753,723,511,226,498,478,355
226,590,559,401,210,497,468,325
291,739,709,516,187,446,427,330
332,805,763,553,204,412,386,303
305,878,842,647,183,430,413,324
313,852,809,596,188,421,401,277
279,792,761,547,185,497,476,342
326,802,761,569,190,368,343,253
291,786,751,581,185,449,424,308
309,794,759,554,209,444,425,312
258,751,717,559,190,431,411,319
304,842,810,590,202,535,502,348
291,781,750,547,230,567,537,375
296,760,725,520,194,397,367,276
295,749,716,515,175,394,368,269
276,753,719,527,176,394,372,248
295,824,790,595,185,500,480,309
264,761,732,537,196,418,392,308
234,599,576,403,197,427,405,278
206,469,451,350,193,421,401,308
300,805,772,569,195,452,423,305
344,847,808,598,263,578,547,412
251,586,554,384,238,577,543,420
251,652,622,464,160,369,353,254
191,465,445,326,154,335,313,225
311,791,758,574,210,477,451,339
162,400,372,277,212,513,486,372
316,851,821,595,222,500,470,342
270,680,640,465,148,352,332,250
264,669,625,441,188,347,326,261
245,601,577,414,161,349,328,221
286,695,650,472,157,350,331,244
364,876,842,612,179,387,363,260
311,781,739,530,221,524,489,369
336,891,846,641,188,421,393,284
264,617,592,426,232,548,517,382
327,765,736,524,244,588,563,433
324,846,805,587,161,320,295,195
248,674,650,470,227,469,438,327
353,867,827,585,181,330,308,249
191,525,499,386,220,444,418,286
301,758,720,537,210,516,490,370
306,836,807,603,207,539,519,396
293,770,736,550,223,542,515,379
297,704,668,522,226,493,460,344
195,544,518,402,208,458,437,299
306,760,725,540,167,397,363,234
276,627,596,434,224,442,404,313
231,544,518,353,205,502,463,339
299,855,824,616,194,498,466,346
308,732,699,502,191,419,397,297
330,866,827,606,219,564,536,383
299,707,682,510,220,443,413,287
297,742,709,566,211,528,505,392
238,568,538,370,206,463,436,318
318,703,656,463,214,503,471,351
257,664,633,424,181,418,395,255
325,858,824,633,206,562,543,395
301,844,806,578,256,555,526,389
268,647,611,439,151,347,321,212
271,693,661,526,221,524,490,345
313,786,754,574,155,315,302,218
291,744,717,500,224,492,460,332
220,537,505,345,253,575,543,370
289,763,724,515,183,406,382,282
313,813,776,576,200,455,438,313
344,792,755,521,194,419,399,332
312,877,851,641,160,411,385,245
327,792,749,583,207,416,389,266
284,801,774,565,160,324,307,244
297,819,780,580,191,476,447,340
346,887,848,623,121,315,294,209
339,874,840,625,241,580,554,406
316,818,791,577,201,424,394,286
304,737,701,511,121,216,197,151
290,713,677,537,171,372,351,251
325,831,801,579,182,358,336,237
299,755,720,552,159,396,373,280
220,596,571,408,191,386,364,263
367,885,843,607,241,611,575,428
296,818,781,585,209,587,552,389
361,914,871,606,258,590,564,392
211,527,502,353,176,357,335,223
300,744,710,538,168,372,349,258
240,644,612,441,236,550,521,387
241,673,646,477,169,357,337,254
282,792,756,569,201,414,388,294
328,852,811,585,223,544,512,366
275,716,679,493,223,565,533,401
295,790,753,556,180,394,374,266
287,651,618,443,249,601,570,400
284,650,607,439,174,419,400,303
236,651,627,471,158,318,300,220
323,831,789,562,222,432,413,289
356,876,837,609,266,530,498,352
289,751,715,524,183,409,389,285
311,782,746,542,190,401,383,276
305,759,730,519,215,482,454,310
322,745,699,514,229,511,485,389
289,823,788,582,252,635,603,440
310,794,755,585,209,478,457,320
267,678,645,498,213,497,464,340
222,574,543,415,152,316,297,224
281,747,723,530,140,265,257,191
259,647,624,451,189,456,430,341
212,535,504,352,213,479,455,327
216,508,488,350,131,293,280,223
214,568,541,415,200,512,499,379
282,696,667,502,247,579,541,402
228,602,571,365,137,285,258,176
276,818,787,572,228,560,540,391
304,809,783,565,165,409,389,282
299,755,721,537,151,298,282,204
326,730,685,507,239,605,579,434
234,525,490,336,193,462,446,324
336,843,809,583,249,653,630,458
322,747,715,544,204,575,552,445
222,578,544,400,183,386,364,258
218,585,550,399,177,394,371,276
271,751,723,537,199,423,403,309
302,816,782,567,202,534,518,398
278,712,680,490,180,422,395,277
323,817,781,570,214,528,503,345
229,587,560,385,219,500,462,343
277,729,694,505,202,485,464,337
245,610,581,411,164,374,355,260
252,652,610,476,149,360,343,252
309,801,760,550,168,407,381,281
310,737,710,512,240,568,537,419
337,880,846,612,193,481,456,317
260,673,648,457,171,462,437,320
330,836,795,586,185,411,387,274
305,788,753,522,147,345,325,238
275,803,779,567,209,484,456,334
279,781,751,548,197,461,439,311
310,821,782,569,192,436,413,293
251,619,589,419,176,415,401,297
335,835,795,595,220,437,412,330
228,576,537,364,207,403,380,268
318,832,805,587,200,502,475,366
354,860,823,616,225,538,503,366
267,660,631,444,209,485,465,354
293,697,671,472,161,353,334,243
336,869,833,632,221,443,413,318
262,678,636,423,194,445,417,307
278,624,577,444,189,386,352,277
312,728,690,498,195,456,437,338
303,837,801,603,126,253,239,175
298,701,667,472,184,393,377,284
272,731,701,524,166,364,335,234
223,591,560,386,146,288,269,201
292,775,740,555,151,353,330,233
344,890,855,647,254,564,533,403
185,502,474,328,255,531,503,377
291,780,747,552,222,511,487,371
347,868,836,620,176,422,396,329
241,564,537,368,235,491,466,334
283,743,710,518,172,363,338,247
328,786,760,537,177,436,411,296
227,632,600,452,200,481,454,313
253,727,697,513,153,380,360,251
266,643,614,437,195,465,435,328
265,707,662,486,207,463,437,278
256,736,711,533,182,406,387,272
298,770,731,564,140,318,303,211
287,781,751,538,160,387,357,283
311,764,715,530,211,461,429,327
261,681,652,474,157,388,369,265
291,757,722,546,168,388,361,254
233,608,582,425,175,427,400,312
292,670,645,449,196,431,399,287
286,736,696,492,137,333,314,237
343,847,814,615,195,425,392,280
302,781,739,535,163,389,368,251
275,619,577,408,235,570,549,394
355,901,878,626,178,392,366,273
299,727,685,532,228,486,447,346
297,764,730,524,179,410,389,267
311,767,739,553,185,479,454,333
258,735,698,507,211,464,436,316
274,832,809,602,178,433,409,280
302,819,776,588,205,526,502,360
317,780,750,558,214,485,456,347
200,549,525,373,206,530,506,401
225,586,552,417,206,402,377,280
282,757,724,546,158,435,413,287
218,576,549,395,192,376,350,238
296,802,773,577,179,390,366,241
187,455,441,305,225,522,493,404
247,469,439,300,268,550,516,368
239,614,583,428,158,364,345,241
294,830,789,576,185,421,398,285
285,867,833,626,232,624,590,431
255,674,651,441,130,287,266,187
242,594,569,451,194,457,432,335
277,766,725,542,195,480,454,356
256,642,604,431,165,357,342,249
275,630,593,444,230,517,498,379
328,879,836,610,209,476,447,325
305,792,758,573,172,449,430,323
245,630,600,428,184,369,348,250
291,836,802,589,218,561,526,393
273,642,615,415,176,426,399,295
236,608,575,404,103,200,185,127
295,861,830,625,241,627,589,451
324,759,725,510,123,337,323,217
313,816,766,592,164,347,331,253
291,760,716,538,207,448,431,328
299,808,772,575,228,526,491,351
308,757,713,533,199,482,462,346
207,599,576,419,204,487,462,313
322,858,820,600,232,531,502,365
268,604,575,429,168,378,366,243
314,852,810,605,224,491,459,340
252,680,653,482,236,513,495,341
307,769,736,534,178,394,370,262
264,780,748,593,259,567,532,391
291,725,687,517,195,405,384,258
298,731,693,505,186,435,411,284
303,807,758,569,260,618,585,416
314,842,815,574,155,355,335,237
264,698,661,453,164,351,325,249
316,774,740,535,169,326,307,209
267,708,683,508,194,423,402,301
285,798,761,561,215,532,507,361
296,745,710,550,212,487,458,316
276,825,789,581,185,486,464,321
303,767,727,549,209,584,560,427
284,820,783,604,142,358,342,244
253,697,658,466,218,550,526,392
321,841,791,583,223,586,564,415
308,845,812,610,177,396,381,296
240,554,524,371,154,334,315,200
298,752,713,528,196,405,380,262
300,687,648,479,190,452,429,305
270,650,611,450,248,504,473,344
292,668,637,425,190,453,431,315
352,853,804,611,149,328,311,210
327,868,828,624,177,430,402,313
300,739,704,530,170,381,358,252
294,789,747,553,194,406,389,281
279,687,659,471,159,338,318,227
311,724,690,521,183,402,375,268
304,790,757,585,126,216,199,155
230,597,577,433,216,429,406,278
306,671,629,456,241,527,495,367
314,787,751,544,172,362,338,260
333,832,801,602,210,511,481,362
272,676,643,506,151,309,290,208
274,702,664,509,184,492,469,317
302,900,870,655,168,398,383,280
245,741,714,518,193,487,462,340
302,758,730,537,218,456,432,296
245,635,604,440,192,442,416,306
212,568,550,367,236,566,532,380
281,726,700,526,194,433,415,307
230,582,553,368,159,386,358,255
256,673,639,475,162,344,314,247
238,630,599,436,226,456,421,323
263,776,747,548,210,418,398,275
239,512,480,384,173,423,397,297
286,784,752,535,220,494,464,328
317,812,772,610,209,512,491,338
335,812,778,575,223,576,551,412
281,736,700,518,202,445,427,339
247,594,568,406,185,406,383,284
251,592,564,393,196,429,398,304
241,595,556,398,180,413,395,293
298,815,788,572,217,504,474,356
375,908,875,636,230,452,420,307
242,612,581,411,156,316,299,228
239,611,586,390,177,375,356,274
241,521,481,355,164,342,318,228
323,901,866,678,147,336,320,228
266,740,703,513,203,456,439,340
293,894,858,655,182,408,386,292
279,701,676,517,174,381,359,262
261,805,778,581,226,562,533,372
316,746,706,538,147,307,285,195
307,703,671,515,170,299,279,206
273,813,771,588,181,367,344,265
286,677,642,477,202,512,492,353
266,705,665,516,187,499,479,340
225,611,595,463,136,315,297,206
294,798,763,552,188,378,353,240
296,762,720,538,218,411,385,283
293,783,747,555,169,378,353,229
308,818,782,613,143,305,287,209
313,824,795,582,178,410,388,274
222,518,484,330,259,540,503,383
335,869,830,600,229,586,562,409
301,732,690,501,232,611,590,443
289,849,803,600,248,591,552,401
237,639,607,432,199,458,439,327
270,826,795,575,219,443,423,285
255,720,691,523,202,481,457,327
319,733,697,469,169,415,392,294
334,879,848,624,125,221,206,159
230,638,621,457,201,525,498,390
275,744,695,539,196,465,441,320
304,885,849,631,184,390,369,253
288,698,665,464,202,476,453,329
290,845,823,609,193,418,390,282
292,852,819,591,190,439,418,346
269,673,645,444,258,613,576,433
232,581,562,392,217,507,488,372
254,694,658,482,171,375,359,277
299,772,736,556,181,423,402,296
212,605,577,415,170,471,454,325
195,508,476,321,230,537,507,370
282,671,643,448,163,313,284,203
249,581,547,370,179,304,283,189
317,762,722,531,139,324,314,231
331,844,795,607,210,429,398,293
271,676,639,477,225,546,514,390
271,670,641,443,185,470,460,321
298,779,741,556,234,483,447,310
310,822,780,588,253,589,553,395
272,608,584,425,192,470,449,366
271,755,735,537,225,505,469,369
224,563,527,360,210,455,437,312
229,559,533,371,190,474,461,345
264,625,588,422,152,306,290,226
307,840,803,588,208,512,494,385
290,735,692,493,206,504,488,331
185,527,502,358,202,449,428,317
228,560,538,395,173,394,380,283
280,722,698,508,183,440,417,320
198,520,494,324,195,496,466,327
283,679,649,495,148,338,317,238
306,768,738,560,198,503,484,352
263,750,730,545,164,402,384,269
272,678,641,464,184,482,454,326
331,819,784,583,220,421,395,276
282,720,681,493,184,398,379,274
304,823,797,588,183,406,384,296
281,696,667,501,245,573,542,421
274,739,698,513,214,487,458,353
319,834,798,581,243,527,502,355
350,897,848,629,195,453,428,290
305,753,717,515,169,384,359,259
275,762,737,554,204,477,457,317
275,570,532,409,188,463,442,334
310,725,693,505,207,548,524,388
262,757,731,526,178,383,369,276
279,712,675,477,179,374,354,265
299,686,652,461,198,484,463,325
283,746,709,521,177,401,372,287
261,797,768,593,185,376,346,250
225,617,592,429,199,436,408,308
273,726,702,517,176,384,365,259
240,719,694,513,207,527,509,381
233,596,571,401,255,589,560,433
222,580,550,385,212,589,561,420
264,609,580,397,205,490,465,338
285,802,769,556,178,434,407,316
218,499,474,351,159,374,358,260
301,820,775,581,212,526,497,356
307,820,792,592,197,431,409,337
298,819,784,590,205,451,423,299
259,653,615,456,217,509,490,338
265,677,635,435,192,433,411,290
323,855,810,602,178,456,426,327
256,674,646,468,177,357,338,245
250,667,640,466,194,386,361,247
258,687,661,458,206,543,514,363
236,614,586,429,197,419,396,285
295,740,707,536,157,417,400,318
174,464,435,284,271,626,600,446
286,770,733,535,201,442,417,315
230,520,505,338,146,262,248,180
310,818,784,587,214,417,388,296
220,510,474,339,170,433,411,302
229,519,494,317,183,419,388,276
222,639,613,433,219,562,529,407
351,853,810,572,205,407,386,270
265,755,726,537,215,476,452,309
309,781,749,568,153,345,326,223
218,634,609,457,150,364,336,254
326,806,759,529,172,371,345,239
308,824,782,567,282,634,596,443
246,649,620,450,158,337,321,239
324,826,779,581,184,420,400,286
284,760,714,512,226,538,516,396
296,801,767,592,248,611,579,408
310,774,739,533,228,562,533,411
279,619,588,400,185,449,421,311
290,635,599,396,160,322,310,213
269,762,734,547,199,434,408,303
327,767,734,542,163,363,343,268
296,770,729,538,189,416,385,270
290,792,762,558,233,588,549,420
279,668,622,451,212,497,479,353
248,628,595,409,187,438,414,325
300,834,798,605,213,463,437,293
242,651,619,439,166,359,344,234
269,670,638,504,249,545,521,402
210,535,514,392,197,423,396,271
211,573,544,378,182,373,345,269
271,751,714,492,168,418,394,274
259,724,697,484,248,516,487,374
235,567,534,399,212,521,502,345
271,674,651,508,197,457,427,322
254,616,581,417,155,329,309,219
284,791,752,568,163,378,348,254
278,668,636,454,225,507,469,375
303,708,678,481,164,326,304,208
273,759,726,559,202,430,410,296
322,853,816,598,199,474,444,356
266,702,668,482,181,440,414,301
248,611,579,425,204,472,453,346
309,873,839,592,169,384,365,287
283,691,659,526,194,422,395,297
270,627,590,415,193,432,412,319
279,589,562,382,162,384,359,274
253,733,709,533,213,456,429,305
244,706,669,499,187,370,350,258
322,802,774,563,209,477,449,344
303,828,794,581,140,272,259,189
277,801,760,561,169,422,398,277
287,809,781,584,225,504,475,365
184,541,511,365,224,599,570,430
268,662,633,463,203,525,499,364
293,771,730,524,194,405,386,281
291,783,748,553,187,404,383,293
346,878,837,600,183,487,466,332
311,728,690,517,210,484,457,336
273,761,734,555,189,381,358,245
189,544,511,374,164,311,285,197
319,789,754,563,164,369,343,233
304,713,674,466,147,322,308,214
325,898,860,612,238,555,516,380
284,802,771,593,142,297,280,188
290,746,707,518,158,400,374,260
228,612,580,406,154,327,312,236
308,832,795,608,223,476,440,317
296,785,738,538,200,470,436,291
256,729,703,496,186,476,452,346
263,707,680,509,176,460,436,310
301,788,755,559,147,368,347,257
320,798,764,568,169,355,334,247
333,850,804,594,155,354,336,234
241,636,613,453,203,428,413,287
309,776,740,559,245,491,466,332
322,829,795,599,161,304,278,217
275,754,734,521,224,538,509,392
268,711,663,483,146,262,238,198
303,805,766,595,244,575,545,402
278,670,642,499,192,485,466,336
317,799,756,547,247,551,526,402
287,709,668,468,197,453,427,323
277,696,673,508,186,420,392,284
350,885,842,624,234,555,534,415
325,784,746,527,163,418,395,292
273,683,649,459,210,449,429,302
288,740,706,526,206,451,431,300
289,699,667,508,245,592,565,424
320,799,764,565,194,461,433,340
267,732,708,513,255,570,544,400
241,511,487,352,193,481,449,326
268,834,804,569,206,504,479,364
286,819,786,582,211,496,469,339
289,723,687,478,165,329,309,231
320,882,842,629,185,416,390,282
288,773,741,555,178,435,411,291
227,574,551,444,238,574,555,381
263,803,777,570,148,313,295,214
250,671,645,460,235,481,453,345
310,819,778,566,235,446,418,315
287,742,705,532,179,419,393,273
247,682,646,461,176,383,357,256
334,903,873,632,177,358,338,224
284,751,710,530,203,484,464,317
245,645,612,436,184,393,362,267
324,823,784,584,172,446,420,305
264,727,693,524,228,554,532,394
252,665,632,462,223,584,564,415
283,712,678,503,219,487,460,342
298,793,762,556,162,355,331,254
325,750,713,524,214,462,431,331
232,539,519,393,194,392,367,258
285,785,749,578,213,499,470,350
273,711,683,531,185,454,427,287
297,803,766,567,184,402,372,285
278,697,663,465,211,531,506,367
233,583,547,393,165,392,377,287
310,747,714,507,177,398,386,293
280,752,720,522,224,491,463,351
322,792,754,541,233,539,504,363
244,595,567,418,185,485,452,340
232,625,605,421,214,502,481,377
200,532,510,381,214,546,522,363
272,681,650,494,180,382,358,256
231,631,598,431,186,371,351,261
300,816,781,584,182,358,329,230
333,859,820,596,265,522,497,352
319,817,782,568,201,374,339,245
241,618,585,455,220,475,459,365
352,877,831,610,200,437,407,314
267,697,652,495,114,195,181,128
259,698,668,458,187,370,347,238
232,668,641,427,193,483,461,314
199,484,459,351,227,490,464,329
225,598,570,390,193,449,411,288
294,766,731,540,228,581,549,397
273,788,757,563,173,393,376,266
343,908,865,645,176,293,273,203
271,657,624,438,193,422,402,292
237,618,591,444,234,493,463,330
265,650,616,494,196,481,453,314
338,795,753,557,220,503,475,361
321,863,824,611,194,465,444,318
306,779,738,558,200,454,432,319
301,821,786,573,219,576,545,413
224,615,579,429,195,425,411,304
212,584,555,388,199,432,411,296
414,1011,971,712,207,529,502,342
363,826,788,579,247,552,515,383
366,894,862,626,165,366,344,244
317,855,821,605,189,484,461,344
254,716,686,539,198,417,390,289
283,730,700,523,171,391,367,240
292,804,775,554,226,478,459,325
353,866,832,586,179,344,314,225
290,763,724,527,181,351,331,238
266,584,559,386,214,484,453,340
315,769,731,580,207,473,450,344
265,701,661,493,222,537,519,401
311,791,749,517,204,454,425,308
331,793,764,562,117,192,181,141
315,769,728,552,157,357,334,245
332,812,753,564,149,337,322,234
220,530,503,352,230,509,480,351
254,623,591,407,200,388,361,293
283,729,688,483,152,366,348,245
217,554,529,379,237,572,548,403
344,871,843,630,221,456,433,327
257,688,663,496,195,507,490,360
284,723,698,501,184,415,392,295
269,761,742,575,185,456,431,315
273,649,619,449,165,464,442,314
245,603,576,405,191,413,393,275
279,688,648,475,137,336,320,233
260,729,686,529,250,603,577,417
288,727,687,484,181,372,341,267
244,585,554,406,223,517,494,361
326,822,779,589,208,458,436,316
301,741,702,530,258,536,502,392
344,880,848,623,194,501,474,342
263,686,651,486,217,530,502,368
257,677,642,474,163,301,285,202
266,676,647,459,183,369,333,233
268,665,626,457,157,426,413,312
264,636,598,443,197,470,441,314
291,713,681,501,217,459,430,310
306,785,741,539,173,376,354,268
337,860,824,622,172,346,320,231
279,676,644,493,197,459,434,333
300,838,801,603,193,436,415,292
276,746,715,532,155,314,303,221
243,639,618,468,211,522,496,367
319,796,761,570,178,410,386,295
275,701,666,484,213,530,505,372
253,656,620,435,157,363,343,247
262,648,616,454,226,555,531,398
286,702,669,481,169,387,373,310
300,706,666,492,148,264,247,177
280,721,691,531,208,417,393,275
242,580,553,380,161,385,376,247
218,592,567,414,233,559,534,379
230,543,511,342,211,441,416,325
313,823,787,570,239,571,543,390
232,633,604,456,197,493,467,354
260,726,702,511,242,494,468,358
173,449,425,272,165,362,342,239
270,596,573,365,200,444,417,325
223,591,563,408,168,409,386,265
282,725,689,512,227,490,462,354
260,754,720,531,238,589,563,433
299,793,750,567,209,511,482,348
228,614,590,394,189,420,381,279
265,765,731,533,216,440,417,333
353,931,896,673,171,354,339,226
301,802,776,557,143,385,368,245
313,892,866,646,172,345,326,239
295,743,715,561,172,391,375,294
285,790,758,583,159,337,317,228
242,614,589,429,229,520,495,373
284,806,770,567,182,377,347,244
278,750,723,540,212,492,471,336
297,810,770,562,170,327,307,234
199,536,508,386,137,275,256,177
272,758,727,536,189,437,411,303
293,732,689,509,171,383,361,262
348,903,866,623,201,486,462,333
318,846,809,585,184,352,331,250
265,782,760,576,216,477,454,334
314,854,812,584,205,455,429,317
309,777,737,543,252,543,513,375
268,748,710,533,160,295,275,203
283,663,627,424,192,469,447,305
233,603,573,449,169,410,397,280
300,797,756,561,194,475,451,350
275,700,663,480,167,417,398,285
270,788,761,582,203,412,381,264
259,758,727,534,169,365,333,270
288,766,730,527,168,394,376,286
288,715,682,509,227,538,511,368
295,773,742,533,216,439,410,288
253,811,776,596,162,330,302,242
189,405,377,252,223,492,462,339
292,796,752,564,139,339,324,231
281,684,660,443,177,405,381,264
291,735,703,512,224,516,489,358
255,710,679,490,185,398,376,267
245,655,624,462,170,406,379,280
216,559,527,373,133,332,321,219
236,563,535,363,231,517,497,386
218,652,625,435,217,468,441,305
236,578,542,401,175,456,429,325
248,627,597,418,190,357,336,268
337,835,797,584,193,469,445,333
256,715,684,486,201,426,399,307
290,687,661,497,165,359,343,277
247,637,608,463,227,587,560,426
295,684,644,478,166,407,384,315
318,825,778,581,248,574,542,386
280,738,687,513,185,373,352,255
298,797,761,545,144,320,303,211
265,805,782,594,200,450,426,297
227,578,546,395,229,523,483,363
270,738,705,532,155,311,289,194
315,705,674,495,133,224,211,152
291,728,699,512,236,513,481,341
353,851,809,614,156,359,338,239
306,788,750,559,189,400,379,286
249,558,525,364,216,480,452,355
327,916,880,666,192,379,357,258
315,820,782,586,194,452,427,317
263,678,645,512,189,423,398,303
322,797,753,551,201,393,368,273
331,782,745,533,110,259,243,193
295,797,762,555,166,378,357,253
339,828,784,579,209,484,455,328
255,726,681,508,164,301,283,226
335,823,786,562,123,260,243,164
273,824,798,594,232,487,450,315
334,815,777,560,172,343,328,235
230,596,569,440,197,468,450,345
331,839,796,574,216,607,570,425
253,620,590,421,104,222,209,138
287,673,634,454,201,510,482,345
312,817,780,559,180,432,405,291
305,796,749,553,220,481,456,318
289,729,709,545,244,560,537,393
303,747,718,539,212,501,475,358
237,589,563,418,199,488,463,339
242,566,543,407,170,390,372,254
345,809,761,563,199,453,420,297
327,772,732,533,179,399,376,267
197,448,421,294,204,422,401,306
250,666,632,484,248,623,597,399
227,580,546,403,228,574,548,403
313,889,849,609,247,505,482,359
258,706,684,515,254,565,532,393
296,668,627,435,202,413,392,288
325,740,707,547,161,332,316,248
259,676,646,478,186,383,355,262
338,824,778,568,173,381,359,250
270,805,775,581,174,375,356,265
330,765,725,539,213,552,523,389
252,686,655,475,226,496,466,364
295,724,680,526,201,510,493,343
297,719,687,488,196,443,413,292
290,840,810,618,198,448,424,310
251,640,599,435,197,459,434,318
236,603,582,425,189,437,412,290
236,567,533,351,171,313,298,216
236,480,454,329,275,599,560,402
282,773,733,527,144,349,327,219
268,658,631,435,191,417,391,298
320,760,702,528,183,430,408,299
296,795,762,561,241,574,548,421
324,845,801,604,238,605,578,426
304,822,791,617,251,576,545,388
262,630,591,411,202,464,433,340
345,855,813,581,204,482,457,349
241,646,620,479,153,254,233,180
320,832,792,574,160,371,357,262
280,751,727,514,207,523,491,379
272,656,619,472,202,412,402,276
302,799,757,557,162,409,392,306
293,768,733,525,221,544,519,386
323,814,780,580,210,498,474,357
352,897,860,597,177,408,382,273
269,675,644,486,158,330,308,203
320,870,838,611,271,569,535,434
277,638,612,443,224,509,484,346
274,708,682,480,218,548,516,379
316,748,700,508,185,422,401,297
218,622,597,436,159,406,383,276
303,710,679,469,199,457,434,328
274,721,683,490,164,329,301,217
306,872,840,624,224,532,501,363
255,595,563,383,156,353,339,251
254,636,614,422,168,400,382,271
287,749,711,529,159,323,299,231
255,602,564,409,213,479,459,316
290,698,658,451,170,386,365,256
230,684,659,497,167,384,364,258
283,688,651,464,212,508,487,353
302,782,746,554,218,489,463,349
245,600,564,412,208,523,498,372
312,792,753,607,209,514,489,343
293,766,731,535,119,244,230,166
307,791,744,529,177,365,338,260
246,687,655,530,188,511,485,369
268,719,683,507,248,537,508,373
289,746,706,526,213,515,495,370
267,583,555,398,180,359,338,244
260,589,557,430,225,470,442,333
298,780,745,546,256,557,533,381
188,494,471,351,156,354,330,245
254,705,677,496,178,377,361,250
269,742,705,506,121,287,269,206
280,767,732,526,233,453,429,307
315,788,741,522,202,437,411,288
297,824,789,608,189,460,432,301
287,729,692,525,160,434,418,307
233,602,574,425,238,506,477,365
284,770,740,570,154,378,354,237
324,791,763,577,169,344,318,231
198,528,498,348,195,366,344,292
320,782,749,557,193,442,411,299
309,800,773,610,233,632,592,450
332,853,817,607,149,333,317,239
232,633,604,459,200,498,469,348
306,853,818,622,168,372,356,261
290,728,688,503,182,395,372,261
283,738,706,508,152,298,279,188
217,630,599,453,242,617,592,423
296,759,709,516,146,286,269,199
349,826,785,576,205,514,490,373
219,568,541,363,220,402,380,275
269,717,682,557,245,513,481,347
266,746,714,531,155,335,314,235
338,861,814,568,158,333,314,208
271,776,736,550,210,550,535,420
297,737,698,493,218,525,495,365
318,804,768,574,167,428,406,325
310,724,689,517,194,413,392,279
325,803,778,576,195,441,413,297
309,747,708,512,166,327,311,212
273,671,634,477,216,493,468,343
178,474,458,323,229,542,515,382
279,677,646,494,158,351,337,254
319,763,725,536,177,390,368,261
291,732,703,510,215,490,470,331
296,859,814,585,139,317,306,218
233,597,561,419,214,545,516,396
292,729,693,493,177,450,423,317
288,697,659,501,188,394,369,257
283,604,573,423,194,459,435,306
267,710,673,485,160,304,280,212
345,889,840,598,196,448,421,297
278,791,752,556,158,318,292,187
248,622,590,411,199,390,367,256
327,852,814,587,211,542,518,371
315,755,708,519,208,540,510,375
308,800,758,563,145,370,354,257
272,719,696,502,209,517,497,347
326,680,636,447,189,344,322,249
236,525,502,334,162,357,334,237
250,626,604,427,117,253,240,156
299,808,772,554,185,437,408,291
289,809,762,569,120,290,277,185
261,732,707,542,225,546,532,391
310,752,722,526,198,494,463,345
239,597,564,414,184,410,383,278
329,845,815,574,203,494,458,334
266,707,673,496,201,355,337,237
286,748,719,516,205,490,465,350
303,807,772,577,231,563,526,379
286,784,750,545,251,518,488,349
278,759,721,564,183,437,418,299
300,762,734,533,206,474,449,360
290,792,752,528,206,539,515,380
277,772,729,533,189,400,376,261
263,789,757,555,237,643,610,476
207,511,483,314,209,497,471,335
271,692,667,478,236,615,580,438
225,579,557,377,210,497,466,332
285,662,625,459,177,397,373,262
284,734,699,499,178,446,421,287
294,716,680,513,215,502,486,339
271,739,705,531,224,519,483,373
222,515,483,314,140,289,275,199
315,653,624,433,192,454,433,305
240,718,690,511,219,456,424,288
244,648,621,450,224,535,508,374
287,753,720,533,229,484,459,338
317,778,736,552,170,338,326,224
254,765,736,532,148,301,292,208
273,595,555,394,129,301,290,225
262,637,598,451,173,395,368,251
252,616,588,454,241,607,582,445
310,839,796,568,172,385,364,275
252,571,541,406,180,335,314,240
263,706,676,478,198,502,476,333
271,672,644,486,209,474,444,317
258,578,548,400,204,391,366,273
288,776,741,558,173,397,371,271
246,620,590,393,158,360,341,223
310,717,672,492,201,412,389,304
274,665,635,496,168,385,360,259
258,606,577,446,165,333,316,225
182,483,457,309,201,414,388,273
311,827,795,567,211,476,453,322
337,763,720,517,230,501,474,344
262,780,750,557,203,470,445,336
318,825,793,581,165,313,296,210
297,773,746,536,170,347,327,252
273,667,632,465,179,430,401,273
251,681,652,491,155,346,320,225
245,711,693,556,188,417,395,299
270,714,686,514,189,441,417,309
355,855,818,557,145,350,336,245
283,733,697,501,172,343,329,243
270,731,701,502,226,533,509,390
243,591,563,394,203,411,385,277
282,687,654,431,189,433,409,296
275,612,584,395,194,449,426,310
312,819,779,594,170,401,389,305
263,772,739,561,148,381,367,279
300,768,733,529,197,384,360,280
270,721,692,515,195,447,422,332
292,729,689,497,203,441,413,294
292,752,715,511,190,423,396,302
281,709,679,490,164,355,335,225
278,653,621,424,221,503,473,350
261,763,731,570,146,346,324,228
333,828,795,571,171,420,389,302
272,624,594,426,163,400,377,284
316,807,770,568,233,586,549,403
325,883,846,633,207,477,451,345
292,869,843,616,162,374,342,268
317,882,838,635,143,318,292,220
278,734,700,500,157,323,306,225
221,601,563,411,124,279,260,158
288,691,662,463,194,457,433,324
329,791,753,608,159,380,355,261
278,789,753,562,222,507,479,356
263,686,652,463,161,321,295,222
231,483,452,315,164,440,419,318
332,883,838,614,176,399,378,247
273,655,620,433,186,401,385,258
270,735,706,515,166,319,299,233
233,526,489,330,201,452,429,321
278,564,543,402,190,462,440,324
307,789,754,574,191,334,304,236
350,922,882,657,204,479,455,334
248,577,549,378,166,321,309,224
326,804,775,545,162,364,347,256
344,832,777,536,169,347,325,243
241,742,717,524,217,514,487,390
273,767,722,557,206,454,430,316
304,851,817,605,223,523,500,381
305,846,798,583,228,470,441,319
306,763,725,557,169,335,316,263
261,671,632,452,262,620,599,419
301,704,669,486,210,510,486,341
283,578,546,400,154,419,398,295
296,778,741,559,193,412,389,312
274,621,594,438,196,482,457,308
328,912,882,645,175,402,389,292
332,818,779,578,158,357,331,239
267,748,721,534,218,553,533,403
323,762,732,541,170,345,328,247
281,773,742,551,138,312,288,205
309,683,648,474,153,362,345,230
279,681,639,487,158,297,278,228
228,536,502,336,171,370,350,258
308,868,827,613,164,410,394,266
301,750,707,523,173,363,340,255
269,769,741,529,172,363,337,244
312,800,771,550,139,308,297,203
301,780,750,529,186,495,466,335
334,816,779,592,195,393,373,257
229,599,573,389,188,424,404,280
315,796,761,569,185,428,403,287
326,833,800,559,187,499,464,354
334,856,823,610,196,456,424,307
274,675,648,498,183,402,382,269
250,665,626,482,190,454,433,327
267,729,694,508,204,461,438,327
209,620,594,414,143,328,307,211
296,812,767,588,155,327,303,216
311,727,698,507,186,395,372,251
265,709,676,529,214,430,407,298
298,831,798,609,217,529,504,382
253,650,623,457,129,321,307,244
290,829,801,599,180,472,447,346
201,562,532,378,197,458,430,320
240,647,617,445,218,492,459,331
283,668,634,495,210,566,553,411
311,759,722,531,194,461,432,315
327,795,745,556,165,364,339,246
254,697,672,470,178,498,470,358
300,754,713,523,193,452,427,313
230,552,522,363,224,518,495,363
255,592,571,436,201,467,435,313
293,744,703,513,190,395,372,263
270,719,679,488,131,245,236,164
324,774,743,513,153,355,334,241
263,742,707,510,247,595,569,408
286,776,751,550,226,505,471,364
205,527,504,360,213,575,553,396
305,866,836,604,159,295,273,219
238,659,635,434,187,382,364,268
272,666,627,450,230,498,470,355
303,804,776,583,225,487,459,340
328,846,806,585,192,564,537,404
285,758,733,564,211,489,468,339
226,572,539,374,191,482,457,346
255,627,588,412,165,339,319,215
301,780,737,547,209,474,457,334
290,866,827,624,217,493,478,362
230,591,560,398,165,384,364,290
309,883,847,612,171,382,361,251
274,809,773,585,218,491,462,310
261,720,687,494,180,323,302,241
307,901,859,640,159,315,286,212
249,590,550,387,190,436,419,294
330,905,867,628,103,196,182,107
274,718,680,497,182,420,404,275
281,733,711,503,221,549,525,379
281,874,840,624,192,419,397,297
226,637,613,429,205,545,518,369
249,693,662,470,186,385,362,263
271,692,664,471,232,513,489,344
309,846,819,609,207,393,372,280
260,640,604,450,128,296,283,186
252,603,570,422,185,415,395,277
297,782,747,542,188,381,358,262
253,769,729,555,209,537,516,397
276,751,710,534,170,367,350,254
308,797,769,570,185,479,465,345
272,727,683,475,198,459,439,322
278,728,693,507,210,492,465,323
278,784,745,547,210,378,354,264
255,553,528,357,179,420,395,282
256,646,622,440,139,270,254,204
272,745,709,503,216,515,476,373
229,658,635,458,179,385,367,256
276,613,589,414,160,411,380,276
296,709,680,512,212,535,507,374
293,788,751,570,213,582,548,390
255,667,640,478,217,504,480,343
251,710,683,552,209,485,462,323
304,894,856,626,163,408,388,280
305,825,789,595,203,511,482,367
301,749,710,520,191,396,368,261
232,587,565,392,169,411,390,310
354,895,841,622,189,427,408,297
261,781,752,558,204,407,383,279
329,880,835,618,218,476,453,326
341,889,859,598,134,369,352,241
289,670,634,454,204,422,396,308
341,859,817,588,173,385,366,267
261,750,726,554,194,473,448,327
300,771,737,541,209,492,464,328
240,647,624,418,235,644,607,429
261,653,625,448,202,543,521,403
207,564,546,430,219,536,517,391
281,756,717,522,225,486,453,334
287,735,703,541,192,447,427,317
324,817,778,581,176,418,382,304
328,891,854,634,176,339,314,239
177,529,513,337,247,586,554,421
305,755,709,511,202,477,455,324
269,682,651,442,145,355,336,257
258,725,698,522,213,468,447,338
306,735,692,498,208,465,448,328
332,842,810,562,203,480,447,311
278,715,676,508,209,511,480,359
210,500,473,352,184,402,385,290
245,538,513,374,208,441,421,305
265,564,530,383,179,406,390,280
280,792,760,559,213,493,468,341
311,876,837,622,179,415,393,275
299,821,786,576,148,305,292,209
281,833,798,581,223,528,506,356
270,733,706,513,238,633,607,451
236,662,627,452,149,337,318,215
290,827,785,568,189,420,398,285
262,598,566,397,234,610,578,436
329,836,797,591,172,428,410,301
278,784,755,583,187,423,397,326
299,730,698,494,220,536,515,378
214,531,507,358,161,321,301,209
253,603,581,413,188,442,420,301
306,869,828,618,180,461,441,326
295,718,677,476,180,399,378,276
264,649,617,445,153,273,252,175
255,729,700,518,217,542,524,378
316,834,793,563,177,391,375,271
280,752,726,518,194,451,429,331
249,547,519,361,197,478,455,316
249,677,639,435,197,430,402,315
268,759,717,538,138,266,240,160
253,502,470,359,151,336,318,202
266,733,707,498,219,505,481,365
230,553,525,382,135,292,278,200
326,830,795,601,163,367,349,231
248,666,633,456,185,400,377,271
280,640,610,442,261,587,561,418
277,730,694,502,169,358,332,253
251,582,553,390,158,348,333,248
306,852,818,634,189,372,352,233
262,663,631,460,216,505,479,350
281,800,773,564,217,488,467,321
263,725,706,546,165,336,311,227
319,793,758,557,167,315,287,224
347,875,832,612,185,405,375,293
225,616,589,411,217,525,506,381
232,700,671,490,168,363,335,235
268,674,638,505,222,572,548,399
264,771,741,544,214,493,474,349
274,709,678,485,209,485,451,359
312,799,767,559,210,506,480,348
273,656,626,468,194,429,408,301
255,698,666,526,165,439,424,284
293,737,699,529,174,357,339,238
210,517,486,351,174,345,318,248
261,707,666,491,191,439,414,307
286,717,686,501,154,345,321,242
215,638,611,446,199,468,444,359
249,658,617,432,250,597,569,445
322,860,823,626,219,545,510,386
276,730,703,494,139,280,257,201
270,716,673,471,179,449,427,305
306,752,709,544,175,384,365,289
230,601,575,406,170,387,363,258
228,596,568,416,196,417,401,304
247,688,665,510,232,471,459,354
298,770,738,553,192,437,405,283
272,790,769,574,196,389,362,269
257,694,661,453,221,517,492,391
261,711,673,489,148,383,361,262
333,877,837,606,206,542,522,381
288,763,733,534,188,451,420,291
359,924,882,665,192,418,391,291
348,857,829,582,224,468,439,310
237,570,548,418,191,424,398,291
