289,760,720,550,179,326,309,206
254,652,633,475,138,303,279,193
256,684,657,447,155,403,377,281
287,786,755,572,173,376,356,236
316,714,680,495,153,307,288,224
191,394,377,278,177,360,345,265
288,628,600,433,186,420,405,303
295,770,730,554,173,379,365,252
270,628,603,475,132,305,282,193
209,585,563,417,178,365,351,240
226,606,583,392,152,306,293,198
192,448,427,295,219,490,467,334
280,641,602,431,177,358,333,246
301,730,697,510,191,396,368,261
337,810,763,565,188,404,392,290
223,569,546,387,176,337,316,226
341,872,839,629,113,179,171,126
362,854,805,585,158,313,295,210
264,595,574,428,157,317,302,215
282,618,579,427,154,264,249,174
366,889,863,635,131,212,199,153
242,519,497,350,168,376,359,241
309,779,742,540,121,227,215,160
141,246,223,155,167,330,306,236
282,750,720,534,182,334,315,226
292,778,743,569,159,271,252,182
279,667,641,451,124,253,240,172
282,563,538,392,147,329,314,228
246,581,554,385,156,293,283,198
249,545,511,377,144,321,305,215
285,673,641,464,135,294,274,194
206,432,406,261,140,232,217,165
300,768,726,509,118,256,245,175
319,850,818,641,181,376,354,251
255,584,552,432,192,439,411,318
278,684,650,451,132,232,217,176
350,764,728,531,180,345,330,247
254,553,523,389,152,290,269,204
326,910,861,643,171,325,305,227
270,585,556,403,187,469,448,350
272,659,635,491,163,393,379,286
244,688,665,535,167,328,309,209
248,497,465,325,199,435,412,302
216,496,468,329,148,329,316,228
207,504,484,341,182,348,325,242
316,849,814,607,138,238,226,152
270,633,604,420,122,225,210,161
309,800,752,578,142,301,291,215
263,724,700,523,156,326,314,252
274,707,678,467,179,328,314,216
219,617,591,414,155,372,355,238
271,727,699,521,171,360,351,237
269,616,587,444,190,378,352,248
311,774,742,560,175,322,290,232
283,753,719,540,163,359,340,245
274,633,599,429,147,262,238,183
278,637,604,440,158,315,299,229
255,686,662,490,131,356,334,243
244,604,578,424,103,153,141,115
314,711,672,511,138,262,250,168
260,576,555,369,138,324,312,224
266,668,643,441,148,269,248,178
293,719,698,492,149,303,289,213
197,476,459,301,151,313,301,219
265,638,609,465,174,338,316,240
288,731,688,489,187,398,373,265
265,596,565,391,173,329,315,237
239,534,515,359,110,170,158,116
231,526,496,347,128,206,196,144
282,725,691,515,163,360,346,238
254,623,594,419,142,274,255,190
230,616,577,402,124,295,279,183
281,696,662,516,169,350,336,231
214,492,467,363,132,230,211,154
282,740,707,536,247,574,551,410
311,753,724,536,174,361,336,267
299,735,700,496,175,278,257,208
303,790,748,562,136,259,244,160
227,596,577,400,188,391,368,258
330,822,795,588,101,220,206,156
296,758,726,551,122,267,257,170
334,842,811,579,86,120,114,98
292,866,844,638,173,369,350,264
296,824,788,591,205,374,355,255
306,727,698,526,170,353,340,244
309,734,701,510,182,366,351,258
267,623,586,431,125,246,235,155
245,580,555,392,130,251,240,194
309,658,625,445,108,136,120,106
310,706,682,510,171,329,307,208
279,585,548,387,167,377,358,249
235,613,592,424,169,316,291,223
237,545,514,369,182,393,374,297
261,617,579,407,137,276,255,198
330,851,811,621,195,438,410,327
333,835,794,590,168,375,358,262
235,643,617,471,151,262,251,179
315,812,783,576,136,262,237,166
273,690,655,463,179,324,306,220
269,700,667,485,181,419,393,280
334,884,859,642,172,354,322,269
270,622,590,441,128,242,225,174
255,644,613,426,150,257,249,181
217,626,605,447,146,290,272,210
310,739,705,528,140,282,270,204
313,790,762,586,132,229,214,153
278,642,607,449,165,365,332,239
300,723,687,516,170,374,349,265
299,703,666,445,155,331,313,225
287,691,653,468,251,475,446,326
268,651,617,480,139,252,237,177
259,612,581,395,211,458,436,301
259,639,611,431,140,296,275,212
211,532,513,387,186,407,385,277
310,768,744,595,160,365,342,248
251,580,552,372,211,458,434,326
334,820,785,632,145,304,290,216
244,577,549,381,131,239,218,148
273,714,682,528,194,421,403,303
169,397,378,260,230,400,376,268
266,664,618,470,158,352,334,228
241,576,544,392,206,480,459,363
317,752,717,523,192,367,342,241
272,661,628,475,173,393,372,255
273,681,655,471,127,249,235,153
300,735,707,494,155,352,336,230
246,592,563,403,166,342,329,220
205,511,482,370,219,469,447,343
271,686,658,503,140,266,251,191
256,682,653,475,175,377,354,283
325,700,674,473,188,459,433,310
270,649,626,472,177,413,383,279
331,769,730,544,141,227,217,159
267,688,650,489,136,270,252,186
273,659,626,442,149,333,313,233
334,856,822,621,153,306,280,216
228,564,536,380,176,323,303,237
308,688,653,482,142,222,204,165
252,654,629,432,148,289,273,192
286,672,648,468,118,217,201,143
328,780,743,550,143,344,329,231
289,820,788,600,172,272,258,185
238,576,551,396,133,238,222,168
160,370,349,255,157,281,262,214
345,826,780,574,156,300,286,191
256,526,509,342,123,212,199,147
225,472,454,299,136,244,231,150
369,891,855,639,157,286,275,206
288,716,691,544,139,284,257,169
296,740,710,533,135,282,268,188
294,703,678,476,210,421,396,305
274,623,590,418,196,412,388,284
254,622,593,415,139,279,260,189
251,589,548,386,134,267,248,183
183,481,453,294,143,285,274,197
261,676,641,467,157,338,319,224
224,460,434,320,177,420,390,326
266,750,714,547,120,277,262,190
302,794,757,553,159,313,294,216
331,840,798,581,177,309,291,230
246,590,556,443,161,311,287,217
197,567,545,412,161,307,286,212
264,693,663,456,191,421,402,319
268,607,574,423,189,386,364,281
307,713,684,509,195,439,425,310
244,656,630,442,191,384,362,271
226,548,522,386,133,263,249,198
285,674,637,446,122,207,199,142
283,679,649,487,201,431,409,299
286,684,642,451,190,372,351,261
247,578,544,389,94,205,186,149
299,707,676,480,141,278,263,204
256,662,623,480,164,380,361,267
295,756,724,526,156,349,331,242
294,740,701,526,173,379,359,270
295,701,653,461,196,458,430,339
326,858,824,626,124,248,228,154
359,814,780,605,171,368,345,245
295,748,715,521,239,473,443,306
261,751,720,521,122,208,186,155
284,709,682,491,188,405,384,292
231,540,511,336,185,405,380,270
265,587,564,417,157,349,330,244
318,729,707,531,163,392,374,298
300,730,701,533,142,296,285,205
279,685,654,502,139,338,329,244
250,673,644,472,216,494,466,345
339,856,819,598,144,320,304,224
329,798,761,563,150,360,351,227
307,696,655,497,172,365,345,257
298,803,769,587,147,295,277,182
329,795,759,561,176,362,344,256
274,719,693,533,140,277,263,203
256,704,676,512,203,503,489,378
235,539,505,396,173,366,346,241
244,558,532,386,142,315,297,228
274,765,736,516,165,375,357,267
344,768,734,527,197,404,385,269
250,656,614,461,161,290,276,202
366,846,806,596,180,365,344,250
298,726,696,510,198,409,388,280
270,647,625,457,134,239,217,168
247,636,605,431,132,263,250,189
344,831,781,559,134,291,275,187
230,642,617,465,157,337,323,248
272,646,616,434,124,236,214,174
276,732,704,529,205,449,432,325
268,610,578,412,153,255,237,179
255,593,567,401,127,202,189,143
282,636,613,444,100,153,140,107
270,565,547,427,127,227,215,150
242,547,515,370,137,227,204,154
264,632,596,451,198,343,329,236
234,608,587,428,188,369,354,245
272,703,671,491,160,329,317,232
289,713,675,495,154,276,252,204
270,650,614,434,168,299,285,214
295,560,527,371,159,339,323,233
276,677,639,486,231,542,518,388
276,698,665,515,169,338,319,233
215,556,530,376,143,288,274,193
226,580,554,396,147,282,265,222
289,652,629,433,149,344,326,235
286,554,527,387,141,316,303,226
281,723,693,497,238,498,478,355
291,682,641,484,148,341,322,231
316,748,715,522,175,336,324,231
326,860,831,625,185,329,312,253
234,591,561,423,144,309,294,230
256,571,543,367,195,367,346,237
303,756,706,530,137,245,231,163
308,727,684,500,157,317,297,220
296,621,589,428,163,284,270,191
287,674,641,442,192,402,373,303
283,765,743,552,149,281,264,184
307,691,667,498,148,350,333,244
283,774,750,560,152,278,257,202
327,777,746,535,97,135,126,104
331,787,761,563,136,264,247,173
330,836,803,616,140,272,256,173
237,641,616,467,143,273,255,180
245,611,576,415,181,371,356,286
297,809,767,572,160,403,384,308
241,673,648,506,128,242,221,169
238,585,555,379,177,478,458,357
309,782,753,556,149,334,314,237
193,387,362,245,156,303,291,227
304,758,729,528,204,482,452,344
246,606,571,433,142,338,329,226
224,650,625,453,173,387,363,272
302,809,775,558,138,302,287,192
203,527,512,333,177,406,389,283
312,753,720,532,143,282,266,199
295,760,733,573,189,454,440,335
241,603,575,427,201,399,380,267
294,699,677,511,123,235,224,166
334,822,789,566,144,253,237,173
278,614,579,419,148,289,270,194
300,706,676,493,173,376,355,252
227,498,470,320,212,436,407,304
299,789,759,557,178,334,310,245
284,718,690,541,152,332,316,225
322,748,714,544,188,462,434,318
249,581,553,414,186,430,413,308
299,761,728,523,206,445,424,325
328,804,756,564,171,333,310,239
227,544,517,369,138,279,260,187
303,674,646,443,173,366,349,243
324,842,810,629,194,337,316,240
263,616,586,430,157,349,332,209
264,727,690,506,183,414,396,272
233,496,475,347,179,383,369,254
277,688,664,479,186,386,364,284
298,788,759,577,144,283,264,198
300,627,582,422,136,292,270,188
271,670,637,468,118,231,222,155
231,627,601,473,150,339,326,237
246,577,553,394,168,331,320,231
306,768,743,540,183,379,358,256
254,681,657,500,165,293,277,199
300,707,677,480,177,341,325,231
274,714,684,504,165,321,309,228
310,647,613,472,164,311,298,228
324,793,754,530,151,271,260,181
256,615,586,424,142,253,233,170
232,501,477,322,134,272,257,174
258,585,559,405,157,320,299,226
239,599,562,402,161,303,286,206
222,513,491,382,173,414,389,282
262,708,682,506,146,304,281,208
349,725,693,534,156,365,347,256
236,607,578,411,157,336,316,247
310,762,718,520,149,273,255,181
232,492,466,358,190,397,373,267
322,736,703,514,171,319,302,241
259,706,669,481,171,376,364,259
234,608,582,412,145,268,254,177
253,560,529,384,163,325,301,241
288,769,741,547,147,312,297,207
308,735,688,479,118,231,215,179
185,520,502,377,126,229,215,153
285,636,605,441,187,372,350,271
304,825,795,594,104,173,156,127
254,678,642,450,240,512,483,361
246,534,504,380,165,285,265,202
281,684,646,487,113,187,166,127
240,606,584,439,98,180,168,116
321,775,743,542,203,421,404,300
331,866,822,645,233,491,462,328
218,534,515,337,136,280,266,176
293,735,693,514,150,383,367,264
340,784,744,566,137,292,274,180
302,707,668,516,145,280,272,179
308,764,723,532,153,370,357,276
269,635,612,416,211,499,474,350
274,729,696,554,192,440,424,306
222,521,503,361,174,425,405,295
304,744,710,522,183,334,314,247
229,571,539,415,131,253,236,170
261,616,586,412,120,244,227,169
282,782,746,569,146,267,251,178
291,695,661,468,215,449,417,312
303,726,703,522,114,196,185,142
273,627,592,413,183,408,384,293
333,746,705,561,202,438,412,311
294,719,685,504,153,258,240,175
246,478,445,319,116,191,178,111
335,811,774,550,132,260,239,187
200,517,488,339,143,315,299,215
351,863,832,606,163,321,305,238
339,835,807,626,121,226,221,175
256,609,575,394,134,301,286,193
234,566,544,353,186,355,334,231
273,678,646,476,251,595,564,427
301,689,655,453,165,321,307,232
254,606,585,412,145,261,243,191
361,860,832,629,146,269,253,180
256,602,566,380,228,453,425,320
270,621,586,438,135,259,240,177
339,830,797,595,132,233,215,151
314,829,796,577,204,385,358,271
343,800,757,570,131,252,234,181
314,740,695,515,116,177,167,127
270,666,632,454,181,331,306,225
245,614,590,429,170,317,292,202
261,661,636,450,159,385,373,259
259,660,631,457,137,309,289,218
235,573,552,445,185,374,356,257
380,887,855,635,178,337,319,252
302,747,702,487,164,287,272,184
307,787,743,550,222,475,445,347
332,823,786,612,160,322,307,228
255,632,608,427,175,340,316,232
294,646,609,447,130,206,194,141
295,744,710,529,134,290,276,176
234,524,499,341,172,272,251,189
246,614,588,421,150,295,283,216
292,792,767,555,186,376,357,277
231,709,686,514,174,292,273,193
269,581,551,397,164,283,254,174
277,620,597,405,164,362,344,241
312,823,781,606,162,354,333,238
278,602,573,422,157,349,327,232
320,793,753,569,143,258,243,174
295,715,684,495,143,303,286,211
294,695,665,500,206,471,444,361
185,512,487,317,163,289,271,194
281,695,658,500,184,381,357,266
355,804,758,604,139,265,250,191
271,718,680,516,151,311,293,224
303,738,706,510,148,315,303,203
263,651,625,462,178,398,380,281
228,541,515,372,177,391,367,254
276,686,653,479,157,305,287,219
324,771,744,572,170,369,352,265
244,601,569,422,182,376,361,274
302,704,674,458,195,489,465,386
255,551,519,362,151,322,304,214
330,807,769,568,118,171,151,121
326,857,822,637,137,254,241,177
264,598,565,412,197,339,317,235
347,738,697,503,173,311,294,221
228,503,475,360,224,474,442,329
252,585,551,416,176,363,343,256
296,646,605,434,175,348,331,255
291,746,718,516,189,403,384,259
260,535,500,378,190,372,356,268
338,809,767,569,210,418,392,288
284,737,712,503,177,329,307,209
347,863,829,622,145,291,268,195
200,489,469,348,106,195,178,146
305,812,783,570,164,450,431,303
261,654,616,460,157,345,329,241
260,653,625,454,185,376,349,274
248,666,628,451,121,247,233,176
232,536,501,351,189,461,440,326
330,724,686,496,151,288,263,198
252,680,644,475,137,284,268,203
255,560,532,370,137,218,202,155
304,782,748,549,145,256,239,176
289,811,774,575,132,285,266,198
244,647,622,463,169,299,287,215
272,622,592,420,178,390,366,275
234,568,538,384,127,329,304,228
254,615,588,422,218,433,410,304
238,586,560,407,149,294,277,187
283,799,769,598,195,388,363,251
284,761,731,550,176,314,292,234
253,593,568,416,183,372,352,243
272,658,629,438,184,381,353,266
259,632,603,432,101,169,161,124
327,754,714,556,147,328,310,212
203,474,445,338,167,289,267,191
293,812,782,588,188,349,331,254
240,550,527,364,147,306,286,226
356,818,772,556,147,283,270,192
214,479,451,313,179,358,339,243
266,632,603,422,103,183,165,125
234,584,563,395,150,312,302,202
318,823,788,595,170,359,340,260
277,668,637,453,116,264,258,181
258,642,614,418,208,477,447,323
315,888,854,632,206,426,406,262
192,475,448,328,164,356,344,219
313,734,700,520,177,318,298,241
255,587,561,388,198,437,414,293
293,716,686,492,151,271,251,196
260,626,593,423,256,512,495,369
280,732,711,510,144,313,296,224
313,802,780,580,173,341,325,239
251,535,505,342,166,349,340,241
218,586,557,414,137,249,236,179
301,701,673,473,151,297,280,188
250,642,613,491,177,347,326,251
232,539,507,364,104,219,206,150
371,868,833,643,180,346,333,250
267,629,601,451,160,391,371,263
300,802,768,597,250,515,489,374
286,724,683,488,161,319,298,205
225,447,421,304,180,358,334,270
255,603,579,404,200,420,393,313
368,893,858,650,166,350,334,241
266,608,581,424,246,495,470,368
227,594,576,425,169,367,344,248
305,788,756,556,161,366,344,241
217,483,460,305,149,270,251,185
292,774,735,584,115,220,205,163
248,572,542,403,190,410,377,283
344,815,780,572,129,249,237,184
212,442,410,311,145,292,273,198
288,736,702,525,160,330,315,214
235,530,501,387,174,403,381,281
312,864,839,642,115,270,253,170
308,743,708,543,190,362,347,257
250,566,533,421,106,208,190,136
265,591,572,436,139,274,253,207
317,724,684,488,180,394,376,278
303,786,757,569,193,368,346,251
266,583,560,399,157,241,219,177
282,646,614,450,198,433,412,293
324,784,744,538,209,492,465,354
307,744,706,527,164,319,299,211
239,539,512,373,146,285,271,191
214,544,517,345,147,326,317,219
258,534,509,371,239,544,518,377
339,784,742,538,130,268,253,182
308,681,651,466,155,335,320,242
318,735,703,510,179,359,341,248
253,612,583,427,158,351,331,232
288,778,744,547,183,334,313,233
246,561,521,346,101,218,201,144
278,660,630,456,169,286,268,191
317,877,853,649,225,497,474,356
328,908,868,647,164,286,270,195
181,439,416,291,184,412,390,278
210,472,456,287,156,288,268,189
232,592,567,414,253,583,560,406
340,789,758,549,135,260,250,202
267,615,586,442,159,324,314,223
267,797,768,554,199,450,420,317
332,936,896,658,133,303,288,204
297,694,648,465,146,251,227,169
260,676,653,488,134,278,266,207
320,865,835,647,156,341,315,234
323,783,752,542,135,298,282,222
248,711,679,482,133,249,227,184
300,777,740,565,158,373,355,242
286,640,596,432,199,432,406,312
339,884,857,631,185,335,318,225
220,585,555,419,193,393,370,285
285,699,663,479,154,318,299,208
282,657,627,465,136,276,266,194
240,560,531,399,169,338,319,234
247,572,539,373,170,326,310,207
327,825,784,582,185,510,496,353
254,646,616,435,121,278,266,176
303,841,811,623,183,365,340,244
206,397,373,280,199,353,336,248
217,538,511,342,212,413,388,294
230,530,504,369,130,277,267,205
310,825,799,593,137,266,246,190
323,732,699,550,162,341,329,227
270,571,544,371,119,184,165,118
292,662,636,448,182,396,378,293
286,704,687,493,226,488,470,339
300,597,567,411,148,333,323,228
258,665,641,447,162,374,353,263
307,762,728,527,125,252,239,179
293,695,652,480,151,263,244,180
218,559,528,370,145,239,226,169
272,644,616,454,100,171,163,118
313,783,744,556,121,190,176,141
244,626,602,424,200,472,451,342
261,629,600,407,156,310,291,225
375,861,819,568,162,345,329,254
231,527,507,400,217,483,460,344
379,911,878,655,132,237,231,157
292,663,634,453,148,309,294,209
267,660,629,430,170,367,347,256
274,686,653,484,156,368,344,252
285,656,629,477,141,233,214,154
208,498,469,327,181,350,330,250
225,535,513,369,147,275,262,198
324,754,717,555,208,419,393,310
229,556,531,379,210,367,344,266
301,648,613,454,115,229,213,173
308,805,766,551,157,289,271,187
250,639,621,454,145,300,282,216
284,651,623,477,186,370,355,256
304,652,622,430,144,294,278,199
260,590,553,388,199,456,432,320
344,869,819,600,122,223,213,155
242,632,603,442,154,306,289,226
316,713,684,510,147,270,255,185
207,501,479,330,195,432,411,305
318,844,814,605,139,274,261,196
361,797,762,583,121,203,189,126
361,857,824,628,135,311,291,196
285,636,614,443,152,324,301,199
339,820,780,603,197,414,388,277
337,916,887,643,111,237,227,171
281,702,672,527,147,268,255,196
226,582,556,447,166,398,381,290
289,642,604,450,133,232,220,157
210,570,551,389,193,440,425,324
257,629,596,447,240,569,550,421
252,621,583,401,198,422,401,300
290,818,794,559,200,435,411,301
312,727,693,535,133,230,208,180
317,705,668,489,146,232,213,169
316,657,628,441,146,278,263,205
265,611,576,408,158,336,319,237
281,707,680,502,210,357,345,257
214,639,611,447,167,390,369,265
280,684,642,455,150,296,278,214
268,684,655,471,194,458,435,316
296,710,674,522,132,270,250,169
161,356,339,238,184,384,362,247
316,709,669,529,126,242,221,168
353,861,825,623,149,321,302,192
294,712,668,480,135,331,314,224
317,761,728,572,227,501,475,365
334,802,752,537,174,388,365,288
255,567,537,391,174,359,329,238
281,735,708,534,245,464,433,317
314,839,800,607,139,247,225,171
236,556,522,387,200,395,375,267
298,656,630,450,146,339,317,224
248,652,628,464,195,460,446,339
221,543,517,380,122,271,259,205
300,681,643,490,154,331,312,229
328,856,808,617,128,261,252,178
206,506,484,350,136,264,254,197
231,548,526,365,214,471,440,325
363,773,735,547,149,314,287,220
280,694,672,468,148,245,229,169
269,819,781,605,141,274,260,191
260,671,631,440,104,180,170,122
253,660,635,477,121,256,242,176
254,659,629,462,109,165,147,114
226,557,521,391,190,404,386,280
225,526,499,344,173,398,378,260
223,489,459,313,140,256,247,181
301,685,648,458,113,245,232,172
287,801,772,561,154,331,308,215
242,547,527,405,165,342,322,214
251,593,557,412,158,268,254,199
271,688,661,495,174,326,301,246
343,845,808,588,181,353,340,222
363,862,820,585,138,255,241,187
261,585,549,419,213,499,478,360
220,456,434,299,134,264,246,191
278,748,712,530,205,387,359,262
308,721,696,487,226,510,485,330
312,803,771,560,155,322,305,235
306,694,661,479,100,185,168,144
256,545,516,362,159,267,256,187
259,679,657,528,230,583,555,419
235,569,547,395,171,361,341,235
272,649,613,425,156,367,351,260
317,814,784,580,192,385,356,282
270,622,584,413,163,324,303,233
306,816,781,570,114,207,189,153
262,639,609,442,165,347,324,239
332,761,723,506,187,385,350,261
282,759,733,525,143,290,272,220
315,824,789,617,135,262,247,163
325,775,746,535,92,177,168,126
246,572,543,376,167,364,343,254
234,694,666,478,227,521,496,376
247,607,586,424,174,317,299,215
248,601,572,412,210,404,385,274
251,708,681,512,187,421,407,305
248,604,576,400,140,295,277,236
240,551,521,363,208,437,411,302
256,633,602,449,139,358,338,258
314,769,734,523,116,203,191,147
302,793,753,553,136,307,295,222
274,687,651,475,145,269,248,192
302,801,776,565,139,238,223,171
279,643,608,422,140,294,278,224
228,470,451,327,156,312,293,222
302,768,735,527,121,260,247,174
320,741,704,480,137,274,257,186
257,677,649,452,141,235,220,155
258,668,630,466,122,239,230,166
276,619,589,434,159,314,290,221
222,593,567,401,152,326,309,233
291,707,675,493,156,321,306,236
310,772,731,551,177,355,340,277
278,707,678,513,147,333,311,230
300,718,679,493,156,247,216,181
273,744,710,537,144,260,238,174
229,595,570,412,118,268,257,177
241,561,536,389,185,426,407,339
214,532,506,353,171,352,325,239
228,471,428,313,109,210,197,148
282,767,740,544,158,352,330,244
196,525,504,357,165,350,334,224
226,554,526,364,175,354,342,253
321,885,854,638,167,383,359,268
321,646,598,461,158,291,274,186
294,746,723,538,185,386,367,263
332,822,799,610,188,397,380,285
334,812,779,590,152,309,286,216
338,799,758,565,147,279,261,182
303,693,659,454,164,380,366,278
265,639,610,439,173,316,287,226
304,740,703,504,161,346,331,239
321,905,869,658,177,328,314,226
306,723,674,530,171,302,283,217
314,816,778,607,191,422,405,294
319,755,714,516,111,193,174,127
202,541,524,401,165,380,364,255
327,860,823,629,125,230,211,139
177,385,361,253,208,431,406,312
354,838,794,587,168,320,304,233
187,526,503,339,151,282,267,179
260,532,495,348,163,290,281,214
277,697,655,486,133,207,192,145
198,492,473,307,165,337,323,243
350,827,792,612,174,366,347,252
238,580,550,367,127,254,235,155
285,685,654,465,190,429,407,291
274,708,676,502,218,433,411,327
273,614,587,401,210,402,380,279
309,730,695,551,126,230,213,161
221,464,441,324,132,264,249,175
335,843,794,596,166,313,294,219
240,566,538,361,148,329,320,217
199,402,376,249,155,292,281,217
244,627,593,440,182,407,387,284
268,772,747,541,176,394,366,278
299,697,673,484,173,354,332,271
236,516,496,382,139,297,281,218
230,500,472,323,189,388,366,263
281,707,679,486,165,345,333,223
245,635,607,410,159,308,295,212
231,456,429,295,142,272,261,184
299,653,617,451,171,277,261,174
338,829,797,597,157,309,296,222
316,686,660,463,153,329,310,231
259,614,577,408,177,351,328,252
291,672,634,467,160,334,312,224
153,402,381,262,157,319,299,254
319,767,734,550,154,270,255,194
209,465,440,317,211,455,425,304
278,720,682,514,143,302,281,206
268,586,549,366,164,356,335,241
208,463,434,284,120,171,156,134
289,607,584,415,133,288,274,195
244,541,512,368,176,398,378,287
284,652,620,450,145,346,327,227
231,545,526,356,183,397,373,283
274,538,504,345,191,429,412,322
224,561,541,367,126,291,274,204
241,673,652,463,185,358,335,231
243,636,599,433,145,356,336,251
146,369,357,237,158,308,292,222
231,561,527,369,100,138,127,103
283,602,571,412,182,400,385,268
323,877,841,599,178,354,340,248
314,710,671,514,184,315,289,233
186,437,407,299,161,290,275,217
301,710,687,505,149,259,246,172
332,785,748,544,171,369,346,260
206,521,488,354,130,249,230,170
351,888,856,613,126,222,206,158
313,805,775,591,146,294,279,210
330,782,751,563,179,396,372,288
224,588,570,416,191,470,440,332
320,777,734,542,184,328,304,240
270,873,836,643,142,242,225,169
349,826,790,601,137,296,283,193
285,649,621,421,139,225,210,161
204,502,472,339,142,272,257,183
284,784,745,549,144,279,259,191
303,737,695,504,167,364,348,246
258,581,551,395,185,408,389,290
335,817,770,568,164,328,307,253
205,599,568,416,195,420,397,293
221,490,466,363,197,467,450,342
242,630,606,426,144,306,288,211
354,859,813,628,132,262,240,172
302,742,710,543,172,302,278,201
250,604,572,426,131,225,209,154
355,915,870,656,210,468,439,304
246,580,541,377,170,330,309,224
212,460,433,299,113,188,175,139
261,613,590,428,125,252,240,177
280,758,718,529,138,324,305,234
333,804,763,581,141,256,239,164
317,858,830,592,104,269,254,162
228,607,584,423,155,302,278,204
290,801,772,559,193,399,379,272
286,767,729,561,156,280,261,197
283,729,699,495,158,325,313,232
267,569,532,374,165,394,376,261
296,701,672,483,156,334,315,226
225,445,415,297,152,268,253,193
295,705,674,520,162,303,283,220
285,623,596,426,146,289,275,182
268,730,694,485,165,337,316,263
219,485,457,303,181,370,345,285
233,520,497,336,117,234,221,171
288,722,687,502,174,368,349,256
256,543,515,361,193,419,403,287
264,715,691,510,124,270,261,191
261,681,641,476,203,377,355,263
294,725,695,498,181,334,313,246
232,511,482,350,151,352,329,237
275,689,656,469,163,276,265,206
256,665,638,434,185,414,399,296
214,479,450,316,123,215,204,141
193,404,382,287,168,308,289,213
257,654,624,431,116,258,243,167
263,629,600,439,107,233,222,148
276,640,606,426,158,322,300,224
220,477,450,306,249,479,457,353
324,832,796,589,159,300,284,197
293,629,591,408,204,419,392,312
207,449,428,321,147,281,258,192
259,610,584,403,164,359,337,266
307,702,667,495,137,283,266,191
290,662,626,470,163,346,324,212
290,745,709,512,179,319,302,232
296,662,635,440,194,414,392,295
263,610,574,397,168,291,272,196
213,487,466,316,202,375,357,268
288,773,740,563,167,374,358,255
371,893,850,628,158,276,264,175
241,592,562,386,119,239,227,175
275,705,671,501,166,308,290,195
311,716,676,511,164,363,341,243
280,720,690,507,140,250,237,193
248,542,511,355,165,329,312,220
275,625,593,432,163,341,319,250
315,800,765,572,185,397,369,274
338,790,764,543,100,210,195,146
210,433,414,322,166,407,390,314
212,487,463,351,189,366,346,262
352,794,755,573,170,340,320,232
275,681,651,485,157,251,232,179
280,719,690,510,195,409,380,281
271,692,664,473,150,273,250,190
322,795,761,572,145,300,284,200
339,828,798,587,126,222,204,163
247,546,518,364,147,312,295,222
316,815,781,559,128,276,260,192
332,845,806,594,125,221,202,151
272,667,637,464,201,476,451,354
262,578,549,364,137,301,280,225
235,666,642,496,153,353,332,235
221,586,559,397,136,245,227,171
214,501,474,326,148,292,269,210
316,687,658,451,180,339,322,233
266,586,558,439,139,280,269,192
300,766,734,566,177,439,410,310
256,573,542,366,177,361,336,240
334,798,760,558,142,255,246,183
277,659,633,460,144,334,319,235
263,610,582,458,175,403,388,268
247,576,556,389,164,318,303,244
247,563,536,404,123,239,225,155
313,852,815,599,157,342,324,232
246,628,597,459,113,204,193,146
299,762,733,522,133,249,231,178
288,693,657,472,122,213,196,148
294,673,645,453,196,365,340,245
325,703,667,510,186,378,347,262
253,665,639,461,198,396,373,283
252,642,617,439,164,336,317,249
176,443,426,337,140,223,209,151
256,631,607,435,99,152,143,113
309,824,775,579,141,321,313,210
309,785,752,548,159,289,260,204
251,701,673,499,159,328,307,217
254,607,592,411,234,498,472,341
304,757,723,541,169,416,390,298
321,718,685,502,87,124,104,92
249,661,644,463,116,234,220,145
305,789,747,546,169,325,313,231
346,818,781,601,107,192,181,116
215,472,452,337,133,273,253,177
298,617,586,407,115,204,191,137
194,457,437,319,170,359,337,252
360,803,753,524,164,352,333,242
355,911,879,672,224,571,545,394
333,892,852,642,167,361,345,230
322,765,739,550,126,234,222,161
276,550,522,408,166,283,261,204
289,628,603,415,167,334,315,226
286,747,715,535,184,310,296,231
339,844,814,599,144,287,273,210
355,798,756,547,134,255,236,159
266,656,614,459,205,416,396,295
223,546,518,357,129,242,234,167
251,627,600,433,178,371,351,249
323,765,734,518,172,303,278,212
295,684,645,460,174,335,316,222
259,607,579,459,178,347,325,242
336,822,791,620,152,305,284,213
293,819,785,591,168,333,313,228
238,470,439,324,173,345,332,240
328,853,820,608,219,571,542,397
289,701,664,531,165,363,344,263
246,672,650,470,217,422,396,275
278,664,629,476,194,462,440,333
261,552,518,365,112,234,218,153
244,583,557,384,191,401,382,268
265,574,547,417,141,306,292,199
237,480,455,294,161,376,362,273
320,713,678,506,155,332,311,221
239,500,466,348,141,227,214,167
354,875,834,619,232,502,484,374
315,820,783,600,141,300,274,221
359,853,812,616,128,201,187,149
248,575,538,379,140,335,319,230
322,860,822,601,158,328,311,208
252,636,610,436,155,310,282,205
297,615,589,409,125,185,171,135
263,593,569,401,130,220,211,149
333,804,771,562,135,238,225,158
256,580,561,411,160,344,326,240
304,727,700,505,115,181,162,116
209,569,540,415,158,272,249,180
304,720,689,496,169,391,375,261
189,551,524,346,110,213,201,145
301,690,653,484,202,454,428,292
320,778,740,560,136,248,223,170
254,482,448,299,132,274,258,185
219,554,525,417,152,296,282,221
297,721,691,491,173,321,305,207
276,734,708,497,177,352,332,246
317,744,703,509,176,372,356,262
252,731,691,537,121,223,209,155
300,870,847,629,156,259,248,197
292,795,767,571,149,294,278,199
276,677,646,451,130,210,195,159
332,783,753,555,133,242,227,171
278,627,602,418,90,178,162,124
349,831,797,598,227,518,488,354
320,773,748,523,126,264,247,157
331,831,797,601,144,279,270,190
374,922,883,655,219,465,448,313
287,658,614,449,157,374,349,250
279,681,651,445,159,341,322,246
297,781,755,558,186,373,356,249
231,553,531,380,146,285,265,189
270,611,589,423,155,312,291,213
303,608,579,416,179,322,302,216
289,677,645,472,146,271,259,185
202,479,462,323,156,281,261,200
206,450,427,306,175,402,390,279
264,642,601,437,158,300,280,200
253,515,489,348,148,299,284,192
320,810,782,595,126,193,177,131
291,601,570,415,165,289,269,194
298,700,668,474,200,362,328,244
307,632,593,442,142,312,294,204
351,844,801,606,125,199,190,146
342,892,856,624,179,354,336,247
337,795,752,563,140,302,283,208
340,780,748,536,96,186,177,132
225,473,444,323,112,187,172,126
307,821,777,599,149,327,309,217
293,756,720,540,134,256,237,161
293,763,733,531,125,207,192,154
286,705,678,468,137,252,236,172
266,710,682,512,151,328,314,205
298,642,611,428,152,239,223,181
215,510,486,344,153,283,266,200
312,836,808,613,203,468,446,310
344,804,761,560,158,287,275,218
320,745,708,508,158,328,305,220
286,635,610,447,191,411,390,300
320,808,763,576,113,199,182,130
334,849,818,593,109,214,203,148
318,744,707,519,120,259,241,182
296,722,670,494,112,174,163,127
235,637,620,433,191,390,369,264
303,719,691,511,157,225,203,148
303,780,745,567,200,536,508,388
266,670,638,451,197,400,382,263
312,783,743,541,189,396,372,269
336,812,774,575,209,510,490,360
240,606,579,433,149,265,246,174
271,605,568,406,212,502,484,373
251,573,546,381,179,335,314,214
275,646,622,453,96,200,191,145
276,577,540,390,201,394,369,263
259,701,672,494,170,291,269,207
229,615,589,436,162,330,312,241
308,746,707,512,146,243,228,160
328,786,755,524,177,403,384,263
309,848,822,588,182,384,369,298
260,674,636,465,237,447,415,317
295,636,599,412,160,378,357,280
326,703,670,449,211,478,451,335
351,826,782,582,188,356,339,237
216,427,400,285,156,291,283,222
234,569,534,392,153,286,269,179
291,707,668,464,179,338,320,231
265,682,647,466,168,306,289,214
291,609,569,406,166,336,313,236
343,862,831,604,237,451,429,308
272,648,624,445,174,391,374,259
288,690,666,483,219,482,452,329
301,758,717,549,136,234,220,152
328,893,855,624,127,239,225,178
359,840,798,595,151,273,256,175
222,557,533,363,117,207,196,145
330,889,859,625,172,382,365,280
332,850,816,618,181,491,464,351
253,612,564,416,140,295,278,193
232,552,515,368,139,253,240,175
261,673,646,485,181,355,346,247
258,618,576,429,187,374,350,241
271,682,647,482,93,189,178,116
247,647,622,430,134,218,209,158
238,632,605,431,174,358,342,257
333,745,713,527,133,203,181,140
306,680,644,451,146,301,286,203
191,464,444,296,162,335,316,230
288,701,670,487,94,166,157,124
310,722,680,512,167,361,333,249
386,955,907,682,182,425,396,287
214,487,463,307,160,340,325,225
333,831,798,602,179,350,328,237
248,549,507,389,222,480,450,351
256,697,664,542,168,271,256,196
307,763,723,550,126,223,206,132
218,559,534,394,169,379,358,286
319,818,782,578,168,341,329,249
264,632,603,457,163,283,266,213
268,625,588,444,162,377,357,269
305,745,711,535,204,427,404,305
368,852,818,610,166,356,337,250
268,619,594,446,162,309,287,220
287,774,742,558,104,233,223,149
248,552,520,394,186,431,412,290
310,630,597,431,205,432,407,276
336,813,783,583,149,344,320,239
296,746,716,518,237,608,586,439
218,539,512,365,144,313,293,207
253,617,585,414,139,210,203,163
315,782,748,557,128,196,179,132
341,939,910,682,117,228,213,161
271,526,496,383,169,376,351,256
228,523,491,353,138,256,242,159
196,449,428,307,113,194,182,138
232,610,582,429,200,421,408,303
277,683,661,462,132,284,269,194
229,561,532,406,227,412,386,292
240,521,495,352,181,432,418,327
361,863,819,606,129,295,280,216
279,589,560,393,156,299,284,219
323,821,788,593,157,344,324,216
233,597,574,410,142,306,294,207
264,607,587,458,136,282,261,192
276,760,728,536,166,334,314,223
231,626,596,436,141,245,228,169
294,751,722,526,188,426,403,297
278,690,657,477,70,91,83,70
353,825,785,570,124,255,243,188
256,633,601,409,149,320,298,207
241,612,588,450,141,265,253,174
187,535,513,376,165,356,342,269
287,668,636,450,149,294,279,184
337,971,944,726,94,156,143,118
292,762,732,544,143,286,270,195
291,681,658,493,176,339,315,231
339,886,845,620,147,348,336,251
249,560,535,410,184,410,388,307
307,766,740,565,176,371,348,227
275,681,643,468,154,326,308,235
310,703,674,468,167,322,300,214
280,678,645,506,198,385,373,268
308,580,552,379,153,279,264,205
283,660,628,446,164,272,258,198
247,640,617,450,176,340,316,232
271,637,606,432,203,456,444,321
206,413,386,251,97,242,231,162
301,817,780,571,119,229,209,158
289,812,777,581,102,193,182,139
230,594,570,405,148,313,293,209
332,803,760,544,171,337,315,221
200,529,501,346,108,208,198,147
200,439,419,295,162,316,303,226
256,607,578,406,140,325,312,242
275,684,648,446,123,243,228,173
251,546,525,386,200,415,396,280
349,859,819,608,216,453,423,346
272,737,709,513,187,369,344,274
180,440,417,276,145,291,277,195
294,723,692,493,190,411,390,292
218,418,386,261,201,374,356,272
307,789,753,564,135,252,243,175
232,554,521,370,190,395,367,258
262,634,605,435,190,429,413,292
266,614,580,413,194,428,397,292
287,692,665,477,112,172,160,123
238,562,533,370,160,284,269,209
215,458,439,324,185,367,343,257
326,846,800,587,167,319,300,224
261,599,569,401,170,298,282,198
255,615,588,390,117,221,206,156
323,775,743,569,188,299,276,211
292,678,643,478,162,376,354,283
267,623,592,442,159,323,306,213
362,877,834,628,200,445,425,326
331,837,819,579,206,315,299,225
268,579,548,386,136,253,233,189
241,625,595,444,128,254,243,199
241,655,627,463,179,397,376,279
351,883,840,617,199,357,345,258
329,797,753,570,120,174,157,129
331,837,796,579,126,275,264,198
280,633,597,462,141,257,240,195
255,787,760,558,113,249,237,178
310,790,756,551,170,377,366,253
286,598,564,404,174,409,389,303
293,688,659,450,212,521,490,371
295,745,716,517,178,396,376,286
298,692,650,472,154,304,284,227
270,653,616,459,145,232,217,168
266,560,530,372,131,249,232,170
266,767,735,534,136,337,322,231
247,705,678,525,186,393,365,280
237,554,532,389,170,309,292,217
242,603,573,389,160,319,302,237
247,536,508,364,220,502,487,368
229,575,554,396,135,230,216,166
224,550,522,380,145,255,245,177
224,531,506,376,155,321,296,208
284,709,676,515,152,299,285,228
253,666,644,472,177,379,360,265
259,645,622,453,110,139,126,90
233,525,497,377,197,436,411,307
303,760,735,538,171,349,329,238
314,768,733,556,171,379,364,287
282,785,759,587,129,281,271,175
260,682,658,492,141,221,201,165
308,820,790,581,200,379,359,277
292,705,666,489,120,172,155,126
316,720,687,506,131,263,248,170
249,604,576,415,139,250,231,177
234,525,501,371,175,388,369,270
213,561,527,384,159,383,359,249
247,569,538,379,113,195,181,152
322,769,729,551,131,237,222,186
290,742,707,535,192,395,365,285
341,867,837,618,171,369,350,240
233,553,522,396,177,352,328,229
333,803,768,582,131,247,225,175
283,702,669,497,176,335,304,235
272,612,580,417,127,290,275,223
330,901,857,635,173,337,316,228
234,605,578,401,237,477,450,343
274,740,726,511,155,296,277,198
260,635,607,438,132,262,245,190
206,473,449,303,172,370,359,272
374,804,772,561,151,328,316,256
336,752,717,524,162,310,288,211
279,696,659,479,154,310,289,216
308,785,755,578,140,302,283,197
225,540,517,339,151,285,264,205
297,778,739,553,149,288,274,201
336,848,809,614,155,253,232,168
292,802,770,595,181,393,375,271
272,626,605,414,167,263,246,175
344,902,870,658,140,283,264,194
242,656,620,478,193,362,345,265
280,755,723,536,149,341,320,233
200,503,481,335,185,328,314,219
316,752,722,532,182,363,342,230
294,720,688,521,170,354,328,240
281,659,614,464,163,353,335,235
246,654,612,463,133,271,256,175
268,732,704,515,120,196,177,142
260,591,561,393,233,528,500,355
187,451,431,306,209,459,436,337
342,877,823,633,140,259,247,165
277,703,675,521,144,269,255,190
210,438,417,324,163,389,369,264
302,683,651,484,159,267,248,184
301,743,700,481,205,536,512,369
294,707,669,504,160,280,269,187
295,709,675,493,147,314,296,245
244,585,557,371,167,339,317,239
354,843,804,595,128,260,241,167
223,581,562,392,252,509,481,343
321,784,748,563,207,442,417,292
218,509,490,364,164,254,235,170
306,782,755,537,191,397,380,283
334,839,798,604,122,253,239,184
305,729,693,493,194,378,352,256
343,906,871,622,164,318,297,217
300,800,764,564,160,303,281,218
252,611,579,410,169,379,360,253
281,798,761,570,155,283,272,178
175,423,406,273,147,283,272,206
337,768,733,561,150,318,298,204
296,816,782,579,98,140,128,97
348,793,764,567,103,202,189,127
218,513,490,341,132,292,279,182
209,532,500,367,174,341,325,237
270,665,635,433,118,251,241,183
287,728,704,502,150,325,305,225
354,782,754,532,129,288,282,169
299,693,651,475,147,277,248,189
258,729,700,526,185,388,371,282
348,869,835,607,139,295,268,207
329,733,703,550,148,265,253,200
247,682,654,489,149,258,238,189
281,733,699,505,163,374,353,259
267,553,526,387,161,379,362,278
308,754,708,557,143,326,306,221
213,571,539,407,188,342,328,227
285,822,796,598,211,440,426,323
178,417,398,267,119,216,205,153
285,739,702,520,137,280,269,195
287,738,706,498,126,236,224,159
225,484,461,321,184,384,365,259
303,783,745,565,142,269,258,200
188,339,312,236,123,185,175,119
313,819,777,554,163,311,289,209
298,746,711,532,126,230,213,159
215,532,504,372,152,260,240,192
305,799,760,560,187,374,353,252
282,723,690,526,170,369,341,246
305,857,820,600,126,220,207,159
313,878,847,632,185,325,311,236
316,826,785,579,116,210,204,153
216,538,515,366,184,355,337,276
296,696,663,484,142,332,313,237
320,857,826,605,207,447,424,333
195,391,363,254,174,420,405,302
257,692,661,453,90,131,119,90
194,517,495,336,136,226,211,170
321,756,729,543,166,274,255,199
278,713,680,481,138,301,285,214
323,807,776,584,154,270,255,181
195,482,455,316,209,432,410,305
309,869,844,610,150,325,309,243
264,649,624,441,154,285,267,189
284,708,680,491,184,398,369,264
276,649,620,467,171,382,357,243
209,500,463,322,181,371,346,270
266,632,608,441,168,339,319,229
262,697,663,491,174,359,346,236
282,670,638,462,170,380,358,246
326,767,725,534,151,343,312,241
285,679,648,466,149,260,238,172
244,628,604,442,125,233,220,152
262,654,621,442,175,356,334,241
233,607,581,399,135,272,259,183
245,666,641,485,155,297,281,200
236,584,559,398,154,348,327,251
328,782,752,560,190,360,337,251
267,670,641,460,179,342,326,236
283,733,700,497,147,254,243,187
283,697,664,490,168,349,334,263
339,796,750,522,151,314,293,216
322,844,807,600,173,392,377,265
274,520,496,371,157,261,243,187
230,574,541,377,173,374,352,261
276,662,631,453,100,229,213,150
306,646,615,457,213,446,425,295
143,308,290,227,157,277,264,204
291,827,795,612,126,212,198,154
292,766,739,557,162,327,314,215
346,895,868,645,171,386,366,257
229,485,455,315,165,363,343,271
276,655,616,418,151,256,233,159
273,677,649,467,134,217,207,140
258,424,396,246,164,339,323,242
226,445,424,322,179,376,359,266
287,728,691,493,184,377,352,266
285,645,606,451,135,237,222,167
292,875,841,653,176,303,278,220
274,647,621,446,193,423,396,315
327,770,739,556,173,334,318,221
284,758,731,496,174,367,348,251
251,495,473,379,167,321,301,213
308,817,778,585,175,356,331,227
319,763,737,559,123,193,181,128
271,627,588,444,154,306,290,208
358,894,857,625,202,390,367,266
325,836,794,595,147,319,302,216
289,852,822,637,179,353,331,238
277,778,751,579,171,311,293,223
300,668,636,444,163,339,314,250
208,482,454,315,133,204,187,135
287,740,708,493,142,265,247,175
227,574,551,408,133,239,228,163
286,693,664,443,159,278,257,191
279,619,578,415,120,235,222,157
265,640,623,452,102,188,172,135
306,762,719,543,233,411,381,264
272,670,630,470,106,207,185,134
304,723,689,514,203,422,398,315
237,539,510,377,112,212,204,136
293,658,625,436,142,273,259,204
245,581,559,392,185,431,408,312
350,916,873,651,175,333,317,253
252,635,611,443,104,187,177,133
239,549,516,360,102,232,219,155
225,594,567,411,233,536,512,375
306,712,661,524,126,228,218,164
271,677,643,461,157,321,304,223
282,698,656,508,136,208,190,144
257,574,551,403,200,408,389,280
233,610,592,430,173,406,386,309
318,815,781,568,183,396,373,286
213,516,490,372,204,423,402,303
302,652,628,448,147,261,250,179
280,733,693,491,142,219,207,160
289,607,576,416,122,247,230,171
264,540,515,332,108,198,187,143
212,556,533,397,145,346,323,218
250,633,604,429,190,410,396,283
231,544,515,375,173,348,326,261
314,735,697,548,130,277,265,192
259,614,591,423,161,361,343,243
286,743,712,518,230,494,460,369
288,738,716,534,154,336,315,218
265,668,630,422,159,325,311,231
265,622,591,400,189,393,368,282
249,597,563,447,183,403,382,271
264,616,591,425,138,264,241,174
300,730,701,504,169,394,374,275
252,619,585,414,148,288,276,208
243,606,576,421,211,542,513,385
298,612,585,431,124,304,292,239
210,443,412,328,187,460,432,318
265,703,673,480,175,322,301,219
323,781,748,558,188,394,366,286
274,626,596,412,133,335,317,244
329,889,849,620,155,349,326,238
305,825,793,579,133,240,231,147
310,839,803,603,131,243,231,173
218,508,485,331,128,271,256,199
308,767,730,553,181,360,346,273
336,824,786,604,147,326,303,231
271,683,650,504,145,293,274,202
367,856,812,622,188,402,386,278
227,540,513,364,160,421,400,299
258,585,556,396,147,259,233,171
233,639,613,466,158,285,271,180
282,721,689,520,176,344,328,241
292,749,707,510,194,401,385,272
243,567,535,381,155,335,309,221
245,526,501,337,197,367,345,237
305,765,727,556,142,249,231,177
281,711,673,517,177,357,335,254
334,843,810,607,136,231,215,142
352,853,822,607,126,221,202,158
243,704,665,495,153,296,280,191
319,721,702,498,199,357,339,264
252,702,667,515,180,336,324,252
213,431,407,293,153,322,304,239
319,796,765,560,150,329,307,231
238,533,513,395,167,343,321,232
279,754,723,527,171,289,269,198
285,848,821,601,161,273,257,189
268,630,590,405,136,268,255,184
297,781,734,550,165,296,284,213
273,698,678,485,186,375,350,259
344,917,871,646,204,444,418,306
283,668,642,454,138,233,213,160
292,711,667,499,183,361,342,252
355,888,844,643,143,237,222,164
306,771,724,538,125,253,238,171
305,695,651,485,174,345,322,251
190,445,419,292,139,311,297,204
293,803,767,573,177,337,316,222
232,666,639,467,177,360,333,255
237,502,468,370,102,223,208,149
308,730,697,528,140,256,243,179
318,716,685,500,153,347,327,228
276,644,618,453,163,300,289,225
285,656,626,425,160,298,275,216
245,677,654,467,171,388,372,272
294,649,626,443,165,329,305,208
308,720,689,483,142,298,280,195
269,675,652,448,151,283,273,210
278,753,709,515,153,318,296,203
216,527,505,368,171,388,371,269
301,663,629,472,167,328,298,228
243,548,515,347,158,297,283,204
282,736,705,514,145,276,256,189
280,770,727,507,190,394,380,277
237,456,428,313,157,329,308,240
265,612,583,421,145,271,247,174
272,874,846,666,179,369,348,244
279,700,667,522,158,345,327,226
303,717,684,499,146,277,258,181
235,601,562,426,165,379,356,265
274,731,706,502,190,400,380,293
302,614,580,418,181,422,394,308
231,547,518,392,153,313,292,221
327,856,827,614,186,360,344,235
289,757,719,524,231,543,507,388
312,693,654,461,127,252,240,166
261,602,575,442,214,465,450,327
264,625,594,420,121,204,191,138
332,749,716,537,158,313,296,204
298,701,674,479,181,456,437,327
311,782,734,557,111,251,227,151
353,836,793,587,116,260,251,175
230,550,521,374,210,379,358,240
284,652,617,469,183,371,354,274
223,517,493,379,159,289,267,200
252,569,526,383,160,354,332,239
306,879,845,658,132,298,283,186
245,476,456,346,208,495,478,357
298,620,588,409,172,340,320,243
299,769,724,560,149,283,270,207
237,699,668,486,148,295,272,211
310,724,681,526,159,307,283,231
252,612,582,418,168,328,308,224
339,880,843,617,155,345,318,237
232,515,493,318,171,402,384,278
311,840,805,587,124,296,279,214
253,572,543,414,182,391,371,267
217,441,420,299,133,253,245,176
274,624,599,433,122,272,254,189
241,574,548,382,104,203,190,133
279,673,646,453,126,231,217,149
217,556,527,377,176,304,277,217
206,517,495,320,208,399,372,271
269,668,642,440,123,274,262,188
298,678,645,489,128,235,226,162
252,617,591,424,125,237,218,164
321,736,703,501,208,491,474,317
252,666,642,488,126,249,242,178
297,818,792,621,227,469,443,345
257,618,583,425,143,350,337,235
286,623,584,385,125,243,230,168
358,892,851,622,146,318,292,227
346,827,787,594,179,373,359,267
312,724,697,536,176,326,298,215
220,482,452,334,125,233,216,180
294,703,678,519,217,542,520,376
275,652,625,438,141,264,246,184
280,644,609,463,165,422,398,302
280,709,665,471,164,335,318,248
318,671,635,448,205,418,400,285
326,812,778,583,157,306,284,228
257,639,618,465,168,399,376,280
308,808,775,575,155,294,281,223
349,885,851,661,194,458,433,323
311,784,743,548,190,404,388,279
306,731,701,519,113,235,223,164
277,743,716,530,120,232,218,165
337,788,748,537,131,278,261,189
225,612,585,430,157,323,303,230
283,665,635,452,196,427,408,298
213,520,492,336,179,373,357,257
312,831,797,576,146,302,288,206
234,531,506,373,124,252,237,187
318,812,776,571,167,406,392,299
283,688,652,459,188,363,345,258
312,771,728,540,154,274,264,189
263,587,559,402,156,337,317,225
251,562,537,397,118,228,210,150
264,688,663,511,183,385,368,275
285,720,685,497,126,284,272,187
328,808,770,579,144,230,207,164
292,758,728,543,158,275,250,190
295,680,641,449,159,265,246,174
221,526,504,386,156,317,305,199
230,643,621,463,175,354,335,250
337,748,708,514,96,184,171,132
221,491,473,337,129,242,224,165
245,598,567,405,198,383,360,262
293,704,669,503,175,359,341,248
323,772,743,547,173,365,344,258
311,670,642,459,148,309,290,184
264,651,620,434,190,419,395,296
275,823,791,580,144,289,273,216
305,779,752,549,130,226,213,164
257,649,621,439,171,297,268,201
258,636,595,450,143,293,278,211
294,829,796,603,185,399,373,257
297,789,756,555,136,202,189,138
248,592,566,423,166,272,254,190
276,572,550,394,170,371,348,267
323,780,738,563,128,245,232,166
293,800,765,596,147,273,251,190
279,727,703,503,191,390,368,278
279,673,646,486,235,501,474,341
262,714,686,503,199,418,395,283
293,774,743,544,176,349,333,250
243,536,513,355,252,521,495,348
352,840,802,605,140,276,266,177
277,783,759,553,147,305,286,197
285,724,678,491,160,354,339,244
314,753,716,522,185,396,375,268
305,830,794,605,193,410,382,282
219,599,580,421,137,260,246,177
273,667,641,441,91,146,136,98
287,753,723,552,166,341,328,237
287,886,848,622,215,461,435,309
242,545,512,362,161,326,307,246
222,494,464,321,107,218,207,169
228,487,466,325,231,469,453,351
258,553,534,375,140,319,307,261
270,644,620,480,231,490,461,355
284,730,696,514,200,386,367,285
205,548,523,369,160,278,262,168
326,867,836,619,180,398,382,268
186,417,398,300,146,316,297,219
228,599,568,397,140,276,257,181
216,456,439,299,163,354,336,230
296,687,655,460,177,410,392,288
321,833,802,607,128,268,254,201
331,809,775,542,181,406,386,290
282,782,741,565,160,327,311,226
253,595,565,405,156,261,247,175
228,543,511,366,132,285,271,187
287,764,728,567,148,287,275,218
208,557,532,359,132,268,253,187
249,555,526,361,142,257,245,193
300,699,659,479,195,410,393,296
219,565,534,383,126,248,227,173
305,721,687,527,146,284,265,190
197,508,470,340,81,157,142,109
262,648,621,442,144,284,266,200
343,823,789,603,152,308,288,216
239,518,488,348,133,265,245,205
265,677,646,475,146,251,242,194
314,785,739,549,138,279,262,203
259,668,643,470,182,469,443,371
295,781,749,560,95,206,198,124
319,766,737,530,178,352,330,245
314,707,677,522,204,418,397,291
330,840,805,607,152,275,261,214
289,753,724,541,154,300,279,204
257,658,632,439,176,326,305,222
274,693,652,451,183,431,403,301
270,667,634,470,164,318,308,229
315,832,803,589,190,371,339,257
219,542,514,342,197,345,326,225
290,720,691,470,190,361,344,249
275,752,718,534,115,216,200,152
357,867,831,607,183,442,424,316
283,731,697,496,159,302,288,215
255,577,551,394,152,315,301,235
235,595,569,449,182,379,358,260
308,776,745,555,184,327,308,228
289,817,782,592,139,290,275,197
269,695,661,471,198,361,340,239
313,662,617,451,210,389,364,262
305,661,634,478,125,255,250,196
357,901,867,663,152,352,336,240
332,757,720,532,142,285,267,206
224,639,615,460,168,342,318,217
239,581,553,374,134,257,237,179
354,892,853,617,188,378,358,260
308,779,742,546,138,332,317,246
301,789,765,544,153,284,264,197
230,523,500,347,119,197,178,135
257,620,594,414,156,322,302,205
245,553,534,391,192,360,336,269
317,781,746,573,179,342,326,257
244,648,618,489,99,187,172,134
279,632,604,442,188,371,346,246
268,631,591,459,145,352,336,231
253,587,564,462,130,243,228,186
293,668,638,435,174,295,277,199
268,662,638,445,107,183,171,137
202,374,356,241,202,404,384,273
366,788,740,584,169,372,343,271
298,738,709,552,172,334,317,235
230,495,466,313,161,371,353,244
372,904,859,641,158,338,321,234
354,833,793,577,192,427,410,290
304,690,657,480,157,328,312,225
317,725,682,505,176,381,361,280
270,680,654,476,198,465,445,345
254,655,622,457,107,190,177,120
247,460,427,294,151,268,250,183
255,654,630,428,124,242,222,163
285,703,672,519,160,369,347,234
267,653,625,472,147,307,287,209
304,719,688,520,146,298,287,198
315,765,734,545,140,339,323,257
305,789,749,543,135,364,345,270
228,499,478,351,178,445,422,309
320,798,756,554,169,331,313,253
215,508,478,342,139,278,261,203
328,865,827,622,150,235,223,155
294,722,684,498,178,363,340,257
297,658,624,480,113,224,212,153
326,733,695,507,129,217,203,153
278,614,586,416,206,503,471,341
301,764,725,542,128,209,195,138
321,799,763,556,138,307,296,223
259,649,632,451,182,304,290,193
266,677,648,475,146,298,284,209
327,759,717,559,183,383,362,275
267,720,692,496,176,345,326,237
243,575,548,380,190,373,356,262
304,675,634,457,138,233,222,168
217,593,571,463,162,356,341,239
295,705,678,498,111,218,211,167
308,816,775,601,138,286,268,188
240,632,597,416,182,429,412,318
165,418,400,275,141,282,267,207
330,819,772,578,174,388,371,280
238,467,439,328,159,326,312,225
270,690,653,474,161,338,316,239
248,560,525,397,183,341,318,241
218,530,505,325,140,266,249,175
316,839,802,605,166,335,312,246
300,728,689,519,144,323,309,212
257,595,568,402,119,227,210,159
250,509,489,368,200,362,342,258
235,541,519,375,158,345,325,227
253,563,541,380,176,289,263,203
278,687,656,480,184,390,363,249
310,765,729,556,150,366,355,233
303,726,697,525,96,178,171,130
256,664,641,458,133,241,234,165
327,833,791,589,164,294,277,202
302,630,597,419,160,350,334,244
291,741,710,553,191,312,292,211
302,667,623,456,144,285,275,198
288,781,740,572,173,353,331,252
299,792,756,556,208,422,404,290
265,625,602,433,151,329,307,231
354,863,828,622,181,441,419,302
204,444,422,288,129,251,238,175
272,673,636,501,231,585,549,408
356,868,828,614,194,413,390,271
281,773,736,548,157,316,299,208
296,676,641,489,140,314,297,235
280,741,702,515,167,330,312,229
289,735,708,511,202,411,389,296
331,735,698,507,141,282,258,189
251,630,591,463,114,274,262,176
321,788,753,563,137,299,288,183
225,522,493,361,152,322,305,230
305,727,706,495,212,437,411,327
242,620,601,412,153,295,280,211
312,698,675,476,199,406,382,267
316,823,782,586,174,376,351,253
317,811,777,565,154,326,314,210
264,729,702,497,158,330,312,232
315,761,735,565,170,293,277,194
266,726,691,512,157,319,305,220
244,602,577,399,179,321,301,220
249,668,635,463,251,594,563,423
189,428,405,323,182,327,309,218
309,784,752,544,124,316,299,216
245,545,520,368,133,267,247,177
323,860,824,638,135,267,249,205
348,789,750,530,150,326,309,228
273,611,568,408,140,232,218,149
257,593,563,414,189,377,355,265
280,626,589,393,205,493,476,345
279,621,592,419,169,371,354,272
185,457,436,321,175,399,382,289
238,632,602,448,161,342,323,212
300,768,736,527,114,215,195,136
301,758,722,531,160,302,288,201
286,809,779,593,165,321,310,223
300,786,747,538,202,406,380,286
247,671,653,472,152,254,236,188
319,757,722,535,159,312,290,210
215,526,505,357,161,291,270,210
319,769,736,541,170,313,293,240
271,670,648,460,173,350,333,241
258,651,631,465,151,312,301,226
287,725,689,510,202,455,428,311
228,549,515,350,205,423,400,313
244,593,563,402,147,381,363,267
264,687,654,468,150,320,305,227
287,655,619,466,184,375,348,259
315,726,687,494,181,362,351,260
293,719,685,499,172,354,336,245
263,624,597,423,162,322,306,238
254,698,657,488,165,329,308,220
315,863,825,601,176,376,354,257
306,776,738,554,141,271,254,189
246,546,526,378,129,218,210,156
245,567,538,376,207,417,389,277
309,765,743,528,129,251,237,195
331,835,789,589,209,472,450,344
281,604,570,407,145,303,284,194
265,611,579,396,176,419,394,278
267,653,626,458,159,301,287,214
286,704,680,472,177,302,278,197
313,735,703,549,97,204,188,141
332,833,793,568,127,277,267,180
326,703,672,452,200,461,439,326
280,668,638,472,142,316,300,218
295,687,664,456,186,383,364,283
289,709,676,507,160,332,315,217
286,738,714,521,132,216,203,151
295,700,666,489,162,331,309,244
281,614,584,431,155,311,285,206
204,452,424,314,135,243,233,191
345,868,826,597,215,420,390,295
291,666,623,451,142,267,247,178
281,697,662,496,167,341,321,248
288,635,603,435,185,380,353,263
312,748,717,561,99,234,223,160
259,680,643,503,138,263,245,168
209,511,480,326,212,437,407,273
265,650,611,437,122,248,234,176
238,686,663,468,127,256,246,174
295,718,681,490,136,185,172,132
267,637,603,437,153,318,307,213
308,776,747,551,101,220,202,141
307,720,687,535,111,182,168,120
326,898,868,661,145,228,215,160
317,814,789,587,187,423,400,258
287,651,621,460,194,464,436,317
236,585,562,378,183,393,370,280
335,816,771,588,167,306,294,217
275,673,637,471,195,394,383,279
254,669,640,461,129,243,225,157
280,669,640,447,181,356,342,266
246,549,522,369,193,364,344,240
272,706,672,466,149,329,314,232
305,679,649,451,173,387,365,282
276,591,557,400,200,409,382,258
271,683,648,470,201,483,454,337
293,722,688,486,145,351,327,251
321,781,743,566,132,254,236,187
173,438,421,302,205,465,442,350
263,660,622,435,135,324,304,233
366,926,875,672,129,203,187,145
237,660,636,470,150,321,298,217
329,835,796,574,120,207,201,158
299,806,774,594,160,345,323,238
259,590,556,417,209,419,398,281
281,702,669,487,204,411,385,285
238,638,609,443,182,406,393,298
257,593,561,408,162,334,308,228
256,673,637,445,178,302,280,215
299,777,745,539,115,235,221,174
328,843,808,594,174,363,341,280
321,802,771,566,185,415,395,291
313,772,732,555,152,280,260,207
301,672,641,493,158,310,291,211
290,633,604,441,146,350,333,254
324,721,683,548,177,323,302,229
207,495,481,324,144,287,265,185
262,587,564,416,124,300,289,211
227,495,464,363,109,272,255,199
249,647,619,465,149,291,274,201
251,582,553,420,204,456,442,328
256,625,588,439,175,363,344,246
298,816,779,577,135,214,201,157
209,515,494,359,176,360,332,261
288,643,613,445,160,314,302,229
274,704,682,502,68,108,98,86
323,754,712,506,136,259,243,201
267,650,615,453,127,231,216,153
272,611,577,419,171,380,348,251
294,738,709,519,199,386,359,254
238,592,562,383,148,291,271,199
281,613,581,400,174,293,274,201
292,794,756,559,165,319,296,214
260,672,647,483,168,293,273,191
298,811,779,581,122,282,275,202
307,701,672,467,88,150,140,103
274,726,699,465,135,271,257,191
311,757,722,544,182,348,333,246
338,901,862,657,125,283,269,190
272,649,623,440,166,317,294,228
246,600,571,397,186,403,381,276
299,798,763,568,154,333,310,255
209,517,492,322,169,359,337,258
242,593,559,423,152,307,285,191
247,560,532,403,119,247,234,183
275,720,682,521,127,282,263,201
221,506,489,331,177,411,385,318
214,528,509,353,153,265,249,169
315,854,819,600,177,404,381,259
237,580,563,445,177,357,337,250
249,645,613,458,185,349,328,235
281,769,740,562,172,381,357,246
276,663,640,460,154,264,243,173
319,803,767,563,206,451,435,327
255,605,577,421,110,168,157,125
266,667,645,464,195,426,401,288
197,450,430,299,204,450,421,300
280,731,709,532,241,571,541,422
237,615,596,414,189,317,300,232
309,740,710,517,174,406,387,281
278,696,667,478,174,380,361,273
312,818,784,600,118,214,200,151
223,571,537,388,155,302,286,219
263,587,552,413,140,271,255,200
285,673,633,476,171,363,339,268
346,847,806,608,134,256,235,169
219,628,605,442,161,315,294,214
286,775,737,554,118,197,183,142
329,873,822,604,144,279,263,207
305,796,755,548,192,445,420,317
239,533,505,332,157,342,321,223
313,807,776,585,143,360,345,247
325,765,730,529,137,250,240,185
260,641,611,454,152,316,300,225
292,790,752,594,104,246,229,160
269,682,649,482,148,291,271,194
234,612,583,424,146,379,362,267
306,700,671,468,172,353,334,248
279,658,619,453,159,308,285,222
259,632,599,415,166,388,369,267
277,665,627,459,189,393,378,273
320,854,817,608,106,229,214,163
314,769,733,582,145,298,280,196
265,613,582,428,170,432,406,284
261,616,584,433,135,274,262,195
230,562,534,383,123,253,242,172
255,618,594,422,144,267,255,181
237,556,525,363,182,346,322,238
320,797,755,596,153,314,287,230
240,530,506,356,161,334,308,222
263,603,579,410,202,450,431,329
261,651,622,453,155,295,282,212
306,775,735,547,152,356,337,278
273,683,659,464,160,394,377,282
304,797,778,550,106,193,176,142
310,684,646,493,149,313,294,192
206,508,481,357,165,351,342,240
315,773,729,563,151,345,327,224
239,558,529,390,130,227,209,152
240,568,535,380,155,272,257,184
271,612,585,413,204,465,449,337
259,683,658,490,166,357,330,239
297,663,628,498,175,358,343,256
267,678,643,483,161,342,328,236
252,549,523,370,108,221,207,145
235,595,569,433,185,435,416,280
326,823,788,563,138,345,331,226
246,584,553,386,160,265,250,198
251,663,626,488,119,211,199,145
240,595,563,404,145,287,270,203
276,738,694,522,162,353,331,248
271,608,579,400,132,262,237,166
303,673,634,464,191,386,367,255
277,670,630,508,186,380,362,255
294,768,734,530,149,285,272,199
298,778,750,550,151,350,333,232
320,826,791,602,144,250,233,200
325,799,761,571,182,364,349,274
247,543,511,367,178,373,354,258
301,697,662,481,210,438,411,299
262,663,633,444,217,474,444,327
264,718,693,516,150,300,286,208
275,644,613,428,130,298,285,189
329,837,793,589,241,584,553,407
328,737,693,506,201,472,456,341
249,595,568,394,154,278,257,181
248,638,615,465,129,233,217,163
236,548,529,399,168,312,294,213
239,609,583,438,119,258,245,190
259,682,650,487,146,294,277,207
310,852,822,623,151,289,270,206
349,859,823,600,140,256,241,177
268,643,614,438,199,368,346,249
216,468,444,318,129,266,247,199
232,633,599,422,159,285,267,203
244,495,470,354,130,273,262,200
333,759,725,545,110,158,146,105
273,776,744,557,118,226,213,143
242,660,628,479,152,322,307,232
299,704,677,497,179,424,408,298
294,732,700,501,102,167,157,111
209,517,488,356,159,375,355,266
279,675,639,482,155,366,352,267
277,711,675,523,139,355,334,243
286,649,622,478,96,166,149,118
317,855,819,607,202,485,464,344
243,538,518,371,215,410,382,302
265,636,597,423,198,408,376,303
265,526,497,334,160,338,327,250
296,847,807,626,123,311,295,192
281,656,624,449,197,363,337,261
320,826,792,581,219,498,471,360
279,739,702,514,186,411,389,314
290,644,606,446,134,300,284,212
221,483,460,359,171,409,380,278
259,685,654,454,171,355,338,250
269,672,643,449,119,260,243,166
330,823,781,564,179,386,364,269
285,757,724,563,172,345,325,242
333,920,880,647,134,277,258,184
270,596,572,420,161,350,330,248
308,755,707,555,109,157,142,98
254,705,687,463,182,364,346,275
311,774,747,538,209,477,451,337
320,767,717,519,142,238,217,153
294,725,692,529,154,353,332,254
327,854,816,620,172,338,320,225
304,697,664,480,122,246,231,159
241,543,512,386,107,193,179,142
278,619,591,445,125,205,198,132
300,716,682,496,160,386,373,274
279,792,765,594,207,438,412,309
246,580,558,400,180,369,352,266
267,625,588,407,164,288,269,202
256,585,561,403,115,205,192,144
329,723,691,524,159,308,292,186
309,728,687,493,138,215,202,154
291,825,797,595,185,447,433,338
299,729,689,504,123,237,226,151
363,842,800,571,159,375,358,268
276,606,578,420,189,314,294,215
222,513,480,366,143,231,216,166
309,807,782,590,153,296,271,210
348,855,823,614,216,490,460,323
242,546,521,415,138,272,255,173
308,750,719,551,91,194,181,133
333,771,724,525,162,340,317,235
346,806,766,549,156,289,273,210
265,618,589,418,177,415,392,304
193,407,387,298,193,390,364,263
293,677,642,448,201,441,416,297
200,484,456,297,135,261,247,178
283,645,620,417,223,466,436,315
276,674,652,514,148,351,329,241
282,598,569,393,110,200,182,123
260,614,584,429,180,398,375,276
244,655,633,454,141,263,238,196
258,619,592,413,165,382,352,259
253,628,595,437,165,332,313,238
278,688,656,477,139,248,237,185
225,486,467,349,160,303,285,220
292,689,649,477,221,488,460,332
252,594,564,402,165,347,318,210
260,542,513,362,150,319,302,240
361,825,789,575,166,299,281,207
254,591,560,375,183,340,318,227
291,613,577,402,177,414,388,269
299,655,630,453,144,261,239,169
286,710,676,512,190,394,368,253
332,797,762,580,139,303,294,192
260,599,561,372,151,334,320,247
223,568,538,388,144,281,260,198
229,445,423,295,148,294,282,207
257,682,651,483,146,297,280,225
287,745,707,531,171,369,356,261
348,797,756,569,146,257,238,166
323,679,643,470,185,380,355,276
269,611,570,396,146,309,287,211
289,667,639,455,178,349,322,239
270,745,718,534,189,409,392,288
260,639,619,456,163,344,325,234
321,841,799,640,161,307,294,208
325,826,787,596,208,381,368,254
328,848,811,615,216,462,437,317
279,862,826,604,129,211,191,141
208,494,476,331,152,270,255,170
308,733,699,511,147,264,252,195
327,761,729,522,148,301,289,221
292,683,648,470,138,258,242,183
269,609,573,435,185,373,364,278
259,551,517,360,163,264,244,211
287,661,637,477,179,381,352,257
308,787,748,553,131,292,271,202
260,640,609,445,165,290,275,199
367,878,842,608,222,465,440,331
277,641,612,473,154,270,258,198
214,535,501,370,150,298,278,214
245,552,521,335,155,355,335,240
325,703,659,503,200,434,414,327
292,673,645,477,149,312,292,207
262,733,696,518,169,295,280,196
293,691,657,477,153,320,309,228
301,733,701,533,147,258,242,189
237,653,625,459,112,154,142,116
252,586,563,428,183,419,401,312
285,780,751,560,157,363,339,246
309,796,754,549,138,261,247,185
270,636,603,441,153,352,326,238
275,613,583,419,213,396,372,263
240,477,448,320,157,332,311,223
216,520,489,348,123,249,243,159
244,594,567,413,151,297,278,227
267,615,576,410,181,350,331,261
293,645,614,433,182,418,398,291
315,832,799,591,160,373,360,258
321,694,646,443,190,475,459,316
242,700,672,499,111,255,237,162
282,625,596,420,142,258,243,177
252,629,608,441,159,328,308,211
252,660,629,436,132,257,244,185
300,718,675,478,166,278,259,201
345,860,828,612,112,222,206,164
196,496,481,343,207,484,456,327
250,576,551,395,140,275,250,192
282,743,713,497,102,222,206,141
299,657,621,453,164,334,322,253
237,596,570,421,127,242,227,152
321,796,757,551,164,346,327,234
187,500,476,346,187,397,373,271
270,871,846,636,169,346,330,232
309,772,724,553,125,218,208,144
275,801,770,577,126,261,252,155
235,581,557,435,155,371,361,273
291,727,691,494,157,304,289,202
274,644,610,463,194,466,442,314
261,636,606,420,150,266,253,190
362,827,792,575,167,298,289,211
283,780,749,545,204,418,402,298
287,780,744,531,163,352,333,253
289,788,757,572,142,253,233,164
282,740,709,501,155,352,332,233
321,802,773,567,160,252,237,169
249,636,603,434,180,404,380,281
190,469,444,303,145,348,333,237
251,589,556,382,159,319,293,209
319,773,733,568,183,437,423,300
242,581,557,427,169,308,297,220
304,761,730,574,174,301,281,219
227,552,526,377,188,342,319,231
300,829,791,578,106,218,203,149
264,631,607,446,213,482,461,363
284,719,682,483,175,353,338,263
272,554,513,355,187,324,307,220
313,698,657,464,182,328,308,233
309,765,734,534,194,416,395,270
310,707,672,500,131,202,189,151
312,775,738,517,191,379,357,266
255,559,533,381,179,414,396,290
300,783,743,537,159,311,294,198
227,594,575,393,155,306,289,222
282,750,705,521,172,369,347,273
276,776,742,540,116,256,244,175
263,679,641,458,183,375,352,253
313,736,708,527,180,372,346,251
290,785,759,561,234,492,463,352
296,679,647,451,126,272,252,162
337,742,720,503,128,267,254,182
278,615,579,401,134,245,233,166
263,607,576,406,167,424,408,286
308,855,820,629,161,301,281,214
260,631,597,441,188,404,391,309
346,862,837,624,129,280,267,184
266,562,531,363,156,334,318,228
272,751,721,551,206,481,457,342
324,769,735,532,132,238,221,176
242,576,557,385,147,276,252,192
273,699,668,504,189,415,387,284
245,598,577,402,122,236,219,173
279,650,617,443,144,301,288,214
281,769,740,556,181,460,443,315
377,891,853,636,143,322,307,243
313,803,764,572,159,307,292,207
332,865,830,587,132,265,250,199
251,573,549,402,153,323,306,224
325,838,812,598,174,323,300,229
