304,703,660,496,273,662,632,470
204,480,452,308,226,522,504,338
324,725,699,467,213,455,436,311
271,788,754,574,225,572,543,392
279,669,644,474,209,505,487,366
341,889,848,638,226,485,459,342
247,615,592,461,185,401,383,245
295,734,697,521,211,500,469,325
312,827,799,553,208,470,445,330
315,688,646,450,202,496,470,345
195,337,317,234,251,568,537,395
325,779,749,543,225,495,469,321
300,756,723,523,221,521,496,351
188,442,425,298,156,310,295,211
316,797,753,557,185,366,345,275
304,725,700,498,262,621,592,439
226,494,470,360,279,733,699,525
275,607,573,422,262,539,512,368
276,659,628,460,234,512,492,341
282,600,567,422,216,556,535,401
325,841,811,615,169,357,340,275
285,793,769,577,263,606,567,407
360,885,842,606,201,450,433,289
363,834,795,586,249,569,546,401
303,851,816,599,216,535,501,380
263,628,600,415,238,572,543,399
314,740,710,506,185,376,359,279
355,817,789,569,227,543,520,371
262,701,668,505,237,513,487,345
276,553,531,414,184,423,399,268
304,812,780,600,211,560,539,393
293,800,766,581,178,368,351,227
345,885,847,662,269,617,596,412
302,772,735,549,249,585,563,415
255,646,612,448,215,487,464,317
241,523,487,323,281,705,678,515
228,600,578,401,210,406,385,272
343,715,677,465,270,685,649,471
368,804,753,544,255,661,629,447
243,633,607,444,200,359,332,241
307,833,800,601,263,628,603,467
310,806,779,558,189,380,360,239
280,671,646,514,209,457,428,338
247,661,633,463,222,512,487,359
343,928,878,645,233,575,560,418
220,521,493,353,266,604,578,438
253,585,556,392,285,688,655,499
315,717,680,494,267,630,603,451
223,480,453,291,260,634,609,452
275,640,615,434,243,551,518,372
208,500,471,324,313,738,703,523
286,762,735,553,219,528,497,360
233,488,463,361,241,618,597,446
264,670,637,450,230,558,531,367
340,929,894,661,213,448,429,312
294,791,759,540,287,616,592,431
287,755,721,506,260,581,545,374
214,488,465,322,229,500,466,324
226,578,547,363,219,552,529,367
347,867,822,630,250,575,545,386
293,648,608,441,217,459,441,300
287,780,747,556,265,674,640,481
289,648,618,454,225,488,461,347
259,673,648,502,211,405,376,262
278,762,737,534,163,379,355,248
236,570,541,373,243,557,537,413
345,864,812,572,238,495,464,348
334,788,745,533,207,522,493,337
231,565,543,410,182,364,343,235
305,659,619,444,226,610,583,451
238,511,484,336,257,669,638,506
321,819,784,588,213,448,430,304
270,713,680,509,199,416,396,290
223,551,529,375,256,629,595,440
237,500,459,306,268,657,622,454
303,731,699,521,246,512,485,353
334,811,771,572,286,771,744,552
228,610,594,414,221,494,478,315
284,781,741,549,231,493,467,337
219,586,559,403,223,496,476,359
230,569,549,363,286,670,636,485
296,757,721,525,253,559,530,393
243,552,523,373,322,805,768,542
243,577,553,389,208,560,534,379
343,823,789,591,232,617,589,414
295,697,659,484,238,625,601,475
270,566,531,403,262,539,504,348
215,579,557,411,220,486,458,326
242,571,542,393,141,333,309,215
377,868,818,603,324,783,737,518
280,721,688,532,243,538,510,368
318,791,761,544,290,747,712,530
221,521,494,330,206,530,500,381
300,822,796,589,190,438,409,291
254,492,463,375,230,633,614,462
229,490,459,313,193,451,428,299
297,632,599,426,258,540,504,370
268,738,701,525,222,521,495,345
296,618,589,444,301,684,644,472
269,614,581,423,234,480,451,307
297,677,645,441,220,499,478,361
285,627,596,386,245,596,573,404
268,648,617,459,301,707,672,514
283,781,755,566,243,616,578,449
312,776,750,552,182,375,363,266
282,866,839,626,230,540,519,373
242,656,635,452,214,401,379,270
263,556,528,393,179,420,393,282
233,565,536,369,158,395,382,252
245,632,597,429,206,464,441,326
308,771,733,563,235,528,509,377
263,581,549,437,196,483,457,319
300,727,696,492,257,516,484,356
337,862,830,621,287,660,612,440
323,796,755,567,193,383,361,259
242,645,626,484,279,702,670,498
294,719,687,495,224,549,520,348
344,956,922,653,224,475,451,306
346,901,849,610,264,524,503,347
306,767,730,543,270,568,540,378
176,415,389,267,278,766,737,550
272,668,634,439,256,590,560,375
296,687,652,479,257,626,597,426
223,593,569,414,230,682,653,512
221,603,570,417,208,530,511,373
295,681,649,478,156,341,321,229
270,663,631,448,258,486,462,315
297,717,675,507,209,486,456,324
363,812,776,560,180,488,464,342
286,629,596,424,244,504,472,322
275,591,568,410,234,457,432,318
344,877,843,644,262,586,558,402
290,702,666,495,259,597,569,406
238,560,529,380,276,564,533,386
303,757,718,536,220,524,491,370
313,795,759,567,213,515,489,345
300,818,771,570,249,564,539,392
264,651,615,438,153,289,276,204
278,799,765,572,265,646,619,443
262,694,669,467,226,441,419,309
244,616,590,420,241,531,501,363
253,682,647,446,241,660,635,514
267,653,618,439,296,702,673,503
294,747,703,529,238,543,514,373
257,544,517,370,184,401,386,275
277,574,537,370,214,482,460,338
243,691,667,481,219,559,530,385
326,861,821,613,253,577,543,410
339,917,886,665,166,419,393,242
307,755,710,523,258,676,651,466
276,751,728,548,213,565,542,397
225,481,452,296,238,515,493,351
281,645,618,454,239,638,617,467
212,478,455,309,127,258,241,175
351,818,789,568,252,586,551,417
258,634,601,468,217,498,466,330
259,664,645,455,256,578,553,391
278,732,699,492,199,468,443,311
208,542,520,384,280,725,698,528
313,843,807,597,180,353,328,229
242,709,672,500,247,493,469,310
288,764,726,543,302,706,664,494
275,715,685,469,178,381,354,268
285,676,640,469,275,727,700,521
272,658,633,451,198,322,296,236
291,738,696,509,154,284,256,213
300,695,667,470,276,688,651,505
297,668,640,464,247,591,565,445
232,649,624,464,226,504,483,354
310,831,794,570,238,542,515,369
280,751,711,516,213,618,582,425
269,587,563,372,225,459,435,317
242,638,611,414,206,500,475,361
313,802,769,572,279,690,656,473
306,700,664,511,281,695,654,473
201,390,371,263,225,520,492,342
265,628,603,430,173,347,328,224
275,739,719,551,227,492,468,327
345,844,803,598,231,470,440,306
245,596,574,398,215,460,444,298
280,692,667,478,307,667,628,472
286,719,696,498,222,475,452,334
298,754,721,539,237,667,636,473
270,645,623,484,174,377,360,256
271,714,686,530,168,353,327,260
259,627,590,409,215,502,468,338
231,550,518,408,199,473,435,341
255,639,608,422,179,421,395,264
249,665,635,468,154,357,341,248
261,678,647,482,269,640,609,428
301,791,763,550,272,699,659,473
282,641,600,444,244,556,531,376
333,770,731,523,209,468,450,345
347,886,846,655,267,641,609,450
306,676,638,476,313,748,709,518
329,800,769,567,255,608,580,418
312,739,703,530,215,526,496,376
272,711,683,499,173,344,320,239
250,558,532,383,173,413,388,295
197,428,413,294,204,378,353,246
304,777,748,533,241,574,540,420
245,605,580,413,212,420,403,299
232,565,541,373,208,512,489,331
285,761,724,575,241,578,549,388
353,851,809,619,231,615,591,426
263,633,603,437,219,593,566,440
259,685,647,454,293,764,739,558
249,629,599,421,136,258,243,173
328,780,746,543,244,550,525,384
216,490,465,335,302,692,649,489
212,507,481,369,283,583,551,382
178,466,443,283,238,533,508,394
271,638,612,430,203,496,471,352
332,783,751,570,207,400,388,269
331,804,756,579,266,575,548,359
225,480,458,306,207,458,440,337
284,644,613,415,256,572,541,411
297,622,591,433,247,540,505,359
230,649,630,481,246,528,501,388
294,679,647,495,255,621,597,462
272,657,624,482,330,658,625,458
303,703,671,482,203,427,393,282
289,730,703,508,211,443,418,318
260,600,566,388,208,452,422,320
247,593,563,402,267,629,599,440
321,741,708,558,213,519,499,363
291,707,669,485,247,560,532,405
237,658,637,484,215,588,571,426
280,637,604,444,257,506,480,328
289,635,607,435,249,544,512,360
302,676,643,463,272,599,568,401
231,566,538,384,243,606,588,460
238,646,617,456,278,745,709,522
281,642,613,441,241,598,577,442
283,693,657,462,240,628,601,441
284,535,505,371,222,493,469,350
287,781,747,563,271,712,686,520
264,617,584,430,177,403,377,240
232,607,578,399,224,478,457,333
264,651,610,420,226,462,441,317
226,505,483,346,164,418,397,259
217,485,459,353,279,639,612,439
236,633,605,442,204,526,491,383
223,593,563,421,266,624,587,456
286,751,719,540,309,751,715,522
256,673,640,475,281,723,696,510
281,678,652,470,231,501,477,351
288,775,738,566,200,450,432,308
280,671,638,464,224,467,446,324
310,757,717,517,294,685,645,464
274,743,716,534,189,384,362,280
260,695,671,457,235,524,499,361
360,818,777,582,202,546,518,366
314,822,794,610,224,559,536,413
277,626,600,440,189,445,420,330
201,496,476,335,203,473,443,319
320,772,733,564,257,527,501,359
250,531,504,331,213,469,452,342
276,590,557,394,254,524,498,344
244,578,549,382,268,607,584,429
271,667,636,469,262,635,609,453
287,875,847,625,219,503,483,353
284,681,645,495,252,526,501,369
216,517,489,332,237,501,472,353
252,538,515,378,269,478,444,308
291,740,702,527,258,581,558,397
227,496,474,339,289,639,604,463
288,653,619,453,301,666,626,470
282,723,690,521,241,665,641,484
300,786,747,540,200,505,482,355
309,636,602,421,209,529,511,353
343,806,768,591,183,407,389,279
308,771,743,557,268,627,589,443
146,372,357,236,339,820,784,586
304,692,661,477,271,699,664,498
213,472,448,355,193,340,316,241
262,605,580,418,182,434,406,270
364,950,913,662,265,631,602,426
241,551,526,376,311,681,658,460
290,723,689,499,259,620,590,442
253,633,606,425,251,610,574,438
290,630,594,452,152,342,321,229
219,471,449,312,297,669,641,488
243,609,568,407,198,427,405,280
296,768,722,537,266,671,641,505
251,593,560,376,227,532,503,351
328,742,702,541,203,424,406,298
268,715,691,508,225,616,587,446
275,606,577,417,272,568,544,397
334,784,737,518,209,485,471,353
238,661,633,476,278,722,683,491
263,653,607,452,273,636,609,451
284,753,718,547,231,585,557,398
302,843,813,603,281,633,595,400
276,596,569,403,235,548,519,392
286,806,779,600,206,438,423,279
309,859,824,593,324,790,753,558
314,774,734,522,196,436,416,297
307,705,653,469,216,449,423,328
249,615,582,419,179,347,331,245
271,571,544,365,247,550,523,381
280,600,570,408,251,645,608,421
279,841,795,584,215,553,530,363
263,713,691,490,223,522,497,367
287,758,728,535,234,559,527,387
188,397,378,271,265,590,558,406
327,867,820,617,243,620,586,443
214,478,455,330,309,648,619,448
212,618,596,450,244,571,541,407
266,601,579,419,225,438,419,282
291,614,589,411,210,526,501,366
338,806,777,596,237,525,489,357
328,718,679,484,228,496,477,338
373,885,845,627,225,534,516,362
242,551,522,346,237,545,515,384
242,580,553,413,260,567,536,374
301,789,757,554,244,518,493,369
281,636,611,442,227,567,529,402
284,666,636,489,237,649,630,454
286,711,679,541,259,594,555,389
271,597,570,438,258,584,557,394
248,599,572,412,260,591,565,396
254,517,486,337,234,546,524,401
251,570,540,408,182,380,369,267
318,777,748,532,272,662,632,460
302,846,811,610,314,765,730,520
286,682,662,459,191,402,382,295
241,553,523,350,294,794,759,546
274,651,630,450,178,338,325,256
279,689,655,491,230,545,515,371
214,461,433,292,312,872,840,628
248,561,530,367,247,452,425,290
275,838,798,614,202,457,437,308
212,492,459,333,216,486,462,319
330,884,851,632,250,483,463,331
246,595,573,390,287,640,603,446
297,849,797,611,232,505,486,344
294,760,727,541,221,476,458,295
345,853,814,584,259,564,526,388
224,527,502,356,210,534,501,366
306,766,734,524,217,562,532,389
326,830,800,626,210,530,510,380
285,688,650,492,266,734,691,522
253,578,544,400,250,500,460,337
270,628,600,443,272,607,578,444
211,518,501,375,251,623,602,430
317,796,765,581,224,589,567,417
322,805,768,608,223,459,435,332
272,740,709,536,246,611,577,434
258,719,685,499,253,578,553,403
264,626,595,427,244,529,497,364
250,536,501,385,258,546,517,362
309,675,638,460,169,369,347,233
272,605,571,405,283,685,656,476
251,502,478,350,262,518,484,346
217,551,523,364,247,657,616,451
258,509,479,348,217,462,434,308
254,676,650,463,274,586,546,425
295,868,825,622,240,559,529,386
263,644,624,489,185,405,384,290
175,389,365,243,186,350,327,245
245,527,495,338,240,544,519,353
326,762,723,490,193,453,439,315
308,823,785,572,236,471,444,303
255,640,615,482,293,636,602,474
158,360,341,263,226,554,529,364
272,702,674,480,187,414,398,279
288,674,636,442,171,373,352,241
293,677,651,478,263,584,549,403
313,748,712,525,200,461,436,298
298,652,617,516,251,551,519,406
233,592,572,401,177,367,344,222
193,513,493,343,235,536,516,393
382,967,927,662,245,629,606,427
308,686,655,471,237,547,517,383
272,594,560,388,235,615,583,437
255,609,577,407,282,662,623,476
327,718,687,480,217,465,434,288
282,763,719,517,218,481,453,322
358,839,808,596,156,297,276,190
351,794,749,575,249,513,482,339
313,737,705,501,232,541,521,381
266,657,635,440,226,478,453,328
231,514,491,359,238,588,556,398
322,831,796,589,280,674,643,460
204,420,395,263,255,541,510,354
228,579,549,398,174,458,434,302
276,596,561,393,191,463,437,297
262,719,687,509,202,449,431,320
238,618,586,400,210,515,497,352
275,696,669,476,192,445,420,303
243,568,548,425,248,574,553,428
239,551,532,387,255,644,614,437
332,831,796,606,230,521,491,356
286,591,556,377,222,462,432,297
322,833,809,581,281,683,652,510
244,593,564,409,204,514,490,361
237,556,530,357,240,637,610,476
265,575,544,398,228,440,404,302
343,792,756,540,207,416,394,282
304,767,742,531,237,505,478,335
289,676,633,449,227,544,523,384
262,606,580,465,253,605,580,417
232,638,617,437,225,589,565,447
232,684,657,468,261,554,520,372
281,688,659,494,262,652,609,440
229,462,440,325,283,624,598,424
290,697,666,500,223,496,471,328
323,700,678,480,239,546,512,351
309,764,737,518,164,385,367,267
286,791,758,568,275,684,654,475
268,622,590,427,344,850,817,583
278,749,721,545,288,719,694,500
306,767,730,527,203,438,409,286
288,609,571,420,248,620,589,445
302,698,652,472,257,634,602,442
266,632,596,424,195,390,367,275
254,609,576,401,206,528,498,370
266,651,615,446,288,685,650,473
276,716,687,495,244,557,521,405
274,775,747,567,244,560,538,393
211,483,466,312,240,632,602,428
231,526,498,324,186,438,421,292
268,666,632,458,181,364,343,241
290,719,689,497,269,699,661,492
308,784,749,575,308,673,650,496
251,608,580,429,201,495,472,338
301,833,797,591,265,646,619,473
306,743,706,524,168,369,353,222
323,807,775,574,282,603,568,434
314,788,755,583,231,508,475,346
271,725,696,518,230,639,620,439
278,685,658,484,207,403,385,292
267,650,615,433,222,617,586,430
253,509,477,334,186,400,379,280
314,714,684,498,248,656,618,448
328,806,775,578,188,433,414,293
286,700,671,500,197,535,507,404
303,789,748,566,177,373,353,245
274,684,661,464,181,356,332,225
289,625,594,432,205,468,444,310
345,776,738,540,269,660,627,454
270,636,606,448,293,740,707,509
343,902,858,631,198,436,417,317
268,595,567,372,212,444,421,291
279,656,628,470,194,508,478,352
328,898,858,663,227,474,444,301
315,738,701,540,237,494,472,326
328,826,800,581,297,624,598,428
273,640,605,444,207,460,432,342
297,798,773,556,224,472,446,332
295,809,765,577,243,516,496,366
270,739,706,491,263,631,593,424
295,683,646,466,219,527,502,368
241,632,608,454,265,605,577,425
231,456,440,323,207,499,478,375
310,879,850,638,234,596,565,426
341,886,852,618,210,519,496,367
302,785,752,541,247,506,483,342
256,615,596,444,127,296,281,201
255,697,672,508,291,668,635,477
303,729,696,499,244,491,465,337
340,799,775,542,230,489,461,323
238,510,479,348,227,576,542,387
294,622,581,434,233,582,554,395
250,594,562,413,193,429,404,294
237,522,495,344,257,569,539,388
282,738,712,516,250,602,575,408
288,704,669,500,220,475,451,307
277,639,599,433,244,542,514,375
245,524,499,354,235,422,400,288
297,657,624,462,312,777,746,546
271,704,675,474,265,613,584,423
251,529,508,341,179,441,424,283
250,615,589,392,266,753,721,545
284,670,642,468,310,697,661,447
294,808,775,578,240,596,569,415
278,650,619,443,217,479,461,363
289,751,714,526,260,641,610,469
272,694,658,491,290,689,657,500
250,638,604,473,242,526,499,354
253,595,572,422,211,464,435,326
317,777,741,531,132,315,301,201
360,885,854,627,259,592,562,412
324,874,838,626,279,621,585,420
358,786,740,536,223,516,487,356
387,912,869,627,262,514,484,354
368,837,807,603,293,700,667,489
257,644,622,478,225,492,475,342
346,851,807,595,238,521,497,342
240,678,641,478,256,653,620,433
311,714,675,462,231,502,480,333
310,673,641,447,224,435,416,331
306,767,730,546,196,484,463,324
202,496,479,329,175,247,223,159
292,680,654,462,247,581,561,403
222,565,538,401,275,622,590,427
238,613,585,384,235,537,511,360
284,711,678,490,197,504,482,336
294,775,734,538,206,501,482,363
303,742,713,527,220,438,415,306
323,778,738,557,307,771,735,567
291,733,695,505,243,600,581,411
236,519,489,372,235,493,466,336
260,717,689,501,234,538,509,348
315,886,857,633,155,322,307,197
303,757,727,534,253,510,482,380
308,751,715,512,216,567,538,371
250,648,618,431,235,519,492,363
249,537,513,382,198,476,463,331
242,483,457,357,160,313,297,212
316,652,619,453,213,444,416,285
196,380,355,287,233,538,511,377
277,693,661,528,208,509,486,350
303,758,720,549,207,396,371,270
249,487,458,317,212,525,495,345
245,652,627,465,275,579,551,406
271,663,642,482,197,396,379,264
244,513,484,340,263,620,597,462
263,593,556,386,243,597,561,422
246,703,677,493,179,452,431,319
251,540,515,383,198,475,449,323
296,632,602,434,253,496,479,349
217,497,477,311,247,539,509,363
346,836,795,572,219,575,553,400
245,489,466,347,194,387,361,278
296,730,699,479,304,716,691,496
348,838,800,601,185,417,396,273
242,488,459,319,227,516,499,353
312,800,765,552,281,664,625,448
255,525,492,351,219,470,446,332
287,655,619,443,271,765,725,558
340,778,743,579,242,506,471,343
337,798,762,559,244,580,554,399
356,848,801,602,195,360,344,268
272,746,714,526,305,705,666,492
312,869,829,608,160,362,347,256
305,777,740,558,267,591,557,390
247,613,589,437,222,538,515,341
336,831,799,589,193,383,358,281
213,576,550,410,223,492,471,359
347,863,832,623,218,467,438,298
222,480,451,288,270,561,533,372
325,827,785,558,233,517,497,345
280,647,610,419,323,782,742,565
274,720,685,505,170,412,394,295
242,562,531,364,254,558,535,436
281,726,699,507,285,719,687,510
230,560,523,372,173,433,418,320
239,582,542,379,204,406,388,286
259,666,639,460,281,650,619,456
280,638,616,459,266,569,544,381
252,624,597,438,248,484,449,315
257,673,651,481,192,430,407,302
255,660,624,473,198,468,444,323
274,600,577,430,247,553,522,374
277,573,544,396,210,480,444,322
251,620,598,404,180,428,411,307
282,675,639,468,194,414,390,307
365,947,914,687,241,662,638,497
302,756,724,556,274,602,570,407
344,811,767,559,263,669,630,483
250,521,493,373,232,574,552,414
297,814,767,583,242,593,572,423
358,831,789,591,261,670,640,483
254,566,533,362,189,408,390,249
261,663,639,464,291,632,600,460
288,663,618,427,240,587,560,427
314,865,832,644,206,422,400,303
322,919,888,680,240,647,623,460
317,824,777,560,225,559,529,385
262,775,757,576,210,438,412,277
314,726,688,468,222,496,473,361
270,705,678,492,234,522,499,366
296,675,644,459,295,669,642,455
337,872,844,625,227,575,546,419
330,845,798,618,225,591,566,406
280,673,652,457,217,437,416,315
312,898,866,631,184,401,379,273
276,707,671,480,239,534,508,333
257,714,689,508,259,564,541,402
333,883,836,649,235,560,536,393
244,576,545,402,199,412,390,302
300,698,668,492,210,521,491,373
273,637,601,450,228,509,478,342
299,600,565,400,242,516,486,332
346,825,791,602,277,732,704,542
297,797,765,594,238,556,525,372
290,773,732,566,190,487,461,309
307,743,699,514,204,406,379,284
255,606,579,410,231,507,478,366
271,642,604,440,208,459,440,329
296,699,671,473,220,546,530,402
293,705,669,465,263,598,571,409
258,668,640,473,208,493,474,316
325,881,853,645,232,502,474,348
257,572,535,380,246,538,513,383
250,636,608,451,255,481,457,341
239,520,495,372,312,727,686,503
276,798,764,590,194,402,380,270
297,805,778,590,173,371,346,254
347,800,764,548,241,546,526,365
222,454,426,295,263,578,551,405
217,555,522,370,210,454,438,316
312,771,735,545,238,560,532,385
246,587,563,421,190,378,360,285
311,768,744,545,219,531,507,368
259,649,627,494,163,431,411,312
279,684,651,495,289,639,603,440
294,765,734,520,164,380,356,249
317,776,740,546,273,575,550,425
318,794,767,564,188,413,391,270
321,870,831,627,298,632,600,411
240,638,606,439,174,429,401,271
276,706,666,471,237,557,539,415
159,308,289,196,312,655,621,464
240,579,548,368,274,650,636,472
291,753,718,528,188,445,419,301
265,715,680,481,195,463,439,324
237,639,615,464,168,466,445,338
216,471,455,303,298,724,699,536
298,633,597,432,280,611,582,422
340,831,804,576,281,618,585,435
238,610,582,409,185,378,354,261
296,859,829,628,181,469,452,321
276,682,654,462,183,459,444,335
242,569,533,388,292,666,635,451
326,764,732,537,223,417,385,309
270,702,676,490,207,523,507,358
303,693,674,485,249,590,567,393
284,756,729,539,234,516,490,351
269,645,615,409,228,622,597,436
271,638,594,428,254,521,484,351
302,797,755,544,188,460,441,315
248,631,594,465,236,487,458,321
335,730,692,482,232,593,564,392
196,490,469,328,236,446,417,311
321,757,721,583,216,501,476,347
236,486,460,312,273,687,645,467
281,831,799,598,259,622,585,432
222,472,450,318,266,647,614,457
265,575,541,399,224,529,511,396
278,677,642,444,214,514,490,355
281,630,609,442,240,518,490,353
316,755,725,533,181,374,349,257
287,608,573,426,253,633,599,464
315,752,716,536,207,483,458,326
374,813,768,576,282,662,620,467
261,647,602,446,247,634,603,478
283,728,702,559,230,548,520,368
333,869,838,610,239,608,583,423
305,737,696,513,188,395,374,289
318,683,653,481,213,429,409,273
295,685,653,451,284,657,631,445
294,783,747,573,203,460,436,322
247,550,520,408,254,662,633,454
237,603,560,396,177,449,420,286
284,709,676,508,226,510,488,392
305,720,689,488,306,767,739,541
254,648,627,455,265,587,558,421
209,496,477,329,278,715,682,502
337,827,794,589,301,722,689,526
216,617,584,415,220,500,473,321
293,806,783,577,212,480,445,309
339,806,760,546,272,588,558,392
322,855,829,620,248,662,627,474
211,531,504,377,262,596,572,396
254,649,621,434,218,454,432,337
252,555,524,393,175,388,374,239
330,844,812,608,231,583,557,378
278,640,622,436,233,511,486,339
304,877,841,661,224,464,427,331
270,688,651,488,313,786,755,550
275,746,721,551,226,522,495,375
368,896,866,650,158,363,344,243
285,722,696,460,242,548,515,364
264,551,523,368,273,700,676,506
376,863,814,602,189,427,410,292
350,768,712,515,256,682,650,507
179,388,363,267,217,512,488,357
259,548,522,359,252,632,592,433
238,643,614,438,266,613,580,431
284,808,778,601,226,645,617,470
239,521,500,371,222,521,491,379
339,782,757,603,215,454,431,313
261,581,552,378,262,557,517,373
248,515,482,336,246,555,525,370
288,653,628,425,288,621,584,469
367,876,837,618,159,290,275,196
314,836,803,618,246,519,492,344
216,610,581,407,225,447,428,309
220,526,501,371,253,493,453,330
251,599,566,408,213,479,458,333
296,739,707,526,229,538,517,364
343,895,862,630,265,663,633,474
235,509,480,352,189,430,409,321
182,385,359,291,256,597,574,429
271,691,662,499,270,594,555,391
315,746,711,521,271,719,694,496
279,681,651,495,267,693,661,483
230,529,505,366,272,648,606,450
192,535,511,418,264,609,586,458
287,672,631,445,209,586,568,413
260,573,545,403,249,555,520,371
297,678,651,470,184,390,367,232
279,577,547,416,216,606,586,421
239,539,513,354,219,493,467,320
289,641,605,442,245,565,535,389
269,656,628,452,178,420,394,266
300,752,716,532,230,522,496,369
281,766,732,579,277,684,652,462
307,641,612,420,255,552,517,379
249,631,607,438,223,547,518,361
295,705,675,498,157,341,324,237
276,633,596,448,296,740,717,522
249,606,580,425,227,432,399,291
278,590,559,423,205,400,372,276
300,700,671,486,245,605,575,446
324,834,804,601,260,559,536,427
293,734,686,546,279,624,595,461
241,662,638,465,262,578,546,416
246,507,487,330,188,452,434,327
200,468,445,296,249,600,566,404
250,576,553,379,320,742,711,498
305,790,748,561,208,412,389,287
277,737,698,506,272,711,693,528
235,616,588,433,161,361,346,242
201,478,451,362,256,617,590,434
296,786,758,565,211,480,467,363
314,705,669,490,254,587,558,393
245,497,477,340,187,404,379,246
324,822,798,607,212,496,468,344
263,653,618,459,216,493,469,316
270,809,770,584,230,475,454,327
330,735,712,501,275,655,625,468
289,593,558,403,219,475,448,323
189,411,384,269,244,610,582,410
295,697,669,473,230,514,488,367
288,691,659,478,211,440,425,324
373,933,898,677,189,385,353,263
230,606,587,395,249,563,543,400
301,759,719,551,262,738,709,534
301,625,595,436,259,667,634,460
327,815,770,592,217,430,402,285
276,648,617,461,128,338,326,222
272,543,519,367,230,550,522,388
285,645,605,445,219,531,508,354
250,597,575,425,246,550,527,355
324,853,812,607,306,656,620,467
259,540,515,387,240,438,412,304
337,849,800,579,303,779,741,552
275,665,625,456,174,329,313,231
227,584,552,368,260,576,545,386
342,805,756,556,170,358,340,243
337,817,785,582,236,470,448,315
301,771,729,551,187,411,387,261
306,774,730,557,241,504,484,376
229,492,465,332,184,367,344,216
282,621,583,422,250,645,622,478
287,707,678,495,228,559,522,395
301,617,589,422,240,516,492,329
223,566,538,388,266,747,726,543
302,740,703,517,246,645,621,481
323,823,786,610,311,726,692,536
285,686,649,470,219,473,451,314
293,796,766,587,288,667,632,459
333,793,753,538,236,566,546,430
327,800,770,560,216,548,522,421
263,572,535,414,250,588,563,387
174,470,449,350,231,486,462,361
314,682,646,457,217,517,493,342
230,529,500,365,207,438,416,286
292,803,772,580,259,542,510,368
233,518,486,332,256,522,498,386
269,636,601,475,302,782,748,570
303,783,751,545,232,515,487,345
221,552,534,370,200,440,417,284
305,666,627,454,271,582,548,389
289,756,717,544,269,716,681,521
289,684,647,462,226,457,429,289
244,563,536,413,266,647,619,481
302,773,748,549,172,380,363,257
267,698,672,479,251,593,563,399
252,574,548,370,217,437,412,279
330,790,749,551,201,480,456,307
340,892,859,638,242,613,591,430
251,626,592,427,271,634,604,432
298,683,653,484,205,476,454,322
267,627,597,432,277,709,676,485
303,774,737,540,218,525,500,368
313,800,768,576,227,535,506,372
203,555,532,386,274,688,657,476
341,843,806,612,228,523,501,386
196,483,459,319,212,476,448,313
224,597,569,416,306,688,650,485
272,648,627,445,232,572,537,400
338,737,702,490,224,497,472,332
263,645,625,448,246,573,541,396
305,723,700,512,297,606,578,422
327,827,788,567,231,521,488,354
246,650,620,428,269,585,557,413
358,935,893,663,277,668,624,487
256,662,634,486,239,458,431,278
222,521,493,347,224,545,512,397
231,579,548,429,200,400,376,277
200,488,462,359,229,538,516,391
292,680,649,515,251,548,530,376
215,466,439,330,269,772,747,551
321,781,745,587,157,346,324,225
278,610,584,455,255,620,588,479
227,691,660,478,218,502,469,361
296,764,744,552,254,636,602,450
272,638,605,449,248,666,634,466
204,488,467,338,268,637,603,460
264,644,613,440,282,673,644,466
295,778,727,517,209,489,464,363
300,822,790,583,221,532,509,360
229,525,492,356,191,459,439,300
262,636,612,421,208,532,505,370
271,653,622,446,207,493,468,316
273,628,593,421,239,523,496,350
173,486,458,313,208,505,486,335
344,807,759,559,188,453,430,309
306,716,681,508,213,529,495,363
256,595,569,445,308,713,681,507
257,664,631,460,250,600,570,408
263,653,627,450,280,643,612,456
271,774,744,556,245,670,653,465
320,783,747,549,186,462,444,339
301,694,665,480,215,488,470,342
291,782,742,545,236,459,429,298
254,647,615,430,215,517,488,354
237,665,641,464,206,434,409,316
279,628,604,422,252,606,582,427
315,760,717,525,243,584,548,392
316,786,754,564,277,636,601,469
309,743,706,522,205,399,382,285
228,653,631,445,243,523,503,333
192,384,360,239,208,506,481,335
197,450,429,338,223,454,433,324
260,575,550,379,340,779,740,548
321,869,847,640,228,570,546,411
307,676,646,455,194,361,330,248
272,747,718,550,259,613,593,450
225,461,436,313,223,470,454,305
326,799,759,562,288,697,666,492
261,593,564,392,223,552,527,408
261,568,538,418,265,684,647,496
292,680,654,436,255,664,635,475
226,520,494,356,233,502,470,337
303,652,622,448,182,409,389,300
297,667,631,444,216,473,440,306
212,485,460,296,143,322,303,229
314,795,754,546,186,433,416,281
294,574,537,383,229,563,535,412
258,640,607,439,236,556,526,379
249,484,457,314,256,608,569,423
197,468,445,321,218,539,513,400
312,776,747,578,269,675,642,491
308,804,764,579,209,552,532,373
270,595,571,395,254,643,616,428
276,723,697,519,170,324,311,222
293,709,681,491,202,444,421,315
364,765,728,537,226,508,486,345
334,826,799,589,239,538,519,386
321,815,777,566,194,439,408,301
331,842,806,586,260,608,576,419
263,641,612,436,205,474,453,339
295,761,724,515,269,581,552,381
265,653,633,456,262,585,547,386
173,350,330,230,203,421,404,277
276,666,634,452,307,770,735,543
303,761,713,532,239,552,529,388
228,560,531,378,265,525,503,339
235,551,527,342,203,448,423,303
336,823,787,580,280,707,680,500
256,714,691,539,262,582,559,419
242,700,673,499,199,447,429,316
220,544,516,379,181,381,364,266
306,693,659,465,242,519,492,343
278,825,790,591,204,444,423,290
236,580,554,415,277,611,578,400
244,608,579,418,276,690,652,469
308,786,750,562,241,546,512,394
273,710,680,512,271,616,588,428
298,796,767,570,181,366,348,239
275,826,791,592,244,593,561,413
226,525,494,321,170,407,391,290
344,888,851,644,251,703,673,499
249,662,632,458,301,691,651,464
255,693,662,488,253,634,608,451
205,521,503,362,281,716,689,495
247,658,639,456,256,506,478,345
269,614,585,410,193,465,443,323
276,678,642,453,216,445,422,310
327,792,747,561,195,559,529,404
270,666,645,454,233,562,538,374
212,517,493,326,219,546,521,346
355,918,875,637,215,526,502,386
336,886,856,640,245,563,537,418
303,747,717,567,258,636,604,458
336,806,775,558,265,587,564,419
313,761,730,559,212,463,440,313
235,605,571,407,243,556,534,369
350,818,782,558,206,538,513,371
261,598,572,451,242,573,546,389
292,756,730,547,216,472,450,317
272,674,637,452,259,580,556,383
271,732,701,531,208,436,403,300
294,793,757,578,301,722,680,508
222,468,441,312,271,565,538,382
269,618,590,401,249,562,534,404
342,806,774,566,236,588,557,427
286,666,645,480,219,463,436,328
300,672,635,461,244,649,612,463
248,574,546,401,225,520,490,346
300,727,694,505,236,660,633,492
316,781,755,555,285,682,652,486
203,488,468,330,206,487,457,297
236,496,478,319,257,574,549,438
314,882,850,638,254,606,584,443
344,887,854,643,165,441,410,320
252,628,606,434,312,760,727,546
271,582,540,397,229,567,545,385
242,669,651,437,270,702,674,509
303,770,745,546,257,612,576,419
288,856,833,643,171,315,294,211
323,799,766,556,187,308,293,219
298,695,662,471,192,487,469,339
240,594,577,427,207,416,397,279
239,544,513,395,242,517,483,354
258,655,631,461,292,721,688,535
266,579,542,377,198,512,489,343
295,812,779,577,207,493,461,325
197,435,411,283,242,631,605,453
266,585,544,373,226,455,435,292
235,554,538,399,263,614,581,429
326,792,747,551,192,458,441,288
311,777,738,501,297,674,632,452
272,682,644,480,219,490,461,334
345,855,815,596,209,487,464,363
311,764,723,529,188,450,414,298
208,539,510,386,224,521,507,362
259,597,567,412,203,539,515,394
271,687,663,493,235,567,534,373
232,567,548,381,199,576,549,403
334,796,753,545,240,587,558,406
320,810,772,552,209,523,495,363
334,920,895,668,214,542,515,375
290,863,831,612,221,447,424,316
282,729,698,521,231,595,563,402
329,862,823,579,236,541,513,366
252,555,527,375,236,568,537,393
330,878,833,623,237,500,469,335
262,647,622,425,206,423,399,293
319,761,721,539,226,577,551,400
260,644,620,423,259,712,688,526
310,685,643,470,215,483,457,295
289,696,673,502,245,552,523,381
192,442,416,290,289,686,661,493
258,622,596,416,225,558,536,395
333,843,804,600,238,523,496,382
277,692,665,485,135,271,248,168
247,680,655,478,157,325,304,234
253,599,570,405,268,588,563,404
280,701,666,479,171,404,381,285
225,556,530,414,252,588,563,394
238,620,584,423,218,525,497,385
275,668,634,472,158,291,270,191
296,648,614,463,287,708,669,524
345,849,815,589,212,482,458,324
227,631,609,446,258,614,593,449
354,847,799,596,203,415,395,261
315,807,775,575,187,356,341,236
241,604,570,421,290,712,686,486
332,719,675,466,312,709,676,515
309,796,767,574,238,594,576,442
325,701,662,525,237,537,511,385
291,691,657,482,256,565,531,376
279,834,808,610,205,471,454,340
283,623,595,418,199,458,436,320
233,624,601,445,204,461,443,312
241,568,543,380,233,537,508,367
244,535,506,350,250,552,526,392
248,603,572,396,306,622,589,424
316,922,900,660,288,664,630,463
329,880,852,637,217,481,460,362
282,707,685,519,312,790,760,549
278,778,754,558,277,684,648,470
249,594,567,401,185,443,421,314
256,636,615,454,248,526,500,363
328,778,733,542,277,640,611,446
220,534,509,378,249,588,559,395
274,807,770,579,199,451,432,330
190,504,485,336,199,444,423,314
229,674,648,499,327,689,652,477
253,595,563,409,265,481,454,325
270,560,530,415,188,482,466,350
292,706,658,467,252,699,675,489
261,609,577,407,297,706,671,496
282,605,566,421,280,759,723,559
248,624,591,425,263,555,527,349
251,529,498,350,295,661,635,441
301,816,783,591,222,459,439,333
251,634,612,429,290,655,630,451
324,787,759,554,178,405,379,272
283,780,746,539,253,566,540,376
306,861,819,615,158,238,224,153
247,572,553,375,225,501,468,346
266,643,612,421,198,470,453,325
309,761,728,537,256,580,546,384
244,591,565,392,310,675,647,475
297,752,715,515,249,632,611,461
232,591,566,404,173,394,374,240
313,824,784,597,264,612,581,445
293,763,739,543,159,401,379,276
316,779,739,560,261,648,620,463
290,705,679,492,206,540,516,396
220,487,463,333,185,413,387,287
280,620,586,405,251,498,459,342
226,696,668,503,244,523,498,393
213,493,468,357,236,468,436,308
307,816,792,592,242,504,476,344
294,692,656,473,198,443,418,303
274,702,670,488,178,412,384,287
264,695,666,497,169,386,366,248
261,568,530,368,277,673,632,474
297,731,694,491,246,518,490,337
300,712,685,504,256,581,552,415
243,611,590,423,206,474,448,337
336,822,779,552,268,602,578,433
222,558,530,384,208,478,448,330
306,795,773,574,251,585,549,400
231,530,493,358,230,517,493,352
343,816,782,563,259,540,508,345
271,595,572,431,211,438,417,300
247,555,526,353,142,330,314,202
165,358,331,219,253,536,504,359
266,619,580,396,213,478,460,354
365,882,841,634,207,438,418,318
275,745,708,497,222,548,524,424
305,800,759,579,259,591,556,425
317,810,779,579,208,417,396,290
297,794,757,587,224,540,518,369
301,704,680,479,161,400,389,286
302,663,641,463,215,482,458,339
280,696,653,485,331,635,600,435
193,480,457,293,217,560,535,374
269,696,665,489,265,720,674,531
311,788,744,542,299,760,729,553
190,517,491,325,253,592,562,420
334,844,804,636,221,444,429,298
276,658,628,453,235,489,465,336
291,569,536,399,315,678,650,481
251,644,614,454,244,511,482,342
287,714,678,505,252,532,494,336
247,674,647,468,191,450,429,284
347,838,803,601,174,431,406,293
321,702,670,469,229,522,499,379
296,721,678,509,189,384,357,267
214,488,467,348,240,545,524,393
241,599,568,412,166,479,462,379
304,769,729,527,232,579,547,392
260,632,597,473,249,502,477,362
313,783,745,561,187,313,297,207
259,589,557,390,199,444,423,301
337,739,712,476,217,535,514,372
332,822,790,608,240,572,549,406
274,654,628,443,253,625,601,444
288,711,680,477,136,233,221,156
308,709,678,462,238,637,613,459
265,635,602,449,265,586,558,419
266,688,656,499,262,571,531,388
289,723,691,515,212,498,474,332
268,707,676,483,271,603,584,412
354,822,789,559,284,684,659,496
264,692,666,472,257,572,544,402
213,570,547,375,218,551,529,372
239,643,613,437,259,698,673,497
249,675,657,468,305,731,691,518
328,755,718,537,261,648,625,461
158,303,284,191,267,644,605,449
265,639,606,437,320,754,721,536
268,576,550,373,282,711,680,497
226,476,449,320,200,429,405,296
281,727,693,517,225,582,555,373
314,798,763,575,287,675,634,460
271,793,764,568,185,385,358,247
244,633,602,439,227,437,406,301
275,633,611,441,196,392,368,282
330,829,794,582,236,429,406,288
267,651,620,453,275,683,642,463
283,699,664,509,268,708,673,490
268,620,601,436,241,562,539,392
320,699,658,470,166,428,409,284
272,737,709,525,282,759,721,539
360,933,896,649,195,410,383,262
199,575,547,377,278,735,696,515
297,773,742,577,223,525,485,365
272,638,605,437,289,697,657,490
277,617,589,438,163,268,256,183
282,623,579,425,197,358,337,257
248,643,611,438,165,347,332,243
236,582,556,409,180,361,344,268
286,667,639,505,250,589,566,418
290,770,735,522,283,657,630,461
354,867,824,603,257,546,503,388
296,872,842,631,287,719,687,500
300,730,699,509,232,543,509,355
290,715,691,499,183,370,346,237
356,952,907,677,272,713,677,495
259,537,513,353,181,405,385,303
221,609,588,412,243,568,539,407
211,427,401,270,260,608,575,436
287,619,580,402,213,518,503,369
260,639,605,433,272,650,615,436
307,829,793,578,213,510,478,353
343,856,816,584,241,637,612,454
297,694,668,487,205,410,381,299
277,641,612,427,205,493,478,322
242,663,632,456,187,340,308,224
331,888,853,659,242,569,533,362
309,705,669,491,230,543,514,368
239,558,530,391,216,525,501,352
287,594,559,373,200,542,526,390
305,787,756,557,246,543,516,375
288,736,706,504,231,538,515,373
259,599,567,396,138,276,256,187
255,707,691,495,254,592,563,419
352,870,841,630,268,624,598,438
320,782,754,536,187,440,426,277
269,693,661,495,276,651,615,461
316,804,777,592,238,550,523,375
237,565,529,370,177,442,428,330
252,715,684,492,213,510,477,340
350,881,851,633,237,599,573,428
309,808,775,579,314,787,753,563
299,600,559,374,224,501,475,342
378,838,794,583,180,402,386,266
312,796,757,563,238,509,484,337
264,521,495,365,188,339,315,227
245,661,641,455,206,484,458,320
288,738,711,523,280,663,636,436
294,639,616,417,241,503,473,348
274,681,650,458,208,526,493,376
275,768,732,516,279,700,667,498
268,690,658,482,245,547,521,383
314,773,736,535,266,554,522,367
304,652,620,473,214,546,523,406
259,586,561,403,236,527,503,341
252,576,551,393,242,497,471,338
315,807,771,559,123,275,264,189
298,764,735,530,165,376,360,274
277,789,750,567,205,480,465,314
317,732,689,492,273,612,585,432
304,722,691,483,224,571,547,429
228,649,619,449,303,693,665,484
294,647,625,445,234,605,586,433
266,726,693,500,226,476,457,351
329,872,836,633,270,617,592,391
268,701,669,471,251,577,542,378
362,854,824,618,215,519,499,359
192,488,462,327,277,678,647,474
210,551,530,393,263,724,700,532
265,652,616,420,211,477,446,322
185,452,427,334,250,539,514,354
330,774,747,544,313,806,776,549
231,615,584,418,195,479,458,339
325,814,763,560,231,547,519,365
314,863,828,617,305,686,648,490
280,721,696,519,322,790,748,565
252,572,540,397,242,580,557,403
252,631,607,460,271,666,635,452
297,807,764,597,198,452,435,292
238,575,553,420,299,680,645,471
248,682,653,478,262,692,642,484
316,757,727,515,249,605,569,428
225,534,512,360,286,772,753,557
254,582,555,413,239,582,564,403
303,780,749,563,248,594,570,425
304,786,755,562,165,365,347,247
332,808,779,572,211,456,422,282
292,724,699,523,240,546,513,361
261,606,570,421,231,563,544,381
296,735,695,482,212,472,444,301
196,485,464,359,276,571,543,403
293,759,723,530,239,558,527,361
264,691,661,473,167,353,333,251
278,650,626,463,288,754,723,533
217,438,421,318,225,573,545,407
256,624,594,452,248,646,623,458
247,585,556,399,220,501,474,333
321,773,740,544,215,460,437,291
215,536,509,367,220,463,437,334
265,515,496,345,248,539,514,411
284,673,639,461,283,573,553,410
208,496,476,319,179,362,341,257
269,689,655,476,261,720,694,516
261,676,643,528,215,606,587,426
220,614,582,418,283,611,575,412
199,470,454,334,219,509,477,349
271,646,619,455,232,528,509,360
329,742,698,511,215,485,461,327
327,754,702,499,287,626,594,445
328,721,680,484,238,509,473,323
320,746,702,521,255,502,474,340
317,812,780,578,293,651,628,460
303,707,679,503,201,463,440,304
277,755,722,530,272,663,635,463
256,505,476,321,243,568,534,395
254,576,544,375,194,460,439,288
315,852,822,598,241,563,527,372
263,599,571,423,191,478,449,348
269,652,623,462,214,446,426,292
237,526,496,360,202,495,468,323
293,733,701,499,273,624,581,426
252,765,737,532,273,593,565,411
364,866,822,586,287,749,718,542
310,864,830,670,299,704,676,513
249,736,696,527,250,700,676,475
293,841,805,593,269,581,550,382
293,742,715,527,260,680,648,481
297,700,663,475,290,654,621,483
293,668,624,431,288,681,647,487
184,475,454,323,204,487,465,319
224,511,482,333,184,418,395,287
292,525,489,358,203,583,550,406
257,701,670,530,273,728,691,541
264,735,709,545,214,473,448,318
231,635,607,419,256,594,562,405
220,589,562,410,228,529,508,345
308,821,788,590,210,516,478,351
292,773,746,545,236,548,526,354
212,464,438,344,170,408,387,273
329,818,775,569,266,646,609,443
271,625,600,428,248,574,543,392
246,662,622,438,166,328,305,228
280,566,533,386,280,700,671,480
378,987,951,730,211,454,429,318
254,631,607,418,250,560,529,385
220,640,604,435,267,705,674,482
286,789,762,544,278,681,651,499
265,727,702,516,256,571,538,377
266,615,586,461,229,498,472,331
264,645,605,448,314,680,654,490
285,673,645,470,161,409,381,295
282,650,612,437,216,481,461,327
259,708,685,524,241,522,497,360
228,642,621,473,200,440,413,280
180,467,444,343,254,766,735,537
272,762,733,540,210,398,369,269
303,743,706,540,212,375,354,264
206,571,552,404,257,757,735,546
249,621,592,460,194,468,452,327
300,821,794,598,132,321,305,199
313,706,675,483,250,583,554,412
143,308,289,212,276,623,585,459
229,594,569,404,149,383,363,269
268,606,575,452,197,506,481,358
322,771,728,528,218,551,518,390
273,642,604,432,196,472,450,301
292,618,593,411,269,639,614,465
203,456,432,296,242,550,530,363
310,779,739,556,201,469,440,318
379,841,796,590,236,598,572,407
327,822,785,588,237,531,498,374
201,461,435,314,261,629,600,454
270,590,561,400,153,339,311,213
294,688,651,506,253,616,584,420
301,762,727,514,193,485,463,345
289,618,588,451,169,307,285,182
295,767,733,552,233,501,477,391
316,769,738,578,252,639,609,443
207,512,493,337,168,415,394,308
228,559,531,384,272,683,653,478
275,706,672,464,253,516,491,330
296,706,679,493,210,499,479,353
302,660,626,453,212,517,499,348
322,830,793,569,258,580,539,375
295,708,672,485,231,557,534,412
275,662,629,450,216,471,452,322
287,743,710,558,188,555,528,372
269,581,549,379,244,503,480,349
293,762,722,553,252,611,568,411
294,702,668,469,228,488,459,342
336,873,839,635,282,691,654,485
310,777,751,559,253,547,524,379
330,850,811,599,240,563,544,374
329,726,692,526,228,482,457,340
313,777,752,547,304,813,774,572
308,810,774,577,205,476,453,331
326,745,704,532,242,551,518,381
284,639,601,456,268,591,561,408
265,646,618,440,193,398,379,256
296,868,827,615,235,533,504,371
306,702,674,483,220,500,471,343
328,696,658,487,277,554,519,367
254,567,542,370,195,384,361,225
241,605,573,425,281,649,623,440
267,673,647,462,281,648,612,472
298,605,574,412,227,525,492,359
248,655,621,433,296,811,784,612
263,603,563,379,242,495,464,345
315,781,747,565,250,590,560,423
344,839,802,573,237,587,553,405
251,627,597,449,246,589,555,394
202,527,504,343,240,524,496,338
275,585,555,403,221,478,450,349
290,815,773,567,207,422,403,290
329,819,778,592,237,554,525,363
243,526,488,331,208,503,482,347
252,667,641,459,212,417,387,278
237,669,637,474,213,469,440,344
331,710,681,536,216,537,517,376
292,662,626,444,235,592,565,397
286,756,718,538,274,679,653,487
254,601,571,421,222,448,419,285
326,850,814,603,260,638,609,446
238,549,533,373,178,427,404,286
298,771,740,529,189,369,353,263
312,738,697,501,223,551,527,391
255,539,509,411,257,704,675,486
326,824,792,599,200,440,418,286
265,588,559,410,197,379,350,246
258,626,595,431,158,383,367,265
305,680,642,456,194,472,452,357
193,484,463,329,292,705,672,468
236,674,652,446,199,415,388,271
276,674,633,490,213,447,427,302
329,858,817,610,210,447,417,282
293,699,660,494,229,407,377,276
183,528,502,359,187,373,354,265
234,508,488,363,207,517,494,378
282,659,623,489,269,595,566,430
242,554,515,404,171,407,383,281
353,851,809,603,214,542,513,367
288,817,775,589,264,660,628,460
208,573,549,388,281,693,654,481
302,780,753,573,222,630,610,446
348,871,843,645,318,736,698,506
278,627,597,421,254,551,523,347
207,506,475,325,235,528,490,381
285,750,717,547,250,637,616,447
241,634,608,449,303,673,638,475
316,716,686,491,223,523,496,331
343,926,897,677,228,555,534,356
343,866,833,601,208,359,336,253
239,585,556,401,238,568,539,398
284,819,791,587,267,574,540,397
339,850,818,601,160,340,323,265
276,748,713,562,202,414,387,266
350,857,828,613,270,619,595,430
241,659,633,460,235,561,533,400
235,598,574,409,229,558,526,404
258,666,634,480,283,540,508,371
261,672,646,462,256,670,642,481
319,774,743,549,266,663,626,459
263,685,664,482,272,717,685,515
237,692,657,518,216,469,452,321
251,643,621,456,162,386,370,251
251,552,518,389,290,682,647,453
306,692,657,473,170,452,435,317
231,529,512,383,246,635,611,447
260,670,637,466,242,599,580,416
313,742,717,531,203,430,399,323
271,595,562,394,246,584,553,415
311,668,631,499,232,550,522,374
253,599,574,420,215,483,458,335
206,504,478,366,251,533,498,337
236,534,511,381,264,675,649,470
241,630,608,445,230,548,518,370
253,603,576,396,253,680,656,480
236,538,515,364,267,645,607,454
265,627,601,431,209,382,358,247
255,640,616,462,268,584,560,394
222,496,480,312,197,384,370,264
287,756,729,545,250,610,581,418
295,768,737,572,246,642,619,441
333,854,817,601,282,667,625,451
217,466,444,322,226,506,481,345
243,598,577,413,235,614,587,439
314,804,775,592,275,721,691,514
263,635,611,426,191,389,373,273
270,736,704,521,258,636,601,430
254,704,674,509,176,429,405,303
233,508,481,326,256,610,579,422
267,629,589,436,252,526,491,338
271,658,617,449,224,464,431,297
262,574,550,420,164,377,360,248
318,648,611,422,242,629,607,467
319,827,793,584,248,622,591,408
320,851,820,621,226,525,499,328
309,812,777,590,218,589,569,409
268,587,558,413,229,564,538,391
289,751,719,539,246,535,503,368
284,712,683,488,230,467,443,318
300,666,636,455,211,502,479,354
220,527,507,364,271,658,616,474
305,817,777,589,231,518,493,316
277,679,647,465,186,340,326,228
399,888,842,620,226,563,535,398
370,851,814,574,291,597,553,400
300,730,695,493,237,546,517,359
209,575,556,409,276,691,663,474
251,623,593,417,243,641,605,453
243,560,528,368,234,572,543,412
297,759,731,538,169,395,380,259
309,820,789,603,225,516,494,335
289,692,653,486,250,584,555,401
333,771,739,536,287,780,742,532
288,725,703,511,251,572,549,390
285,653,604,441,167,400,375,274
318,795,768,590,264,585,564,408
310,743,711,523,216,507,482,326
224,537,510,371,198,447,424,321
305,688,640,464,265,610,580,395
227,521,500,373,226,510,476,342
210,434,408,310,230,472,447,324
259,584,559,393,238,499,471,334
227,478,457,333,268,567,539,387
273,680,650,477,295,687,659,480
263,604,575,419,265,576,550,392
232,570,545,383,251,591,563,415
313,796,759,563,217,526,505,335
261,633,607,425,212,474,449,354
333,801,775,546,258,636,603,410
315,863,823,630,184,372,349,253
271,613,584,422,240,500,471,378
243,559,531,362,289,720,698,511
298,755,724,534,234,524,497,332
250,555,525,414,233,555,539,395
262,649,619,443,262,629,599,446
326,801,767,542,190,454,432,305
260,713,686,512,262,570,542,391
349,822,795,580,179,364,342,226
351,797,760,576,214,454,428,294
292,779,752,546,289,656,626,470
262,595,565,400,230,541,509,343
286,754,721,522,204,474,452,318
278,625,591,403,252,568,542,403
240,560,526,358,120,233,210,163
268,741,712,504,211,438,418,303
277,797,763,591,272,645,613,446
236,538,518,343,273,641,612,441
358,875,838,589,256,656,626,462
267,739,715,531,160,305,280,220
264,641,613,472,271,645,617,458
298,766,738,541,190,386,365,284
282,675,647,453,174,387,380,270
242,546,515,371,216,428,402,281
337,843,797,588,219,489,468,355
239,558,537,380,247,563,531,396
346,861,829,615,283,699,672,522
285,678,659,476,218,511,486,334
265,674,645,486,153,363,345,242
299,638,615,450,256,614,592,439
253,580,542,380,229,478,453,327
326,853,826,637,209,422,399,286
300,725,691,507,229,506,483,349
244,652,629,449,238,643,619,463
361,838,797,580,304,684,640,471
280,748,720,562,173,432,401,284
334,843,805,600,252,593,562,422
295,662,628,424,251,501,464,327
300,759,732,523,203,508,484,361
265,634,595,438,283,687,652,505
278,666,637,457,172,323,306,220
303,758,725,553,271,579,552,394
293,783,753,574,253,604,570,402
336,723,699,515,248,581,560,405
256,567,531,387,265,583,542,368
314,757,720,516,247,650,615,449
295,715,682,543,205,455,431,304
278,683,647,472,157,355,331,211
348,813,768,561,208,470,439,315
251,625,596,425,208,438,418,308
309,797,768,566,254,615,587,417
305,745,710,509,254,569,540,384
289,788,751,584,245,550,522,372
165,273,253,166,306,645,611,434
258,659,629,450,213,579,556,406
236,593,573,396,218,400,373,274
282,718,683,477,262,682,654,491
302,698,669,470,252,601,575,423
264,666,640,475,252,554,531,353
287,526,504,376,234,563,540,382
323,766,732,540,218,492,474,332
327,799,778,577,172,344,327,237
289,617,580,442,249,571,541,405
309,733,700,504,226,536,509,368
221,582,562,395,243,652,622,444
231,540,517,380,238,473,442,328
294,714,677,510,237,478,454,352
338,894,868,659,217,505,481,346
235,615,581,416,240,593,562,442
251,646,620,436,258,645,622,452
288,675,648,468,250,514,487,380
283,636,609,427,229,619,591,462
169,433,412,280,216,543,519,367
294,578,547,393,220,428,406,288
174,505,483,356,254,632,609,485
315,759,726,546,207,527,507,351
317,822,782,566,232,617,591,423
279,704,677,482,213,539,510,381
249,605,574,420,240,538,515,384
257,646,619,427,238,578,554,423
306,687,663,485,254,532,506,375
265,736,707,555,253,479,457,348
263,657,629,457,241,539,498,353
352,850,820,594,202,440,417,293
232,738,709,528,238,537,508,356
240,592,565,406,230,563,541,356
314,711,674,484,219,531,501,354
268,657,631,440,308,716,684,503
290,689,656,481,217,456,431,326
290,765,727,516,265,693,670,509
331,814,780,555,324,755,720,542
290,694,656,471,208,421,397,284
235,563,526,410,212,477,450,350
312,715,684,483,177,455,431,331
334,734,697,505,221,501,477,357
267,582,547,377,247,574,543,409
348,839,803,591,260,538,509,387
293,686,650,472,292,631,606,427
301,792,760,572,221,449,420,322
212,488,461,330,236,510,488,350
241,591,557,398,185,485,468,343
300,791,762,544,298,740,704,530
280,734,698,514,208,542,510,380
321,792,748,573,226,582,563,418
260,697,672,485,256,674,643,471
337,830,789,596,168,374,350,261
278,681,657,460,247,609,585,442
244,664,630,454,272,655,618,472
298,757,733,520,254,505,477,341
338,878,834,604,246,612,570,431
264,739,714,537,208,456,433,344
307,658,633,454,226,482,445,301
287,629,594,421,280,674,643,493
255,640,614,410,218,557,538,372
282,668,634,479,230,474,455,323
286,675,649,496,165,367,346,254
264,694,668,470,229,521,498,346
191,437,421,308,227,587,557,417
282,725,696,503,179,440,414,282
286,773,746,564,190,410,391,269
234,609,586,410,179,397,375,247
245,630,605,454,249,549,527,387
210,455,440,330,259,695,669,518
230,575,554,393,221,430,405,295
312,812,788,555,225,466,447,331
291,719,695,489,238,564,544,407
360,827,778,562,215,572,542,396
251,571,538,394,260,603,568,419
312,835,789,602,232,519,501,363
226,429,404,285,201,436,417,269
368,781,741,516,229,533,500,355
290,696,657,466,216,555,534,371
324,815,777,572,243,572,548,385
314,740,709,527,193,448,423,305
334,829,786,590,215,452,420,296
314,732,683,495,226,513,492,372
260,597,574,420,244,582,558,427
318,851,811,599,221,508,483,335
196,474,450,301,282,659,625,458
377,934,892,661,245,589,557,413
227,679,648,496,233,482,451,332
248,536,500,350,232,620,592,443
253,640,613,432,180,372,352,271
296,781,751,553,209,506,477,335
308,828,791,588,233,593,565,404
284,622,601,440,240,553,531,412
255,610,587,402,288,666,632,467
292,628,583,475,270,658,627,465
233,509,479,367,295,690,654,475
263,687,651,464,285,718,687,513
313,630,590,422,201,512,481,363
231,512,494,341,176,383,361,229
280,739,721,529,256,534,515,360
228,566,537,383,252,532,496,392
302,720,685,503,236,514,486,345
243,533,506,358,156,405,385,276
293,659,623,442,294,702,664,498
256,598,564,381,217,413,385,290
294,823,783,614,250,620,583,448
269,646,613,444,201,515,494,348
350,846,800,574,203,424,412,322
180,409,393,300,287,685,657,480
221,620,603,444,209,417,395,277
254,578,556,398,240,501,469,341
302,853,820,638,220,444,421,312
303,761,736,548,202,500,482,335
259,656,629,420,270,569,542,376
355,875,843,640,250,601,581,436
320,840,800,590,198,426,404,287
289,620,591,440,270,707,671,495
216,523,494,341,263,696,661,481
318,766,726,497,189,419,403,286
244,592,560,386,281,701,671,490
261,608,582,419,185,363,342,235
240,466,445,318,280,595,563,411
340,841,800,608,205,475,449,325
319,803,770,561,279,727,690,520
256,645,615,466,240,615,588,435
352,830,793,613,305,697,668,492
272,628,600,420,228,490,453,341
249,598,576,419,203,514,487,346
309,770,734,533,311,648,614,465
318,803,777,559,297,695,655,480
257,569,544,383,291,732,708,503
261,573,549,382,211,469,448,328
306,687,646,467,229,566,548,405
269,597,559,425,186,486,462,348
274,641,619,491,270,640,610,470
237,554,535,379,273,598,563,406
341,782,745,555,277,752,728,529
263,683,671,473,245,504,474,317
281,581,560,401,242,579,549,449
258,646,626,448,215,516,484,361
328,800,767,551,232,559,535,416
307,734,690,488,265,628,593,449
335,905,865,650,265,703,679,501
316,781,741,551,261,661,629,488
245,600,570,395,281,677,645,482
234,577,555,414,192,427,399,260
229,561,528,388,198,456,439,314
260,680,656,463,224,466,434,278
320,748,716,532,252,602,574,422
198,459,441,332,239,620,580,424
216,508,488,337,243,547,525,358
302,890,845,621,272,624,594,452
293,710,682,532,221,571,552,389
319,870,838,627,248,525,500,362
287,697,668,479,179,331,308,229
304,666,631,461,151,331,316,221
243,553,527,368,196,478,456,328
248,538,506,362,285,725,702,491
256,674,647,490,263,665,637,469
289,675,641,487,253,669,641,438
334,851,820,609,239,595,567,400
253,525,491,333,226,454,424,293
256,501,478,361,171,374,359,240
237,589,560,396,254,592,564,427
266,705,666,492,258,679,644,454
258,637,608,455,196,456,434,342
296,717,680,492,212,441,415,303
233,617,596,430,203,350,328,238
346,867,830,614,205,497,470,368
239,595,577,423,265,557,527,369
243,565,537,368,211,518,496,390
251,531,513,374,237,533,501,374
273,589,557,383,226,549,518,359
353,804,766,519,195,426,401,308
246,579,557,388,249,561,538,387
310,730,704,502,205,422,397,292
273,646,620,440,177,377,355,254
311,790,759,570,321,789,759,540
262,657,615,425,261,625,597,426
260,556,530,378,231,554,520,410
252,603,575,392,225,547,513,374
241,598,562,430,234,557,531,390
277,692,658,482,224,567,533,365
348,784,744,529,280,665,635,471
274,657,629,456,205,416,390,298
311,898,870,639,208,432,409,303
339,829,787,588,239,519,497,374
243,668,643,478,240,549,524,387
294,765,741,527,247,591,559,424
199,454,429,310,217,445,426,311
235,447,420,296,191,450,430,296
278,729,692,480,196,450,427,306
354,883,847,620,283,688,664,472
270,702,677,481,269,575,534,389
277,588,563,407,156,330,313,235
311,761,721,536,219,481,462,320
196,420,392,289,143,288,268,212
281,647,622,414,234,606,576,401
299,796,756,560,305,794,765,543
244,545,516,374,270,522,500,347
278,672,645,477,246,496,466,341
309,854,811,591,230,632,602,415
284,602,568,417,201,432,404,290
359,840,804,587,185,396,375,257
315,879,847,656,258,620,579,423
264,627,605,430,299,699,680,517
243,596,575,401,199,441,416,303
295,747,721,529,167,337,316,229
312,732,694,492,136,312,290,225
291,654,614,434,230,481,456,347
250,567,543,391,208,503,483,333
252,451,430,333,205,462,444,326
327,706,670,486,311,717,689,515
240,633,609,450,229,518,494,346
276,604,584,419,211,512,485,343
262,640,613,432,211,461,437,314
212,487,461,310,219,475,451,321
377,874,840,632,190,422,398,313
305,774,740,545,268,667,632,486
342,945,908,668,281,590,565,411
268,684,649,445,283,649,616,448
248,642,619,459,305,763,737,556
169,354,339,246,224,472,439,321
327,797,761,546,163,326,310,218
296,752,713,542,278,724,682,521
332,827,793,618,262,653,624,469
285,697,669,527,196,427,396,268
271,674,643,482,234,530,499,352
282,687,661,481,230,609,572,403
321,819,778,568,277,582,545,391
336,861,827,619,235,543,514,364
242,634,610,445,234,523,497,399
235,547,525,378,242,516,483,360
383,898,864,644,230,520,486,379
255,653,621,425,227,506,480,335
246,655,624,470,184,385,366,262
262,570,539,397,244,524,503,365
259,621,588,424,218,464,443,306
239,655,628,465,204,466,441,304
329,840,805,597,185,417,401,279
301,784,750,565,260,662,624,470
323,808,775,571,247,512,482,355
322,791,762,563,203,428,401,280
287,753,720,531,219,514,488,383
302,803,773,589,258,562,526,382
239,656,630,468,253,621,589,428
239,633,605,424,208,439,414,294
255,576,552,379,235,514,492,380
229,511,487,369,297,656,628,438
309,817,795,599,263,662,632,493
242,607,583,416,203,459,431,306
280,683,646,469,268,629,597,443
252,520,489,350,230,569,536,401
282,751,720,540,203,536,511,369
258,682,647,478,257,537,503,357
246,581,546,394,210,478,462,331
268,655,626,446,256,624,593,422
310,866,832,630,190,448,426,295
284,803,776,589,218,521,496,354
242,586,562,380,253,544,511,358
297,659,618,461,205,555,533,369
259,567,551,413,196,509,492,360
260,677,647,473,244,555,528,386
332,836,802,575,226,471,443,330
228,556,525,375,232,517,492,377
295,789,760,574,277,604,575,393
318,760,719,497,271,731,701,501
236,630,603,415,272,685,648,482
287,703,669,491,172,366,343,240
266,754,727,535,319,764,729,552
312,712,677,533,211,433,392,287
196,437,412,313,146,349,332,226
296,807,767,567,200,440,423,293
327,778,733,515,280,657,628,442
212,396,378,268,205,564,544,398
322,787,756,567,231,502,483,354
197,410,391,275,188,393,373,250
260,534,501,354,239,556,527,368
310,767,737,532,185,457,426,345
278,596,562,397,277,663,626,448
260,610,575,435,253,662,634,475
318,864,829,623,263,646,607,439
246,603,565,405,203,375,350,263
260,607,584,421,236,559,531,380
249,616,572,428,330,696,670,472
336,763,736,594,214,495,473,340
345,858,821,607,181,394,368,287
274,694,663,474,255,655,613,465
327,791,756,542,245,616,594,438
294,808,772,573,204,451,430,315
268,757,729,531,237,626,594,445
242,569,543,416,158,265,252,190
244,640,614,453,247,601,567,408
221,571,549,402,184,418,400,281
326,804,772,589,138,288,273,198
305,663,618,462,201,420,396,263
305,768,731,563,240,554,522,360
300,800,760,580,179,363,339,265
276,775,741,574,258,547,521,384
283,620,591,409,294,636,606,430
255,583,550,387,227,595,562,423
339,787,762,562,185,460,434,315
309,821,791,592,262,575,547,419
340,880,821,597,218,546,520,358
270,688,655,506,303,765,731,520
290,737,706,481,241,534,499,359
307,858,815,625,207,449,425,292
293,749,716,526,209,451,423,282
363,876,849,623,247,655,625,455
280,617,588,416,248,616,593,417
303,710,671,487,196,423,407,294
349,773,742,555,251,535,500,349
258,576,550,423,220,523,495,332
191,444,425,280,235,500,481,325
277,657,612,443,252,599,571,431
239,538,510,333,220,441,422,289
334,896,869,650,231,509,481,329
337,855,826,605,210,431,404,285
241,467,436,324,299,684,656,464
289,652,623,462,286,681,644,474
245,578,549,373,235,492,456,332
211,439,415,305,187,489,467,346
314,700,668,523,234,494,459,337
295,703,668,475,220,557,526,410
337,838,806,611,198,469,440,304
325,652,612,438,215,438,407,286
346,915,870,653,215,597,572,420
355,898,853,637,216,456,430,310
279,759,726,526,210,485,462,344
233,543,517,359,233,559,535,401
251,675,653,482,262,635,598,447
270,676,652,468,236,564,531,392
321,777,742,585,184,394,374,274
311,820,787,585,206,500,478,359
236,489,466,300,233,515,495,369
337,739,703,516,249,623,590,447
261,587,557,398,210,507,481,345
323,831,794,578,289,654,609,467
348,884,839,628,161,375,361,254
275,712,669,489,206,447,425,313
189,335,312,239,288,670,639,463
192,449,427,306,182,470,455,364
300,681,650,458,218,571,550,380
295,816,783,610,244,516,493,338
238,571,538,400,233,467,443,317
303,683,652,501,289,694,656,479
321,793,750,571,307,657,622,435
325,778,739,531,277,663,632,477
338,769,733,526,223,589,564,426
320,832,794,595,221,505,483,359
246,630,606,449,298,705,665,480
260,709,680,491,265,654,612,461
340,833,789,599,260,536,510,371
255,631,600,444,225,483,466,315
279,687,659,462,274,662,632,466
282,664,626,452,188,351,327,210
294,691,666,473,223,529,503,346
289,657,626,441,130,263,247,181
289,594,570,414,179,382,357,220
281,642,613,413,183,335,310,241
240,590,559,394,228,630,598,455
329,835,807,605,194,399,376,280
357,868,835,595,265,670,641,469
313,806,771,572,211,366,337,232
269,728,699,527,206,489,464,343
232,592,567,400,210,470,441,319
254,603,576,402,229,663,642,488
354,832,800,581,243,655,631,467
341,808,768,563,146,289,268,196
301,789,758,561,266,610,567,423
353,833,800,590,236,504,468,337
240,518,490,326,155,332,310,238
259,680,638,448,226,521,493,340
338,857,813,579,232,580,553,392
270,663,637,459,227,520,498,387
285,662,638,473,270,601,573,412
300,816,789,591,247,546,516,357
276,681,650,471,216,463,442,309
246,735,713,501,236,501,472,331
308,747,718,512,294,726,694,520
270,670,640,441,212,421,397,293
238,619,587,427,210,460,443,313
322,784,749,567,241,595,569,419
315,702,670,465,265,654,625,466
236,571,541,371,226,503,469,305
330,791,762,552,266,613,575,404
217,522,491,338,210,494,459,312
326,834,802,602,245,511,486,337
240,672,647,477,287,674,643,454
242,571,541,375,215,482,457,336
265,792,763,596,198,390,359,238
281,796,775,552,231,596,574,420
250,624,588,421,252,562,533,357
262,563,532,386,264,624,593,454
314,815,775,588,288,639,620,463
287,744,701,493,227,547,520,379
218,534,506,367,315,726,691,506
261,675,637,461,226,515,491,365
269,504,471,341,289,623,583,416
217,556,525,361,250,578,545,413
291,660,630,450,299,674,650,482
330,844,806,611,209,517,491,359
366,900,862,647,166,372,355,264
332,792,763,546,190,403,386,288
278,781,748,551,267,726,687,511
298,746,715,528,193,370,335,246
192,474,457,319,238,518,483,356
177,362,344,251,238,577,554,393
334,846,808,595,224,542,514,397
270,665,641,482,207,586,561,399
338,791,758,546,285,672,645,491
234,604,577,420,225,557,533,389
206,444,417,316,262,623,602,421
270,756,724,552,227,504,482,333
322,752,714,526,245,656,624,462
241,536,508,359,311,697,664,490
285,747,716,503,195,460,430,334
280,705,663,509,244,536,512,343
337,833,785,596,270,622,580,424
313,757,729,573,210,488,461,313
331,730,699,491,183,321,297,220
293,674,638,455,209,482,456,338
314,807,775,602,253,573,549,391
221,516,491,352,221,438,409,275
276,686,651,455,199,524,496,373
326,797,763,571,290,710,677,503
274,804,778,569,175,389,364,246
271,629,596,442,314,671,637,483
240,628,605,427,249,525,491,349
286,754,718,508,225,530,514,344
239,573,542,384,211,504,478,371
229,618,587,449,214,466,434,316
313,865,837,618,234,505,473,347
268,709,679,520,256,536,508,390
289,703,680,506,233,550,519,371
227,625,595,454,175,435,408,296
252,593,555,394,178,449,431,311
277,620,597,413,305,586,556,401
238,545,513,379,207,476,456,358
212,497,481,312,175,462,441,306
252,610,575,401,231,497,466,334
272,667,643,479,213,475,456,334
285,764,735,568,281,615,587,425
289,751,716,552,181,428,408,270
314,759,719,551,211,483,467,336
282,697,672,485,309,743,712,502
247,587,562,403,264,661,627,460
250,587,559,409,235,556,535,421
274,601,562,383,269,605,580,423
313,756,720,524,200,420,393,271
330,782,739,545,231,428,405,286
278,778,748,551,242,589,553,421
208,497,472,313,240,497,477,353
293,701,675,511,164,423,407,253
287,631,608,454,170,368,341,278
331,874,841,622,201,537,520,417
291,639,612,448,167,432,400,314
275,678,655,486,305,723,690,509
356,879,843,642,226,546,520,367
362,926,887,650,202,444,420,302
278,659,632,468,193,404,378,280
311,739,693,504,281,697,670,487
222,501,481,326,217,496,467,340
249,665,638,477,220,495,460,328
239,615,587,428,249,705,679,485
248,560,544,349,250,610,584,436
265,735,699,535,270,728,692,520
252,613,571,417,256,602,571,410
238,622,588,415,122,297,280,201
288,663,632,435,200,465,438,311
247,567,538,385,245,640,615,465
256,551,526,399,224,387,365,262
330,722,696,515,314,735,691,507
282,638,603,452,244,576,547,374
245,586,556,389,313,653,622,439
311,737,690,488,203,430,404,289
310,755,726,540,255,501,476,350
279,543,509,397,232,540,505,364
199,582,561,390,228,517,487,352
271,700,661,499,219,511,489,358
304,903,856,657,251,609,588,446
279,690,653,495,277,623,596,461
285,698,667,472,256,715,678,516
280,671,632,479,215,462,440,332
270,731,703,503,311,736,706,506
240,625,596,420,239,568,541,377
280,757,724,541,194,380,358,257
269,707,673,532,175,399,368,283
306,725,690,514,234,553,525,378
251,649,624,473,192,428,408,293
340,809,768,562,298,675,644,496
224,493,459,335,218,517,499,332
241,619,588,403,180,448,423,327
225,606,584,419,310,744,718,529
363,843,807,598,273,656,624,466
263,583,551,392,193,451,418,276
256,586,557,406,286,664,631,472
327,935,896,676,250,515,491,361
276,734,708,489,228,508,492,343
302,820,786,565,261,562,523,373
314,645,611,450,199,437,413,297
267,707,674,501,267,689,660,474
241,457,435,316,214,476,445,347
216,537,515,351,193,466,444,335
318,779,743,545,229,561,538,387
257,641,608,441,250,676,652,495
256,666,639,463,218,495,472,358
242,552,530,370,184,431,409,296
311,697,665,483,168,346,328,236
244,525,498,382,227,636,604,463
262,715,687,547,268,644,613,419
262,632,591,437,272,636,607,460
283,544,515,359,221,521,489,359
250,603,564,418,163,354,341,258
313,726,697,523,232,502,473,335
242,530,505,345,246,580,548,428
247,548,529,376,240,526,496,371
283,678,644,493,198,375,360,254
330,841,803,615,262,603,576,406
280,649,613,430,238,574,552,393
253,553,521,382,217,446,417,300
