142,231,222,176,77,103,92,84
108,184,171,126,78,133,123,105
105,211,202,154,72,104,98,78
113,179,173,119,79,117,114,85
123,195,179,137,65,71,62,55
108,195,188,146,65,85,79,67
85,141,136,112,89,141,127,107
115,173,161,116,75,112,105,93
96,161,153,114,84,93,77,65
76,113,101,91,64,79,76,63
70,137,124,91,72,98,86,77
119,206,189,133,79,114,104,86
78,101,87,77,62,71,58,63
101,152,134,110,76,103,96,78
117,217,200,155,82,126,117,99
98,164,152,118,75,93,87,69
131,253,244,174,88,116,105,88
115,207,198,136,71,94,87,73
115,196,179,144,76,114,105,92
147,237,223,157,81,95,83,73
105,184,171,144,94,136,128,99
126,190,181,139,76,106,96,84
135,250,232,175,70,102,99,81
152,321,308,247,65,96,83,67
82,124,111,93,95,123,114,90
128,210,197,145,82,94,87,73
120,212,196,152,100,117,105,88
116,222,213,160,76,108,95,81
97,137,129,92,86,121,113,99
121,219,206,145,82,96,90,79
82,167,159,127,74,117,106,85
114,140,134,98,91,125,114,88
93,156,150,120,63,82,67,63
101,211,201,160,79,113,103,84
90,140,131,105,96,153,141,113
119,222,215,163,69,79,74,60
112,156,142,112,81,96,83,70
140,244,232,161,83,107,100,86
98,119,108,89,88,115,102,86
105,198,185,122,96,156,147,119
94,190,179,132,82,95,87,73
112,193,182,132,75,98,90,79
95,167,158,120,81,99,90,74
127,246,227,185,81,103,98,81
120,229,215,171,86,109,99,76
127,192,178,141,78,96,84,77
132,231,219,168,96,166,153,128
117,210,197,139,78,115,104,91
99,195,185,133,81,122,109,99
93,142,133,113,95,102,88,80
97,166,159,138,71,113,103,89
112,209,198,141,84,134,126,113
142,328,318,231,82,103,95,76
72,91,75,62,65,81,77,67
117,184,174,133,72,89,86,71
139,229,218,166,85,113,99,87
90,152,146,123,94,125,118,103
139,279,264,191,68,83,77,67
105,177,164,129,57,58,45,43
162,367,350,266,71,106,100,86
75,117,109,79,92,118,105,76
95,150,137,106,71,104,93,73
121,274,263,204,88,106,92,81
90,192,182,132,66,92,83,73
128,237,216,162,80,111,99,86
99,144,133,99,76,86,77,67
106,193,180,146,82,121,114,82
158,295,281,201,90,118,107,92
115,217,195,154,75,106,98,76
132,275,262,191,89,121,112,95
98,136,128,100,71,97,92,80
79,155,152,123,70,107,103,80
70,110,102,92,65,84,73,65
87,160,152,110,78,124,112,100
71,118,113,84,76,130,120,90
147,291,274,205,64,90,83,72
110,195,182,144,75,109,106,82
139,255,240,189,88,129,116,97
122,220,201,156,62,80,75,66
128,181,166,134,69,102,92,83
109,167,154,117,71,81,72,64
163,326,307,235,67,93,89,66
151,281,264,183,77,115,109,96
121,223,210,146,80,102,96,73
117,173,165,122,82,101,92,77
141,238,220,181,72,106,97,87
139,302,296,216,77,102,89,80
79,135,128,106,89,132,124,97
149,258,243,190,64,82,75,63
120,207,191,143,94,157,150,118
66,102,98,74,101,128,124,100
121,245,236,177,76,93,80,68
81,110,101,87,81,116,107,91
107,194,186,118,92,132,121,99
105,215,200,153,71,95,85,75
199,328,303,230,83,85,77,64
137,279,262,206,71,91,83,68
93,132,123,94,69,99,94,75
115,209,193,145,84,123,115,98
121,209,194,141,60,62,55,55
115,196,179,129,78,105,94,82
123,228,213,160,100,140,129,107
100,156,146,100,86,111,104,81
126,231,214,155,68,74,67,57
106,174,167,138,81,108,99,86
116,194,181,138,73,112,104,80
94,161,147,126,87,129,114,104
130,194,177,137,71,119,113,89
92,142,129,91,86,117,105,87
149,258,242,187,67,70,62,57
146,293,277,208,125,164,151,121
141,230,216,164,75,108,101,77
158,263,251,199,58,90,81,75
105,188,182,156,79,102,93,82
87,167,158,108,75,87,77,70
66,117,105,85,84,114,104,84
88,137,127,104,91,124,119,107
86,138,124,98,87,110,96,76
117,197,184,138,57,80,74,71
125,224,204,164,66,92,85,71
119,220,202,171,109,172,156,123
91,142,130,104,80,114,104,94
160,306,292,211,94,127,115,98
100,139,129,112,89,126,115,99
137,261,245,178,77,96,88,69
112,165,152,121,71,94,85,71
158,306,289,210,83,106,94,78
99,201,185,130,76,101,89,78
120,207,192,138,76,111,101,89
126,235,222,167,90,141,125,109
95,160,153,117,79,95,89,71
120,247,235,182,86,138,121,97
91,155,141,113,89,119,111,95
82,140,135,105,89,115,104,89
110,195,180,134,78,104,96,89
99,191,183,140,69,85,81,66
113,169,155,115,103,145,132,110
98,182,173,127,87,115,104,91
130,232,222,172,69,79,71,59
108,176,162,120,99,115,106,87
85,94,80,68,80,114,107,89
108,189,178,142,88,146,134,105
100,151,142,99,72,111,103,85
120,237,223,184,75,116,104,94
102,178,163,124,77,101,93,75
88,160,149,112,69,84,77,72
86,160,151,106,87,122,112,100
117,190,178,135,76,88,79,67
102,159,153,100,91,115,100,86
111,175,168,121,92,128,119,105
115,229,218,161,69,92,90,66
148,281,261,209,64,91,82,74
141,236,219,159,77,101,93,85
121,199,185,126,85,134,127,113
82,119,113,87,82,133,127,98
114,185,170,127,75,89,80,63
120,254,240,182,77,91,81,70
119,237,223,166,89,107,99,83
110,176,163,116,89,123,112,100
161,318,296,220,78,115,110,84
119,239,227,162,78,103,98,80
80,134,126,115,101,128,115,100
120,250,237,187,80,131,123,104
121,200,187,147,74,77,72,63
87,163,154,121,52,60,53,48
100,190,178,142,77,103,92,84
92,169,153,123,51,68,60,60
89,161,153,112,65,107,98,80
80,115,108,86,62,81,69,68
129,218,201,149,75,98,90,76
123,206,187,133,75,113,101,77
128,257,246,189,65,108,99,81
120,171,162,132,77,99,92,74
134,242,229,174,80,108,96,80
127,249,233,167,58,70,62,57
116,230,216,161,82,115,106,94
123,205,191,147,69,116,110,85
109,185,175,116,73,92,85,69
97,173,161,124,51,70,63,55
113,213,196,147,68,79,69,60
76,107,94,84,58,77,72,58
125,243,229,178,74,98,86,80
119,214,197,158,95,139,125,112
91,151,144,109,70,99,89,77
111,193,186,147,77,96,89,72
159,321,306,236,84,136,129,98
134,256,247,187,79,100,95,79
111,208,194,158,94,134,122,101
95,170,160,131,69,91,82,77
95,152,143,108,66,109,97,83
100,165,152,120,48,69,63,53
84,163,151,104,82,108,92,80
83,150,141,103,80,106,98,84
132,277,263,214,69,92,80,75
107,157,151,119,85,116,109,84
104,168,154,124,80,127,114,104
128,217,199,142,82,95,85,75
136,235,218,170,80,114,106,79
108,184,174,131,70,115,111,86
132,226,210,168,90,121,110,95
138,217,197,156,84,103,95,80
103,173,163,123,76,94,88,64
164,335,313,217,80,103,90,78
104,165,150,121,89,112,107,84
116,206,195,145,78,113,106,87
142,272,256,194,68,80,75,61
127,234,203,165,88,102,94,79
113,207,193,147,79,98,93,71
77,113,102,78,91,168,155,116
100,160,152,107,95,139,123,112
107,200,190,139,82,88,80,68
130,223,209,152,72,135,129,107
96,184,172,135,86,100,86,80
96,154,146,111,78,117,107,85
151,293,282,206,75,103,93,79
115,196,184,138,63,76,70,57
115,207,197,155,79,103,92,79
115,181,161,132,78,94,88,78
134,216,205,171,87,115,104,93
121,180,168,120,93,113,99,87
116,232,214,165,68,93,82,75
110,203,192,143,72,102,95,79
133,226,210,153,59,68,62,50
102,187,174,142,76,97,82,75
106,154,144,117,90,154,141,107
156,333,320,235,77,88,82,65
103,190,180,125,87,105,99,80
108,177,165,127,68,86,81,67
92,156,149,112,73,91,79,68
118,210,199,168,93,117,99,84
104,198,187,163,52,67,64,47
91,111,102,90,104,115,108,92
141,237,217,161,93,150,144,109
120,232,221,161,77,82,76,66
99,225,216,162,64,89,86,72
146,227,214,154,81,102,94,81
135,287,275,201,74,93,85,76
130,302,288,200,73,98,87,74
105,213,201,154,87,145,132,107
124,188,175,131,96,117,106,89
100,204,197,145,80,132,130,109
76,110,103,84,91,114,94,92
102,159,144,112,88,102,90,77
108,204,190,151,82,96,84,79
128,202,189,139,79,117,106,92
117,226,215,162,72,80,73,63
127,220,203,154,56,86,78,61
121,250,233,177,62,81,75,62
107,179,166,139,66,75,70,49
112,232,212,162,84,83,75,64
58,68,57,52,80,82,76,66
100,156,139,121,112,147,136,110
102,157,145,109,80,94,92,76
126,227,219,169,82,101,92,77
121,223,206,165,100,137,132,109
120,215,209,149,66,102,98,70
145,250,239,179,99,144,136,111
142,249,231,180,80,91,81,68
146,321,307,233,82,114,106,79
147,268,251,198,66,93,87,78
115,160,142,122,68,78,71,57
160,285,266,194,73,97,87,64
128,236,221,165,76,97,85,79
126,232,213,158,75,77,64,59
94,137,124,87,65,93,85,74
110,133,122,101,75,115,105,79
94,142,127,108,96,141,132,114
100,166,146,118,86,139,126,108
111,191,182,128,63,71,66,56
127,234,219,159,88,144,127,109
148,309,286,200,68,99,87,78
151,269,256,201,98,137,121,106
85,132,120,91,86,107,90,81
99,161,150,106,80,123,115,89
83,147,139,115,98,145,137,118
124,241,229,165,90,101,95,79
91,133,122,92,89,106,94,89
139,240,227,190,72,83,73,71
122,251,236,195,96,121,106,88
110,202,189,142,73,93,87,69
120,214,198,142,78,110,98,87
120,140,132,98,78,104,99,83
119,198,188,154,90,126,115,99
145,290,278,196,69,100,87,85
111,171,164,129,93,122,114,93
108,203,190,142,79,81,73,61
127,199,187,149,73,88,76,73
119,207,194,156,72,107,98,83
103,153,143,107,105,143,133,109
127,197,185,136,89,132,121,105
109,167,154,129,76,123,114,90
129,198,180,143,78,95,89,71
104,176,165,119,81,102,90,74
82,130,122,88,75,120,113,89
104,190,184,116,70,97,89,73
122,216,205,164,72,87,76,65
86,158,145,111,80,109,102,79
133,241,231,173,59,81,74,62
157,333,318,228,94,171,161,135
119,207,195,141,84,112,105,80
110,198,187,142,79,112,103,79
103,135,121,92,75,111,101,83
75,108,105,76,56,72,64,52
85,127,116,95,83,120,107,93
117,172,160,128,102,125,116,91
144,259,246,187,64,80,75,58
106,171,161,115,77,117,107,82
124,206,193,158,69,83,80,64
90,165,156,116,86,115,109,76
120,184,163,127,104,164,151,134
111,182,172,137,92,125,116,89
112,211,203,166,66,73,64,52
115,193,176,140,56,57,55,49
166,268,253,180,67,75,67,68
137,184,172,127,78,97,87,73
123,216,202,173,75,107,101,77
97,145,130,111,77,129,119,99
131,173,160,142,80,93,79,67
92,166,155,127,66,91,84,77
97,133,124,96,71,103,93,91
104,146,135,108,71,89,86,75
124,250,228,198,100,165,155,131
126,248,233,168,79,120,108,94
97,169,153,124,93,144,132,106
75,122,114,98,102,148,136,114
117,182,171,119,85,99,92,70
132,205,182,151,95,134,123,102
117,226,213,169,72,102,92,75
115,215,199,153,70,89,79,73
126,213,203,145,73,80,76,68
109,190,177,141,59,69,65,53
125,203,183,152,84,116,108,87
120,200,181,143,66,67,59,52
131,198,179,143,70,80,73,54
108,224,210,156,80,121,106,96
116,247,238,163,80,93,88,78
123,201,187,150,76,112,96,95
112,182,167,124,52,62,58,54
128,297,283,223,70,94,87,73
103,170,158,118,71,117,109,91
156,304,282,219,69,97,86,71
111,227,214,157,66,125,118,89
125,169,160,125,79,110,104,77
105,197,189,117,66,108,102,88
129,190,175,132,80,109,97,82
100,174,162,114,84,110,96,83
121,221,206,150,80,109,101,85
137,268,250,179,64,86,80,70
114,185,168,118,96,125,118,91
138,221,207,137,69,89,83,74
85,143,137,103,76,114,100,91
80,140,132,110,63,74,67,57
99,169,158,124,117,146,135,118
105,186,173,131,70,94,80,69
155,288,276,204,76,124,117,98
123,237,226,179,73,104,96,82
91,145,135,104,93,128,121,104
109,204,189,151,49,53,49,35
110,208,194,147,73,104,94,83
106,157,145,117,73,105,101,87
118,156,141,105,55,74,72,60
147,274,254,195,59,91,83,71
121,247,234,188,73,88,83,70
127,230,218,149,53,63,55,52
83,106,94,83,69,88,77,70
151,301,285,215,71,114,102,94
109,219,211,166,69,81,68,69
126,239,232,176,89,119,109,97
137,237,220,182,94,154,144,118
103,152,135,108,91,137,126,104
101,161,156,114,75,93,85,66
95,142,128,105,91,141,128,107
104,155,139,115,76,111,107,84
141,257,230,201,67,98,88,76
134,229,217,174,77,96,89,80
78,111,101,87,119,157,144,112
113,181,173,137,81,129,123,99
118,210,193,156,77,88,76,74
95,171,159,129,71,107,100,75
98,128,113,85,84,123,115,89
129,207,196,140,93,121,112,88
107,211,202,169,79,113,107,86
123,217,206,163,65,90,83,74
130,240,230,170,70,83,75,63
130,264,251,171,73,106,99,77
138,214,195,158,85,110,96,80
99,150,142,111,98,141,127,95
108,168,149,121,78,114,103,93
107,179,165,134,75,123,115,90
87,137,131,106,90,143,130,104
147,249,228,173,83,128,120,94
145,223,206,151,80,84,74,61
103,172,162,123,70,91,88,67
120,187,169,147,85,127,119,96
85,113,103,89,79,107,101,80
113,203,191,161,74,104,94,76
120,254,240,181,87,136,123,94
93,156,142,100,68,87,83,70
100,201,186,140,107,163,151,128
112,190,176,138,69,117,105,87
108,169,158,130,86,112,100,88
129,240,223,177,74,99,96,74
68,116,105,78,77,94,85,70
83,140,129,99,83,93,84,75
83,109,101,78,82,114,107,88
121,242,229,189,80,127,118,90
119,214,201,138,60,109,103,76
142,270,253,193,92,132,120,99
108,189,168,140,93,145,136,108
107,180,166,137,71,109,102,88
125,238,225,177,92,116,96,89
97,186,173,124,65,85,79,72
164,324,305,240,96,148,142,110
69,102,96,75,83,112,104,83
128,294,277,218,97,145,138,117
92,141,133,100,57,79,71,56
145,285,272,204,74,95,89,77
112,178,166,138,89,138,128,106
111,173,156,131,77,105,92,80
122,202,193,144,70,92,84,68
80,172,161,129,74,115,104,85
86,118,108,84,82,100,91,68
149,300,284,204,64,93,87,67
95,164,155,123,70,89,79,67
95,157,151,114,94,137,129,106
104,160,146,121,57,72,64,57
117,216,197,157,58,93,89,67
103,194,180,123,81,110,98,89
99,206,193,145,93,140,129,105
111,204,187,144,82,96,92,77
137,240,227,173,72,92,85,75
131,205,191,137,102,141,132,107
158,323,310,231,78,94,90,75
123,218,202,150,77,106,99,84
97,120,108,87,78,125,118,95
141,266,250,193,88,115,105,90
115,244,231,163,82,115,107,99
95,141,135,104,84,101,90,75
123,197,186,138,83,117,106,97
95,127,117,89,69,88,78,65
103,146,133,103,83,122,116,93
98,160,150,119,76,124,115,89
112,186,173,117,70,82,75,65
143,236,222,173,80,104,99,82
125,215,202,158,76,94,82,74
119,228,216,155,89,123,120,101
118,212,198,149,64,95,90,71
103,143,137,115,81,100,90,80
150,294,282,202,71,108,99,86
118,181,164,125,57,65,58,52
120,240,225,167,75,113,106,87
130,231,216,159,118,157,147,110
157,289,265,203,57,82,74,62
125,198,184,141,70,79,72,67
161,261,246,201,72,95,84,72
87,134,125,103,87,119,107,97
99,157,149,115,80,93,87,79
110,186,178,133,78,112,100,78
114,211,199,154,85,111,97,91
141,280,265,174,88,142,134,100
116,191,176,135,86,105,96,89
113,240,220,173,93,128,125,92
125,222,212,157,94,135,127,115
93,154,144,101,73,110,98,82
119,207,189,153,90,126,111,102
125,169,154,120,67,91,82,65
134,270,256,205,64,82,74,62
125,231,215,169,86,105,90,84
98,161,144,109,65,71,64,57
126,301,279,216,72,95,87,71
114,165,147,117,73,86,77,64
94,176,157,117,76,113,104,79
110,195,179,133,59,80,71,61
131,293,277,233,77,89,82,67
164,325,308,235,79,117,106,91
76,161,148,126,71,100,97,82
139,210,189,140,94,126,115,101
97,190,175,137,84,122,114,96
135,299,286,218,75,100,92,79
140,237,221,143,75,122,116,95
113,203,188,170,89,116,106,89
137,218,202,173,73,103,93,76
127,272,256,193,67,71,61,47
134,237,215,170,84,109,100,85
95,186,178,137,77,119,110,84
91,140,125,98,92,139,131,102
80,151,141,106,77,88,80,69
114,182,166,131,95,162,149,117
161,277,263,195,74,84,75,68
106,188,177,137,59,73,62,48
95,161,150,127,76,110,106,93
141,298,283,213,69,93,89,72
101,137,123,90,69,72,67,63
135,292,268,225,83,121,112,93
118,273,263,202,86,131,117,88
96,159,141,115,77,117,108,94
114,201,184,126,74,101,93,83
120,274,254,198,87,112,96,75
132,173,155,130,83,123,113,96
89,163,149,104,77,96,85,76
82,164,153,109,90,121,111,94
83,135,125,94,65,96,91,74
112,177,161,131,66,79,70,61
123,304,283,211,99,133,122,105
130,262,248,204,98,158,142,120
124,204,186,134,70,66,58,50
139,244,233,179,90,143,127,96
95,157,145,120,82,102,98,82
127,202,188,139,58,70,60,55
170,292,270,209,85,113,105,87
142,280,267,184,76,101,90,71
128,270,254,185,114,141,127,108
105,208,197,147,95,116,103,85
133,234,222,162,96,127,112,86
126,216,196,156,81,106,100,79
113,226,213,158,84,101,92,78
135,235,225,174,80,88,80,64
134,254,238,185,58,98,91,81
130,214,200,148,73,111,104,86
136,253,233,170,61,87,82,68
132,241,221,156,68,89,81,69
118,228,218,163,76,116,107,95
99,140,126,101,84,103,93,84
80,120,108,90,52,55,52,42
103,176,164,127,71,102,93,78
85,152,137,107,50,53,44,47
126,199,182,142,76,97,91,80
113,187,173,135,70,95,85,81
120,203,187,143,90,134,123,105
84,162,153,127,97,143,127,109
119,214,200,166,73,106,97,85
94,165,154,120,78,104,95,81
108,186,176,154,92,135,128,102
123,255,249,186,84,112,100,88
90,153,144,115,79,110,98,82
130,231,217,154,78,109,103,72
129,191,173,129,75,121,113,94
122,208,191,166,99,149,138,112
151,266,250,187,42,54,46,47
114,200,180,136,103,125,117,99
95,152,142,121,88,130,115,94
115,233,224,182,68,92,88,68
104,190,171,140,79,100,95,79
88,142,129,111,76,98,86,78
124,256,240,193,86,142,136,109
105,137,122,101,93,112,104,77
121,229,221,171,70,84,75,65
102,160,145,116,69,85,73,70
124,216,196,149,93,130,113,98
123,219,200,160,71,82,74,71
145,209,189,132,93,128,118,108
97,153,146,119,74,93,84,67
95,177,167,140,83,122,112,90
124,228,212,154,100,153,134,106
129,269,257,175,96,123,112,95
113,229,209,162,73,95,89,73
112,246,237,184,84,114,105,92
101,156,138,103,109,177,164,139
85,120,108,85,65,85,82,69
141,231,218,160,80,103,89,81
104,151,140,113,75,99,89,79
115,206,191,123,66,107,100,82
106,168,157,116,72,119,116,89
118,182,172,140,81,122,109,102
125,174,155,130,65,102,92,70
134,311,293,226,71,114,104,83
107,180,168,132,75,92,86,68
104,198,178,150,85,98,90,69
86,109,98,83,80,112,105,78
129,248,236,197,89,133,124,103
111,175,164,134,65,95,87,75
111,211,193,138,86,115,109,84
124,247,229,185,89,126,120,98
101,229,220,162,82,118,106,85
133,222,208,165,80,118,109,87
119,246,234,191,82,131,116,87
106,212,196,132,65,72,65,62
149,285,264,218,103,167,162,129
123,217,195,146,98,140,120,90
142,309,294,239,77,70,63,56
96,170,151,115,75,101,95,84
121,204,185,141,72,92,81,73
117,177,163,127,60,71,66,54
101,176,163,133,77,101,89,76
91,190,176,137,57,81,71,63
102,178,169,119,92,118,106,94
131,253,242,196,91,156,145,115
142,222,210,159,62,84,72,68
119,180,163,114,79,91,77,75
135,242,227,184,87,119,114,92
119,212,196,147,89,128,120,92
160,288,267,219,81,95,89,76
122,286,271,200,72,82,75,68
118,215,205,155,74,81,69,65
122,191,179,143,76,96,90,82
94,146,139,105,72,112,103,89
122,234,219,186,86,111,100,89
111,203,191,144,81,120,113,98
137,224,208,160,74,85,81,73
109,199,184,143,81,121,116,85
126,228,216,156,72,117,109,80
80,151,142,100,75,86,75,62
146,265,249,197,78,97,85,72
136,278,263,210,96,131,117,94
105,192,170,137,85,133,128,103
106,168,156,132,73,100,92,73
99,180,169,113,77,102,92,79
84,143,136,114,90,130,123,101
113,212,197,162,70,107,94,85
165,328,308,248,82,102,92,78
97,141,131,96,68,87,74,61
111,223,219,163,76,97,88,73
156,312,300,216,76,109,101,87
136,209,193,144,75,96,87,73
99,150,135,125,79,96,86,70
130,279,269,199,67,100,93,74
95,172,161,121,74,104,97,85
105,142,130,105,62,81,76,66
141,297,287,209,60,81,68,65
112,199,187,126,87,123,116,88
128,237,218,176,77,88,80,71
119,183,169,132,59,68,60,45
127,239,228,182,79,89,80,67
127,224,209,154,85,121,113,99
141,281,259,200,73,93,87,70
140,285,267,208,77,107,97,84
114,219,202,154,91,136,127,101
157,302,285,209,88,131,117,101
121,176,170,120,70,83,78,65
120,198,184,142,79,98,89,75
104,190,184,124,71,92,81,69
141,221,203,164,62,73,65,59
123,221,205,167,89,130,125,112
125,209,198,160,78,98,85,82
109,200,187,147,83,125,115,87
120,189,180,134,80,115,107,83
105,159,143,101,85,127,120,94
132,253,236,184,78,124,109,97
109,189,172,133,83,96,89,72
96,164,158,122,75,86,80,64
94,164,159,130,91,148,138,104
72,91,83,72,79,125,115,100
77,106,95,77,84,114,105,89
138,227,214,164,67,67,52,57
77,102,98,77,101,161,143,129
137,261,245,175,88,154,148,122
112,158,146,112,71,79,70,66
70,123,117,97,91,115,108,83
122,215,201,164,76,106,93,78
91,163,153,113,92,127,114,100
119,235,225,174,85,113,102,89
82,140,126,99,72,89,81,70
122,212,199,155,90,142,131,112
152,289,275,201,75,111,104,88
102,193,182,143,83,104,99,82
84,132,127,94,76,115,105,80
94,166,156,107,88,132,120,97
124,194,183,142,88,127,116,104
117,173,160,127,66,92,80,63
112,192,186,146,79,102,90,79
114,229,214,148,101,136,119,95
136,212,194,142,66,87,80,60
127,278,261,184,83,109,98,83
125,211,203,143,88,139,134,105
136,301,287,215,100,141,128,99
86,147,140,104,86,112,100,85
92,164,154,118,77,77,70,65
97,174,162,124,90,112,104,90
100,164,157,126,76,110,101,86
92,158,138,120,76,119,112,94
121,209,194,158,76,85,76,59
120,205,195,130,82,100,90,80
135,242,235,161,53,77,67,64
149,242,231,176,73,103,96,74
132,213,197,162,68,98,92,70
123,213,196,156,66,73,64,60
118,155,139,115,76,109,100,93
150,288,275,219,95,142,134,103
143,296,280,218,90,132,119,100
126,198,183,134,92,108,100,80
116,220,200,156,110,153,146,126
123,272,257,172,96,108,92,79
100,216,203,163,66,83,71,64
113,196,184,121,66,97,83,78
104,168,153,114,90,139,129,105
137,264,247,186,93,130,120,99
112,164,152,133,101,132,123,91
116,182,165,130,85,127,113,93
101,171,160,114,72,112,102,91
82,129,118,89,85,120,113,94
115,214,197,162,107,130,121,109
98,151,141,105,89,109,97,77
94,126,118,94,90,126,118,89
89,175,165,128,76,88,78,66
127,231,224,177,70,97,88,80
114,199,185,137,82,94,86,74
92,162,147,113,87,115,105,91
96,157,147,110,79,119,110,86
114,164,150,124,64,100,96,79
139,245,237,180,51,92,87,67
78,112,103,91,88,111,99,85
127,262,250,190,59,69,64,49
66,91,81,69,79,105,96,83
143,211,197,157,87,117,107,93
112,167,150,124,89,148,143,111
131,238,218,183,59,69,59,55
100,207,195,142,93,120,113,81
98,120,109,90,52,67,59,59
103,164,145,124,77,99,93,86
105,179,168,128,80,93,83,68
113,177,167,137,96,130,120,96
117,193,179,136,67,84,75,67
137,261,242,195,80,112,102,92
120,197,183,143,95,124,109,85
111,188,179,134,63,73,66,59
77,133,124,103,91,115,103,85
110,183,166,136,78,104,97,80
141,257,243,182,83,121,113,89
110,165,153,113,80,110,97,89
84,123,109,83,87,134,127,103
118,207,193,142,106,136,121,96
100,157,139,109,71,96,85,70
165,301,289,211,109,173,159,135
97,149,145,121,63,79,73,62
82,154,144,98,75,98,92,73
139,248,229,185,99,138,130,104
119,213,196,142,70,81,69,67
131,239,225,163,89,138,126,111
112,195,186,140,73,88,80,74
102,157,147,124,67,91,85,71
132,241,227,173,74,105,101,81
136,288,268,201,73,88,82,65
121,254,245,177,98,135,121,100
141,305,292,217,98,138,125,102
75,99,93,75,65,85,79,66
99,159,147,101,77,101,92,77
83,112,104,86,78,103,91,77
118,182,173,135,72,111,105,83
107,217,208,150,85,125,114,95
94,172,166,141,79,93,88,69
115,188,180,152,73,101,93,78
109,184,175,121,66,85,78,69
111,228,217,145,85,134,119,105
125,249,229,174,86,107,98,80
153,273,256,190,86,122,111,91
113,177,164,123,67,86,73,73
113,200,188,145,108,170,154,121
126,201,191,152,75,106,93,85
83,156,148,118,86,124,116,103
127,200,181,141,105,130,126,105
157,355,335,271,78,115,106,84
121,208,193,151,78,91,79,72
106,223,208,161,73,111,106,86
81,146,137,110,83,110,104,80
106,178,167,138,81,107,98,71
125,202,186,142,58,74,72,56
119,261,254,192,73,101,96,78
146,262,246,190,81,123,113,92
123,236,223,159,109,143,132,101
142,244,229,184,88,126,114,96
115,234,216,164,61,102,98,79
95,157,145,117,82,98,91,80
159,308,290,225,68,93,86,75
120,256,246,168,76,114,108,89
86,105,94,75,90,114,100,99
113,218,202,152,99,143,129,107
134,236,223,167,82,98,91,77
100,160,146,114,96,130,119,95
144,319,308,233,96,123,116,87
114,184,171,138,79,107,97,86
115,153,142,110,70,85,78,73
98,176,170,115,76,95,85,68
112,173,161,124,76,100,92,74
140,249,233,167,96,159,152,118
119,211,196,152,67,88,79,74
105,202,188,146,110,168,154,123
156,282,263,202,96,103,94,79
143,257,243,175,66,91,82,65
115,177,168,134,67,104,99,82
92,143,135,104,86,139,127,107
136,256,236,179,87,105,96,75
97,125,119,96,90,104,96,87
113,200,187,134,71,81,72,63
85,127,115,99,72,98,87,76
144,257,233,170,74,92,86,63
117,236,219,169,81,110,98,78
106,189,175,127,81,97,90,78
110,204,190,153,76,119,110,89
122,191,173,142,72,104,97,78
123,268,259,188,80,118,108,82
127,225,204,160,94,116,98,83
138,247,232,174,78,106,98,72
102,173,162,113,72,85,79,71
134,262,252,216,83,110,101,76
111,214,207,148,66,89,77,74
149,226,211,167,70,83,76,61
127,174,155,119,80,89,78,67
74,136,130,100,85,109,101,85
103,178,167,129,76,96,88,75
126,202,189,139,74,107,94,77
104,156,137,108,78,116,110,92
87,170,156,127,88,118,114,90
131,218,205,150,74,94,82,79
94,123,108,92,81,91,81,64
151,327,310,250,94,125,115,93
140,234,225,172,82,115,108,88
104,199,183,140,69,105,101,87
100,147,140,111,96,136,128,105
98,210,202,157,73,96,86,80
118,245,234,158,74,100,91,77
140,276,252,192,109,159,148,116
126,211,199,143,87,112,104,82
116,210,199,160,88,104,94,85
149,299,283,219,93,129,123,94
92,152,142,105,95,135,124,98
120,236,222,160,109,134,121,98
119,193,174,124,81,109,100,88
119,194,184,138,88,120,112,95
106,206,194,140,80,112,103,78
152,257,244,192,92,119,111,95
109,152,142,114,84,112,96,83
148,323,305,230,83,114,100,84
142,266,247,203,70,95,85,77
150,275,256,196,73,111,101,89
95,170,156,131,71,102,99,76
149,219,204,149,78,94,87,72
101,157,146,124,79,117,107,92
83,105,97,78,91,132,118,96
91,137,120,98,89,116,105,93
70,119,110,89,53,61,55,45
96,152,136,113,85,118,113,93
118,202,185,139,65,85,79,73
111,193,183,128,90,142,134,101
97,152,141,113,89,125,117,95
58,96,84,63,73,110,106,82
113,205,194,158,106,135,125,100
107,172,166,133,82,121,113,89
154,300,287,228,83,97,88,79
89,203,195,154,83,108,100,87
105,174,164,129,67,86,79,64
153,298,286,209,70,101,96,73
137,272,264,216,89,117,104,92
121,193,183,147,72,101,88,73
152,225,208,162,71,97,92,72
117,159,139,109,69,99,91,74
119,220,209,167,79,92,85,75
157,309,294,213,88,108,99,80
128,194,181,128,93,117,104,98
138,232,219,169,66,87,78,69
118,209,195,155,84,121,108,79
137,290,271,212,76,113,102,85
116,167,157,129,65,108,100,81
92,127,121,91,70,90,81,72
78,104,98,76,91,133,125,103
100,173,167,128,57,64,58,53
124,214,198,152,92,125,116,97
96,194,185,125,81,107,94,81
145,273,252,187,58,76,69,60
123,219,204,162,89,100,88,81
102,177,165,119,77,107,99,88
108,186,168,129,68,104,96,74
115,216,206,154,87,111,103,87
120,218,211,155,77,88,76,68
111,212,203,152,101,146,138,112
106,157,145,92,80,97,84,72
117,241,221,164,90,119,107,94
92,162,155,121,74,101,91,83
95,168,151,118,64,78,69,62
101,172,164,123,86,132,120,97
77,98,93,71,81,130,124,99
115,188,175,123,70,119,109,95
87,142,131,104,80,111,101,87
92,154,143,115,49,66,61,55
121,171,158,124,74,88,78,70
110,179,171,132,62,78,68,63
111,174,161,122,71,87,81,74
119,232,215,168,82,95,89,80
115,200,184,150,84,106,92,77
129,234,219,168,65,72,69,62
112,222,211,143,64,79,71,60
114,188,174,141,87,119,109,90
100,141,130,104,71,92,78,70
119,209,197,154,85,129,122,101
109,186,176,136,77,110,101,82
117,199,189,143,101,133,120,103
127,215,200,161,73,95,88,73
131,279,269,207,81,136,128,109
113,163,158,131,57,83,71,70
115,213,204,147,82,116,106,94
109,174,164,127,71,103,94,81
99,139,131,110,87,125,119,95
92,168,160,134,59,69,65,60
106,243,228,178,94,136,123,107
99,183,166,130,103,156,144,108
133,240,223,176,67,84,78,64
123,208,188,150,80,98,89,71
130,258,249,202,69,91,84,75
112,214,195,152,61,81,75,59
100,128,117,94,77,88,82,64
121,199,178,149,55,68,65,52
108,199,189,130,64,87,80,70
109,203,193,164,99,145,133,111
119,233,217,165,66,86,83,72
133,277,263,197,73,100,88,79
104,218,204,158,80,109,99,84
112,169,160,134,84,118,112,88
101,149,136,95,67,101,91,86
95,179,171,119,67,74,69,61
106,198,189,140,74,104,94,79
105,142,134,106,97,114,99,88
128,228,222,147,78,92,83,74
96,125,108,88,96,134,123,102
121,228,220,168,73,95,86,72
105,148,133,97,74,78,73,59
133,218,207,157,88,98,86,78
115,157,144,107,82,115,109,85
134,301,284,225,83,113,102,89
113,167,147,134,87,123,113,93
112,204,194,138,77,107,97,86
124,230,216,163,73,122,108,93
120,235,223,171,98,150,141,123
108,182,171,138,98,120,115,88
121,221,211,167,84,171,161,119
96,192,174,122,80,98,93,69
137,279,264,191,90,131,122,94
123,265,250,197,78,122,111,95
135,210,196,151,67,89,76,77
105,147,136,107,76,94,86,76
133,195,180,142,73,95,85,70
98,176,164,125,66,71,61,57
110,214,197,156,82,89,76,68
79,120,110,94,82,100,88,85
146,243,217,178,79,108,103,84
130,276,262,213,91,175,165,126
96,174,162,111,98,117,109,102
115,188,170,135,66,86,83,72
98,151,133,101,87,144,135,114
103,143,132,101,69,94,89,74
120,221,209,152,86,105,91,83
98,201,187,137,87,116,109,90
106,212,201,152,81,104,95,83
95,168,153,121,85,113,103,92
100,166,152,120,75,82,72,65
119,204,193,150,72,108,99,82
101,179,163,117,89,98,89,77
104,185,168,132,83,121,111,93
107,193,184,154,61,75,68,56
152,246,228,181,90,129,122,101
104,186,169,120,86,125,109,99
93,175,172,129,83,117,106,91
128,233,223,165,78,104,97,83
138,285,271,208,85,120,106,87
102,158,145,110,68,80,72,67
106,177,170,125,96,135,123,111
129,209,186,151,85,103,92,79
104,159,149,109,86,98,91,73
126,234,219,166,96,112,101,80
96,155,145,100,90,124,116,91
104,147,139,107,72,104,99,72
98,174,162,129,72,85,74,70
86,156,140,120,89,134,124,100
135,263,245,187,80,121,115,98
130,216,200,147,70,76,64,59
117,203,190,141,70,91,81,73
107,171,165,127,95,129,116,97
94,161,151,124,66,71,64,58
104,169,160,127,76,102,97,77
102,124,110,93,79,108,97,85
127,203,184,141,94,114,107,83
121,213,203,164,76,109,99,73
138,254,233,186,83,104,99,81
126,175,157,124,108,151,139,118
82,132,122,88,102,176,166,127
138,216,195,152,92,128,118,101
100,147,134,114,91,137,130,106
136,258,243,195,61,87,80,62
100,131,117,92,75,92,87,64
130,227,211,159,97,140,128,95
82,137,130,98,89,132,126,94
96,192,177,132,71,124,119,99
112,181,167,134,92,110,93,84
150,277,265,217,78,110,96,80
94,169,156,118,72,95,83,75
106,201,187,137,84,124,118,94
77,103,93,86,120,154,146,108
129,259,246,183,79,126,118,91
107,166,163,115,46,68,63,50
128,203,180,147,84,94,82,80
117,221,215,170,84,117,109,92
82,123,115,97,66,100,91,76
106,145,132,100,90,102,88,81
118,220,204,169,86,103,96,85
152,310,291,221,75,114,103,86
146,285,270,223,75,86,76,66
121,175,159,124,78,97,86,75
143,332,311,240,77,129,124,99
81,96,84,72,67,100,90,79
96,163,156,108,74,105,99,89
91,143,129,105,92,125,116,96
142,218,196,149,89,154,148,107
109,172,160,117,84,125,116,91
100,174,162,123,91,140,130,111
126,209,196,149,64,78,73,63
111,245,227,190,69,98,89,76
135,304,286,243,108,149,141,101
71,109,101,75,67,67,55,59
90,135,123,105,68,86,73,69
87,152,142,111,98,140,129,104
118,223,212,175,92,102,88,83
135,231,213,146,96,136,122,103
120,227,215,165,65,85,76,66
128,229,210,153,87,123,113,105
104,211,199,150,80,101,88,77
130,252,245,190,73,83,77,58
117,234,222,159,67,76,71,62
142,239,220,167,74,118,109,82
143,253,232,182,90,134,126,107
118,238,230,170,83,119,109,92
94,165,158,113,83,108,100,82
127,261,249,183,107,161,144,118
133,227,209,167,76,91,82,74
95,157,143,107,84,112,105,95
110,207,193,152,71,91,82,68
119,186,168,124,100,126,118,96
104,208,200,137,91,124,115,88
152,304,286,210,66,74,62,58
125,202,187,147,100,130,120,98
113,165,153,127,67,78,66,66
97,180,174,139,83,89,78,70
129,221,209,150,80,107,94,82
108,195,176,130,85,97,87,64
153,269,250,202,62,95,91,75
106,204,195,138,71,99,92,77
135,227,217,157,63,85,75,68
103,188,178,124,63,79,72,67
120,201,191,126,91,118,105,84
102,162,152,133,61,98,96,78
115,175,159,125,90,124,113,93
100,154,141,108,92,126,118,102
109,219,208,138,75,109,101,90
88,154,136,98,79,87,77,73
105,152,136,110,68,98,92,78
117,200,191,147,77,107,95,91
163,308,295,236,64,75,67,60
78,110,104,85,66,76,66,62
103,246,233,198,69,123,115,95
112,197,185,144,80,111,105,81
153,271,255,204,101,125,114,95
115,183,170,126,90,121,112,93
128,218,206,140,77,98,91,79
136,223,211,169,95,136,125,103
152,252,240,178,75,100,88,84
92,135,120,92,66,82,75,63
131,233,226,171,85,94,81,77
127,210,191,145,74,91,82,76
102,170,157,114,96,140,133,99
116,194,181,142,102,185,178,131
154,266,255,174,88,139,132,110
127,209,193,153,62,70,60,59
84,124,118,86,88,106,97,75
87,126,119,99,80,104,93,82
127,229,205,157,84,114,104,81
84,155,145,123,86,155,146,115
114,218,201,165,66,97,93,73
89,111,102,87,80,88,83,70
135,252,234,182,74,100,92,83
132,228,214,163,62,66,59,55
127,218,197,149,79,108,105,91
116,193,176,143,91,139,133,116
98,176,166,127,78,97,92,71
124,225,206,167,84,114,107,86
86,167,157,127,84,107,99,80
131,229,214,164,88,137,131,102
135,231,219,163,97,141,134,100
142,203,187,147,74,132,124,113
112,230,219,169,65,80,73,65
128,245,231,160,85,127,119,82
92,138,125,98,86,143,136,109
117,224,208,135,76,92,81,78
151,280,261,201,78,100,92,80
111,187,173,124,99,138,125,107
124,210,191,147,75,115,102,83
102,138,129,98,86,133,124,101
118,187,175,138,73,103,93,83
125,230,210,152,75,103,94,79
132,282,258,198,87,135,126,103
108,249,241,180,73,90,81,64
117,220,209,148,76,85,80,67
102,225,216,137,89,116,105,90
79,125,114,93,83,115,108,83
74,129,120,97,77,119,110,93
100,175,164,120,71,96,86,76
93,143,131,101,72,104,92,78
160,353,343,272,92,127,115,95
82,112,103,79,75,99,83,75
95,160,148,121,80,135,125,116
177,340,321,238,91,106,102,86
140,253,232,172,82,104,91,84
116,198,183,143,87,117,108,93
123,229,217,158,83,122,115,98
118,240,224,184,76,98,93,80
85,127,109,93,117,185,166,133
130,216,207,176,68,81,68,67
120,276,262,197,89,128,115,92
100,141,130,104,70,87,77,67
83,129,113,91,106,183,167,143
128,230,214,163,69,105,100,85
76,85,74,58,86,126,115,96
111,177,165,130,85,122,110,95
134,253,237,182,70,84,77,60
119,177,167,128,90,111,100,85
123,216,202,152,67,109,101,87
94,152,138,104,71,98,96,74
119,205,191,145,70,94,89,76
101,178,167,139,62,84,78,70
115,247,233,169,74,93,81,82
131,312,297,223,67,78,72,63
138,263,241,177,89,123,113,98
95,139,128,114,63,98,88,80
115,185,169,138,90,109,99,88
126,205,184,147,76,104,97,83
136,181,170,133,93,131,120,94
117,178,165,133,78,114,106,90
98,173,159,118,77,106,96,77
137,278,265,200,68,75,67,68
108,190,185,141,68,81,76,70
178,378,357,279,78,104,92,83
81,112,107,78,68,81,74,63
68,111,103,87,124,174,158,127
113,232,216,153,111,156,145,103
129,197,186,149,83,123,110,95
104,185,171,141,70,90,83,75
111,186,173,137,87,124,118,104
107,171,160,133,66,108,102,80
131,240,224,180,79,100,90,80
124,213,194,157,91,117,108,85
123,253,240,180,77,93,85,70
116,187,174,147,69,126,120,99
108,194,182,131,54,77,73,59
128,206,187,136,87,127,118,97
133,224,213,179,80,98,88,82
117,165,145,121,89,106,94,79
87,104,89,64,73,83,76,67
106,185,173,122,84,113,104,87
80,180,173,132,100,135,126,107
96,169,157,123,88,103,91,70
89,122,114,91,69,68,59,57
103,192,181,146,90,119,109,91
126,233,214,165,71,108,98,82
124,251,233,167,76,117,103,92
118,168,159,124,68,90,81,68
92,140,123,101,80,122,112,89
90,197,177,132,87,93,85,64
113,191,182,146,61,74,68,61
91,129,113,87,87,126,113,103
126,234,217,153,78,113,107,82
112,205,190,150,73,79,69,68
89,130,117,96,66,78,75,62
184,322,304,240,69,96,84,77
131,214,196,139,60,69,63,58
109,232,218,152,68,77,69,63
114,196,185,138,73,100,91,76
111,174,159,120,90,137,121,95
137,249,233,182,78,98,90,64
113,196,182,143,97,161,151,130
126,199,181,143,79,115,110,90
142,293,283,214,86,112,101,84
139,248,231,166,99,132,121,100
124,261,247,194,92,125,117,90
124,248,228,174,82,103,93,86
100,161,151,119,77,107,97,87
87,134,119,98,75,112,102,88
97,130,118,99,72,85,78,58
113,196,188,149,89,117,105,92
119,220,205,156,82,120,115,98
132,259,242,194,53,76,71,54
111,192,178,133,75,101,94,73
107,225,211,165,89,138,127,110
95,164,161,126,99,141,132,110
116,192,188,132,65,74,64,58
81,132,123,91,60,91,81,67
116,181,172,123,58,98,88,82
160,290,267,218,95,126,113,81
158,367,353,261,79,88,76,67
139,244,225,176,66,73,71,59
103,205,193,134,66,100,93,85
121,180,170,130,76,99,93,79
108,161,145,108,88,100,88,74
110,191,179,134,87,147,137,106
125,208,195,147,71,95,88,73
147,285,268,196,86,120,113,92
102,166,155,129,97,149,141,104
106,163,145,107,73,97,87,74
106,189,177,121,117,149,136,121
119,231,217,165,82,122,115,106
114,202,192,141,53,61,56,45
114,191,187,138,75,93,84,65
129,230,215,162,60,81,77,62
102,134,125,107,73,86,80,73
120,199,189,145,54,86,80,63
98,178,164,132,75,87,81,59
117,172,148,126,80,119,113,93
137,188,164,137,63,105,97,79
148,273,250,195,93,131,121,91
86,118,105,92,88,104,92,85
89,126,114,106,94,142,131,101
160,267,250,174,68,90,84,69
123,241,225,182,91,154,146,112
147,261,241,186,80,95,89,72
107,179,169,132,71,101,95,79
127,256,238,165,73,96,87,80
96,164,157,125,96,138,127,111
123,215,197,150,80,108,95,76
113,239,228,169,76,132,122,93
135,234,225,168,85,120,111,94
120,212,194,152,61,74,67,51
120,217,203,165,81,100,92,79
90,141,129,104,72,105,97,77
100,193,183,120,81,117,109,87
114,189,178,144,72,109,103,76
98,184,174,132,91,127,116,89
138,225,210,155,52,63,56,54
90,169,160,122,85,125,118,95
97,212,194,143,75,94,88,73
144,246,230,176,87,125,115,95
150,285,266,193,83,134,125,94
74,134,123,104,80,110,106,85
118,213,203,147,65,97,91,74
99,131,120,98,85,118,110,81
114,193,179,141,70,80,75,61
103,188,180,141,81,104,91,81
85,141,133,97,89,107,98,75
120,206,196,157,80,115,104,89
111,219,208,152,93,148,142,113
125,240,227,164,90,116,104,85
92,146,133,105,98,125,111,97
95,157,152,114,93,138,125,102
111,191,179,144,69,76,68,56
103,205,193,159,82,101,91,77
66,119,108,100,66,95,87,75
101,138,128,98,77,120,113,91
96,197,186,139,76,111,102,86
127,205,186,152,99,114,102,90
128,197,182,134,81,102,91,78
105,153,141,111,82,115,104,87
111,193,182,144,69,60,49,47
97,114,100,93,84,110,98,78
81,138,130,99,74,91,77,71
107,194,183,137,70,86,81,69
125,203,188,152,73,109,99,87
144,251,238,191,67,80,74,67
103,156,144,102,78,118,103,90
119,292,279,203,55,77,70,60
120,237,225,172,95,160,147,119
91,147,133,106,66,82,77,65
110,157,144,115,92,131,115,105
110,180,171,120,89,140,131,99
112,214,202,154,95,120,113,93
92,157,144,110,67,86,73,54
150,297,278,235,85,112,97,91
145,279,265,208,82,100,95,67
143,229,216,160,69,73,67,62
152,284,269,196,48,60,54,50
118,187,169,131,68,102,92,81
102,182,165,127,78,100,90,81
140,258,245,179,114,175,167,133
103,194,181,141,66,86,75,67
101,183,168,140,75,98,92,80
124,206,191,151,88,112,102,72
110,219,205,170,72,104,97,78
105,169,156,126,64,74,69,58
115,213,207,152,84,118,101,87
155,266,247,190,54,56,49,46
108,185,175,130,85,108,102,91
109,188,179,126,104,135,123,106
106,180,171,128,79,96,82,77
98,128,120,101,77,101,96,81
128,245,228,172,88,130,120,98
108,188,176,136,85,119,106,88
94,169,163,116,95,138,121,99
99,167,155,129,83,134,126,95
138,291,272,210,71,84,74,70
158,280,264,202,61,80,74,62
108,207,195,148,61,70,60,56
93,144,135,93,75,123,117,92
123,233,219,157,81,108,100,74
116,243,227,161,78,95,87,77
118,205,197,160,92,111,100,84
106,199,188,145,73,85,76,65
152,269,251,193,83,106,99,79
149,233,216,162,77,98,89,82
122,176,159,119,70,91,86,73
88,166,155,115,73,86,75,67
120,238,221,157,76,94,86,78
123,218,207,157,57,84,80,67
141,237,232,163,95,161,150,116
149,285,272,218,80,93,84,74
96,168,156,122,82,104,96,71
114,229,213,159,70,87,81,74
138,223,213,156,66,97,91,77
91,176,168,131,63,79,75,62
129,237,224,167,58,67,60,52
120,220,209,150,74,110,100,80
106,165,152,136,96,103,92,83
100,179,167,128,68,102,91,68
134,215,198,148,72,92,85,75
127,216,203,159,94,126,110,99
111,181,163,144,80,93,83,78
148,248,235,182,80,117,108,89
116,199,185,138,73,107,96,85
102,171,165,121,81,105,100,83
84,114,102,71,79,101,86,82
123,248,231,153,85,159,143,113
110,181,167,142,104,160,149,121
137,231,210,168,64,81,75,67
123,216,210,161,85,125,121,101
138,264,249,194,77,121,112,95
151,273,254,200,78,105,96,86
145,291,279,209,81,108,101,80
109,186,174,135,73,92,82,69
91,122,114,101,62,82,77,65
109,203,191,149,74,109,98,89
155,296,280,218,78,100,90,87
84,123,116,85,82,108,101,85
85,151,141,106,83,102,92,74
121,233,225,164,82,101,96,80
153,273,254,221,78,114,107,88
99,172,164,127,69,88,84,70
93,145,136,98,70,92,86,65
96,185,172,127,82,116,108,94
92,128,120,102,55,70,65,56
138,254,241,174,64,78,69,67
126,209,193,149,88,120,110,95
104,181,165,137,72,94,81,69
108,244,226,182,53,63,61,50
86,146,133,107,75,93,89,73
96,146,135,97,70,85,76,58
98,131,116,97,54,78,70,62
93,171,161,140,71,110,106,95
115,173,159,125,83,131,116,106
123,242,230,176,86,118,109,81
112,165,157,123,83,105,94,83
93,138,132,102,97,152,143,119
110,230,222,152,68,87,82,70
147,263,238,195,102,126,118,97
73,117,104,88,82,121,112,87
112,191,178,141,83,117,106,90
121,222,211,155,80,100,95,73
126,219,202,167,72,96,86,73
135,253,236,183,77,105,99,75
108,229,215,167,91,122,113,89
127,239,220,146,93,107,96,76
161,273,254,188,88,153,143,120
151,323,305,243,57,74,71,64
128,242,230,160,107,162,153,117
119,224,217,148,77,104,95,79
125,257,246,193,57,88,81,69
126,267,259,187,84,101,95,85
140,289,275,213,64,76,70,54
102,145,129,110,96,145,132,102
131,286,272,214,78,106,94,73
98,173,164,122,73,101,94,78
103,156,147,114,82,101,92,77
101,156,145,102,68,98,86,76
120,208,196,158,79,111,106,84
126,249,233,195,102,145,131,113
133,225,201,179,73,114,108,87
149,309,282,230,76,92,79,75
136,262,249,190,64,77,69,56
83,118,108,86,60,91,82,72
121,227,213,157,84,107,99,79
106,155,139,108,66,99,94,72
107,240,222,168,71,84,72,67
117,223,208,156,60,74,69,52
98,163,149,126,70,116,109,83
117,171,162,117,68,107,101,76
124,170,158,126,72,91,77,72
113,195,178,128,77,108,103,83
98,155,147,107,70,89,84,74
125,217,202,153,73,97,89,79
114,162,146,115,77,115,105,95
140,252,238,178,65,80,73,62
100,177,165,130,107,154,139,109
147,298,287,218,81,108,102,86
121,215,197,149,80,105,95,77
140,243,224,171,93,118,106,94
80,105,97,79,85,105,95,80
138,222,207,150,82,103,94,80
121,219,203,162,81,119,111,94
103,212,198,165,69,89,83,68
133,261,237,170,70,88,81,74
81,108,97,71,73,97,92,73
141,309,292,206,86,116,109,87
111,177,166,133,70,81,72,64
120,169,157,116,55,59,49,47
102,147,140,108,79,123,118,99
142,263,245,192,99,140,127,98
74,105,93,77,78,94,86,63
122,259,245,188,66,91,82,68
98,156,144,112,101,165,153,128
120,176,162,118,70,85,72,72
131,302,279,212,80,129,112,95
82,138,132,96,78,96,81,80
100,166,157,128,70,106,94,75
78,129,123,94,87,118,105,85
124,199,185,143,112,147,132,108
120,174,164,128,74,96,84,73
115,220,209,164,74,87,73,67
107,183,168,121,72,88,83,68
115,168,154,125,90,114,102,92
89,126,113,90,74,103,92,82
115,172,160,127,65,80,76,64
124,210,194,145,65,77,73,62
94,153,139,118,71,97,84,74
80,164,160,127,71,116,108,78
125,222,209,160,90,116,107,84
103,178,166,122,79,122,111,92
96,188,178,141,80,114,103,88
119,165,154,121,88,138,119,113
110,191,176,129,91,129,120,80
112,223,204,135,74,96,85,73
111,220,207,153,78,106,95,87
141,268,247,185,59,74,70,60
98,157,147,127,67,95,87,73
83,158,151,108,83,129,115,94
123,177,161,132,89,132,118,97
143,259,241,163,94,146,132,109
131,271,256,193,98,152,141,127
129,240,230,174,73,107,97,85
111,191,174,143,77,88,81,71
69,121,109,95,86,95,84,72
118,198,189,148,64,83,75,67
116,248,233,173,62,82,78,65
102,199,185,139,77,85,77,66
102,198,190,149,110,149,135,106
134,283,268,208,70,105,95,83
95,174,163,117,79,94,86,75
87,123,113,90,70,104,100,87
156,267,251,187,76,99,87,72
123,199,186,142,90,136,129,102
113,190,179,145,63,85,77,65
109,175,165,135,71,91,83,68
148,284,270,202,89,143,135,104
87,135,126,99,83,98,89,73
136,218,200,155,73,98,89,79
109,190,176,130,76,118,106,90
123,224,212,161,90,115,107,96
123,209,199,149,70,88,80,74
141,256,237,184,81,103,95,78
63,99,89,78,74,102,92,74
148,215,199,166,74,92,81,73
113,193,180,121,93,113,104,82
106,164,150,121,82,114,110,82
122,194,182,143,100,171,166,121
113,190,178,129,79,96,88,69
96,179,169,129,55,64,60,49
131,197,185,137,85,108,97,81
94,164,156,133,100,142,128,109
87,152,145,114,74,91,80,66
96,216,211,153,79,102,90,88
114,170,154,114,75,107,102,83
159,255,243,163,82,96,87,69
134,237,221,163,57,64,57,53
115,170,158,129,130,157,143,115
130,202,189,149,84,125,115,100
102,143,131,109,74,97,80,70
91,140,131,96,90,109,99,85
115,219,203,157,80,103,94,71
107,178,166,121,44,59,50,51
124,229,218,152,98,129,115,100
94,179,167,137,68,88,81,75
128,209,198,153,76,100,92,70
97,172,161,134,97,115,106,97
106,186,175,136,61,82,77,61
135,267,252,205,86,152,144,111
113,198,182,143,97,122,110,96
102,211,207,144,90,118,110,86
137,267,252,193,66,85,80,63
78,147,142,101,73,116,106,89
146,265,251,182,64,70,63,64
159,301,284,219,81,120,110,90
113,180,167,130,73,86,78,69
120,190,181,137,110,147,133,109
88,191,183,145,95,117,99,93
134,264,244,189,86,131,121,103
133,240,228,170,81,93,87,77
127,225,211,160,72,100,94,84
110,217,206,156,66,84,73,68
97,181,173,130,95,145,135,113
78,118,111,90,104,159,153,119
138,256,237,161,69,82,74,64
109,230,219,154,66,98,96,75
117,175,164,133,78,119,111,96
117,229,222,162,72,90,81,72
117,158,146,120,90,132,123,97
98,156,145,122,67,93,86,71
123,210,197,160,83,128,124,97
157,307,289,217,78,109,98,85
106,143,129,110,75,117,107,90
126,207,192,151,79,106,98,91
105,247,225,179,67,73,61,57
78,120,112,88,72,102,89,82
110,173,155,110,66,79,67,56
125,255,246,187,76,131,125,81
96,163,153,124,86,138,127,109
107,220,210,174,90,134,124,90
133,288,280,213,93,116,111,89
118,221,212,160,103,119,110,79
117,210,201,158,81,112,102,81
124,228,213,165,80,101,93,86
111,200,185,153,80,113,102,90
110,215,205,155,74,114,110,96
141,283,270,214,85,108,101,83
125,249,234,153,60,69,62,50
131,239,224,180,59,68,55,53
106,182,168,124,75,103,98,87
168,319,303,242,79,96,85,70
93,152,140,103,73,107,99,77
117,216,205,156,68,81,69,58
122,259,243,173,77,111,105,87
90,207,192,142,78,110,102,81
78,101,93,76,92,113,101,91
110,151,139,106,89,138,130,102
100,178,169,121,105,152,141,114
149,262,245,198,85,130,121,107
87,148,139,115,74,113,102,82
101,182,167,133,99,130,118,93
119,221,210,152,77,92,88,80
119,231,221,160,77,110,99,85
107,171,161,114,86,113,107,89
113,177,170,125,61,84,74,61
150,298,280,215,64,72,68,59
105,167,155,120,80,123,115,101
118,203,189,148,58,81,76,57
112,212,198,167,62,80,70,62
124,156,141,122,76,118,110,95
115,215,201,158,78,110,104,93
139,308,296,199,78,104,100,80
92,138,124,106,72,70,62,61
76,102,96,72,77,85,78,65
153,278,262,208,81,120,109,92
125,195,177,143,88,137,121,103
122,242,225,174,86,92,79,72
110,202,189,145,84,85,77,73
105,169,159,124,86,118,109,88
131,207,198,151,87,151,134,103
82,135,123,95,89,113,104,82
97,123,107,98,66,81,76,67
118,219,206,159,103,160,152,112
95,161,143,106,79,113,102,89
129,277,257,204,80,120,111,98
117,216,202,147,82,122,112,96
124,222,207,154,80,109,100,86
74,110,98,76,78,86,80,67
77,110,101,90,105,157,149,109
128,234,215,150,72,74,62,63
76,146,135,107,64,90,81,64
118,193,182,135,82,120,112,98
129,234,222,180,97,154,146,111
109,201,189,149,58,83,75,73
107,219,209,154,60,98,94,72
88,155,139,118,59,70,65,57
118,228,209,165,102,168,158,135
86,179,166,147,76,108,98,84
112,194,180,136,92,142,131,106
108,203,193,140,62,80,72,55
150,272,260,203,75,120,110,97
117,245,232,184,77,96,83,74
94,208,195,141,79,108,102,84
128,229,210,158,81,103,95,91
88,128,118,93,82,88,80,73
151,267,255,179,74,91,81,77
116,226,208,162,61,86,79,67
111,231,214,154,73,118,110,88
100,141,132,105,95,118,112,95
77,135,124,103,79,100,94,77
117,195,182,133,80,119,116,97
144,311,294,228,74,79,66,61
121,194,179,136,75,120,110,88
89,113,104,88,96,125,117,100
127,244,226,171,100,125,111,93
113,247,235,161,89,120,107,87
116,224,211,163,90,114,107,86
114,204,192,133,78,92,79,74
149,286,270,201,60,75,67,64
88,158,150,115,68,78,72,64
108,177,164,131,94,116,106,91
104,174,154,136,69,106,96,80
130,247,236,174,77,99,85,77
81,147,140,117,87,149,137,112
110,203,196,145,110,140,125,109
116,186,166,140,95,100,91,82
89,129,111,94,69,77,65,60
131,223,210,139,64,73,65,55
97,147,136,116,93,115,105,89
95,141,129,94,71,93,83,78
107,219,207,144,79,115,106,97
125,232,219,174,81,125,119,100
88,148,143,116,49,77,70,62
113,207,188,150,95,132,124,107
122,236,226,161,64,83,72,68
102,156,141,111,77,114,106,85
93,164,157,121,84,118,111,84
106,172,159,136,79,118,108,83
75,125,118,88,54,73,62,52
117,207,199,147,82,104,88,72
128,275,254,199,81,101,95,80
121,171,160,127,78,102,98,86
95,171,161,120,74,102,94,75
96,195,187,150,93,119,106,87
118,241,230,184,101,159,143,118
106,175,163,125,92,115,111,96
105,196,186,154,90,115,102,85
103,180,168,115,90,116,107,82
109,178,169,141,95,139,132,108
84,156,146,105,65,95,84,74
108,229,213,155,78,100,96,79
87,184,171,125,98,146,133,101
140,246,234,187,84,109,99,78
110,178,167,121,69,89,79,70
73,127,114,101,90,118,101,91
126,275,262,201,68,87,79,74
132,249,239,180,65,82,80,66
85,99,87,68,69,91,84,71
114,193,180,138,104,120,115,93
110,177,159,133,103,125,113,98
93,164,153,126,74,83,69,69
127,261,249,178,59,86,78,72
103,191,180,140,58,72,63,59
147,328,311,234,78,93,89,76
126,193,175,149,94,132,111,92
119,192,176,144,65,70,60,56
90,154,147,115,90,141,131,110
110,207,199,149,77,112,100,92
120,195,183,152,70,112,104,90
132,209,199,147,72,110,103,84
113,190,176,133,78,115,102,98
99,162,152,118,81,106,98,81
113,215,203,146,73,115,103,92
110,198,189,142,88,120,107,88
117,195,181,135,73,90,78,72
120,214,200,148,109,139,126,108
134,234,223,167,69,113,105,88
134,238,231,167,80,114,103,87
122,208,194,147,78,130,122,98
105,161,149,123,97,135,122,100
80,122,113,103,77,112,105,94
170,284,272,192,84,139,129,103
87,141,131,115,84,101,89,80
136,212,198,154,62,90,82,69
96,143,133,108,82,117,107,83
116,188,172,130,79,115,107,92
113,226,213,171,94,133,119,95
111,169,159,129,92,108,92,84
117,211,199,140,83,103,97,85
95,129,121,94,80,100,87,75
84,148,139,111,84,112,106,87
130,249,234,174,79,114,101,88
146,275,260,193,97,122,112,87
101,204,187,160,87,111,101,89
99,159,144,122,100,128,112,96
117,212,194,136,79,91,81,60
119,287,276,202,91,162,155,132
123,211,196,162,83,118,106,91
100,197,181,128,81,118,103,95
85,153,143,95,70,85,74,69
100,168,158,109,108,175,167,128
87,136,126,112,92,138,131,95
122,183,172,136,92,121,116,92
87,124,114,95,76,95,84,79
123,214,200,141,59,58,52,51
98,162,154,128,75,98,86,82
136,196,179,144,69,102,93,84
121,281,270,206,86,123,113,93
122,215,203,139,87,142,134,105
125,212,204,147,78,102,95,77
132,213,201,150,70,80,69,66
117,212,202,155,76,84,73,62
128,188,172,136,76,98,89,75
95,146,136,105,107,151,137,115
113,193,177,129,104,166,157,127
89,138,128,106,65,82,69,72
134,251,229,181,68,78,64,65
127,288,272,211,85,120,107,94
120,185,176,141,65,81,70,57
132,211,197,152,67,76,67,52
121,200,179,142,82,115,108,80
103,171,159,125,87,127,112,97
93,143,130,90,87,130,119,107
95,145,133,102,85,113,104,84
95,184,177,147,74,128,122,93
130,215,191,160,82,106,94,80
117,229,210,164,78,111,103,80
172,305,284,197,67,116,105,83
106,161,147,106,80,103,94,65
101,179,161,137,59,72,60,51
73,105,95,73,83,123,115,98
107,176,161,125,68,85,77,70
94,187,178,141,98,137,128,106
107,165,153,133,87,101,92,80
167,351,338,231,61,110,104,82
142,277,264,199,76,105,96,75
131,267,257,193,79,111,101,94
109,174,164,120,89,128,117,105
110,187,176,123,73,96,91,68
122,187,179,141,71,82,71,58
121,167,150,121,85,117,106,96
131,243,234,175,78,107,100,80
140,293,283,227,82,118,110,92
76,107,99,76,76,117,112,85
120,232,218,171,85,117,107,103
110,178,167,129,75,98,92,82
117,176,163,122,84,117,105,89
146,289,269,218,71,82,71,65
135,226,211,166,102,136,121,107
82,150,142,119,97,128,116,94
109,181,172,129,63,73,65,55
130,240,222,171,65,81,74,61
145,279,265,189,86,101,91,67
84,138,129,104,83,116,110,96
89,124,113,91,86,144,135,111
108,189,174,130,73,87,78,72
128,197,184,143,74,95,87,74
137,252,234,173,90,125,117,98
89,143,128,104,58,76,67,61
97,188,177,141,62,94,87,73
114,189,174,134,83,110,101,86
94,163,152,118,70,87,74,72
96,180,172,134,77,107,97,85
122,243,233,176,65,88,82,73
82,115,108,93,86,99,90,76
103,167,159,120,81,100,86,72
127,202,188,152,90,132,119,95
116,197,184,139,90,142,131,106
140,254,237,189,77,107,100,85
109,181,166,124,89,117,107,92
110,210,194,151,70,100,89,81
100,139,130,106,75,96,87,75
143,215,201,155,71,87,81,71
86,140,136,113,61,100,93,76
145,259,244,181,71,88,77,66
108,155,146,110,74,99,90,66
90,136,123,106,87,125,113,85
87,160,147,113,70,88,78,73
113,218,202,148,79,101,92,78
111,177,166,132,88,125,118,99
123,222,211,152,76,96,84,85
104,165,155,121,86,98,90,72
132,227,215,154,71,86,82,67
115,220,208,157,74,96,87,79
95,157,147,103,71,119,111,97
114,207,197,150,65,75,67,60
136,210,192,150,76,83,75,67
132,293,281,227,85,111,100,89
100,172,159,124,56,80,74,60
121,230,215,174,74,96,91,66
131,257,243,183,76,101,97,82
113,191,183,145,74,125,112,105
125,205,189,145,80,113,98,82
83,143,132,107,78,98,86,73
104,179,169,125,87,124,116,85
126,201,189,138,72,99,94,81
152,234,224,159,82,125,109,102
116,212,201,158,64,85,77,55
140,321,307,253,68,86,77,68
156,294,282,202,73,88,84,66
106,182,176,120,64,77,68,64
93,178,171,144,64,78,70,63
120,245,231,180,78,99,90,78
95,154,143,109,70,96,88,70
119,230,221,160,79,116,109,93
104,189,179,137,97,111,94,92
111,228,214,167,73,100,92,74
84,131,125,102,60,80,71,62
96,192,180,142,86,148,136,116
124,304,289,221,81,110,99,85
97,137,122,101,75,125,114,91
116,165,155,123,89,136,126,97
99,128,114,93,84,157,151,113
146,267,245,179,71,110,101,84
133,219,201,173,88,121,115,94
100,146,133,117,85,109,92,86
112,167,151,122,56,65,60,56
106,192,183,150,88,128,121,91
104,164,151,112,85,121,105,86
109,232,213,143,83,121,111,89
154,291,273,212,73,99,89,77
120,191,174,140,81,112,99,80
98,166,153,117,62,84,79,63
128,218,207,151,92,109,99,89
143,238,229,180,67,90,80,72
159,300,280,205,79,115,103,82
100,206,189,138,71,84,77,66
168,257,234,181,93,111,97,79
94,148,133,102,74,118,112,85
105,198,191,150,76,111,101,81
125,220,211,148,85,109,93,82
103,180,165,120,76,106,99,89
96,152,141,115,77,117,107,96
120,252,234,207,80,107,100,84
117,195,181,143,96,134,124,101
87,157,148,101,73,95,82,74
58,58,51,48,70,83,74,65
115,184,178,139,94,151,143,107
82,157,147,112,75,101,93,83
104,248,237,188,71,85,79,68
117,220,208,165,77,120,110,94
103,166,156,110,89,94,84,76
104,192,188,131,96,141,129,113
80,144,139,114,81,115,105,98
94,135,125,108,76,98,87,82
90,148,136,107,81,95,84,74
115,206,192,145,61,87,81,60
90,149,133,108,98,128,121,99
143,203,191,139,76,101,91,75
107,192,179,123,68,87,78,72
100,192,176,142,102,144,132,103
107,176,159,119,66,96,80,77
97,182,176,140,89,135,130,100
88,119,111,89,91,113,100,90
99,207,198,141,100,140,126,111
120,235,218,162,80,125,113,93
139,246,230,171,66,69,61,57
97,155,145,114,81,111,101,90
93,136,125,106,77,103,97,84
104,218,196,142,91,136,130,106
116,179,166,126,88,144,128,113
123,235,220,153,60,80,74,63
128,213,200,163,71,99,94,71
107,211,200,166,75,82,79,62
142,246,231,178,84,119,113,86
131,279,263,182,84,117,108,87
82,128,119,84,87,110,100,81
138,264,243,180,92,114,100,86
143,302,282,204,70,83,75,62
119,209,193,138,70,91,83,69
107,169,155,114,103,153,135,115
113,204,195,150,81,105,95,82
121,177,166,125,89,113,110,86
133,213,203,146,59,75,67,55
134,274,251,194,84,123,115,102
167,304,283,199,82,115,104,89
105,177,163,133,85,139,135,111
91,153,141,107,77,88,78,68
139,233,218,138,74,113,107,97
109,193,183,135,64,86,75,59
96,183,175,125,70,87,79,65
112,205,187,150,101,136,124,106
124,218,205,152,66,89,80,80
119,191,178,142,103,158,145,124
121,225,205,155,88,107,95,78
154,277,255,191,85,112,106,87
109,199,189,130,86,107,93,85
97,160,143,110,80,102,90,80
135,238,218,164,90,138,130,104
116,195,186,144,86,107,94,80
86,122,115,88,72,102,98,81
82,117,105,89,61,73,66,62
133,245,235,176,75,100,94,72
104,199,189,142,94,147,137,100
137,243,226,164,80,102,88,80
129,227,210,162,71,81,75,60
134,246,229,166,97,134,125,104
116,179,166,127,99,136,121,92
104,182,170,136,95,124,116,89
156,287,276,212,59,80,74,65
75,102,90,77,79,113,106,86
117,236,225,172,101,138,133,108
120,183,167,136,78,95,89,71
104,171,161,126,66,91,86,70
106,169,158,125,72,107,97,87
129,175,162,124,75,96,89,72
99,185,175,129,72,125,120,107
124,242,229,189,89,153,141,127
137,333,316,216,71,82,73,61
144,255,239,179,76,101,95,79
104,218,204,135,87,128,116,95
120,219,205,152,75,83,78,63
130,238,228,173,93,123,113,94
107,188,179,142,73,102,90,87
141,243,232,199,77,112,106,90
120,180,169,137,79,103,97,81
126,254,242,173,100,148,138,113
121,212,194,140,74,102,93,79
108,174,165,127,83,93,82,75
109,196,186,143,76,87,73,74
111,171,157,128,80,109,101,79
108,190,180,138,66,92,83,79
113,185,177,139,73,100,95,75
107,189,183,129,77,103,94,80
139,209,192,143,88,129,121,99
112,210,195,150,64,96,86,65
106,163,152,130,146,233,221,179
109,155,143,112,77,91,77,67
117,191,180,138,85,116,105,88
86,136,125,99,78,114,106,90
102,161,147,119,90,110,103,89
123,214,196,155,58,67,58,59
114,225,208,159,69,89,84,69
102,140,129,107,80,128,117,99
126,207,193,150,102,182,175,148
124,212,204,161,69,77,70,64
101,162,152,126,87,124,114,100
120,237,226,162,84,123,119,92
145,237,219,164,81,100,85,73
137,243,228,178,88,140,126,108
111,253,239,179,65,80,75,67
119,201,189,139,86,138,129,101
102,166,158,111,96,137,124,111
103,177,166,120,78,98,90,76
89,172,162,131,87,115,110,86
111,155,141,104,83,107,101,81
113,187,176,122,92,127,117,100
118,243,227,165,105,175,163,135
104,158,150,109,79,115,110,83
112,200,179,154,86,120,109,98
82,156,144,106,71,95,86,81
138,246,235,188,49,62,57,49
171,374,351,273,76,119,110,88
129,223,209,164,85,116,101,84
102,176,163,107,63,79,72,65
106,210,202,147,84,105,94,81
81,132,121,105,78,94,90,64
159,273,262,202,57,59,56,43
109,203,194,156,71,96,84,79
117,199,185,149,85,112,104,91
101,151,140,104,70,78,69,60
103,186,172,131,70,92,87,76
175,301,284,210,70,98,89,72
122,196,180,146,77,102,93,80
96,148,141,112,63,91,85,71
110,204,189,141,75,116,111,91
110,194,183,129,76,102,95,76
93,174,163,110,75,95,78,75
149,221,203,156,81,98,91,81
90,137,121,105,76,113,98,97
109,237,219,156,87,107,92,79
171,274,262,190,104,126,113,90
120,191,176,137,88,140,133,108
118,171,153,119,85,117,111,95
112,162,147,122,79,108,103,81
144,245,229,173,77,104,97,81
99,178,165,112,82,110,104,82
134,199,185,139,115,156,142,121
117,189,178,129,83,100,95,87
96,202,189,127,89,125,115,105
101,180,163,137,83,118,112,95
101,206,191,142,53,85,79,63
93,178,163,126,62,75,69,54
129,236,226,175,82,102,96,85
113,231,224,168,79,98,87,80
99,155,146,109,86,99,88,77
127,237,227,166,106,168,160,135
105,193,175,140,73,86,77,65
172,322,307,224,83,108,96,84
154,330,317,224,77,100,89,87
111,170,161,126,79,108,99,85
109,208,196,158,86,112,103,94
136,191,174,123,91,125,115,93
113,187,175,133,71,96,82,72
105,187,178,140,80,131,123,90
134,271,257,186,89,131,120,96
149,262,244,184,67,99,86,77
156,310,293,236,87,113,99,89
114,157,153,113,88,123,107,91
104,203,192,142,90,128,112,100
86,150,138,112,68,88,80,64
131,202,188,134,70,88,80,64
107,167,158,121,52,82,74,66
94,170,159,118,93,138,129,95
112,191,177,149,53,81,73,62
128,267,255,195,77,110,102,88
183,361,342,231,81,143,137,111
106,182,167,120,53,62,57,50
104,172,149,117,77,98,88,79
100,193,174,140,69,88,81,72
99,152,144,113,65,80,74,65
110,164,148,113,63,78,71,68
100,168,152,120,91,129,122,91
109,162,147,113,88,122,118,95
116,191,180,127,72,80,69,59
121,175,155,130,71,102,92,80
95,141,131,99,72,106,95,80
87,150,137,116,89,104,96,81
127,205,195,133,71,89,84,64
109,204,189,156,87,129,118,93
105,180,167,131,80,104,97,73
143,243,233,181,79,104,97,73
148,266,253,185,68,102,92,72
126,210,196,159,75,113,102,88
93,132,121,88,75,105,98,86
177,362,346,263,101,146,131,120
96,166,156,127,92,156,150,117
116,213,208,145,74,80,68,60
128,226,217,149,74,109,99,75
103,155,143,119,97,123,116,104
122,265,252,182,74,104,93,78
122,225,209,160,74,94,88,79
133,214,197,168,67,90,82,66
134,227,212,162,79,114,107,84
