94,85,71
119,110,77
115,106,85
96,84,83
110,100,77
120,104,96
102,97,81
109,101,85
125,112,90
70,64,57
102,90,82
98,89,79
70,62,63
86,79,64
133,117,94
78,69,65
69,65,58
137,124,104
96,82,74
90,85,71
92,86,76
101,91,75
143,128,107
129,119,94
96,87,74
89,80,68
96,88,63
77,70,56
100,97,81
106,100,86
101,94,78
97,83,81
88,76,70
117,110,91
106,98,81
113,98,86
101,92,84
89,80,70
63,57,49
109,101,82
54,50,45
110,104,84
103,93,77
124,114,103
144,139,111
94,86,74
118,107,92
86,75,76
113,106,86
91,84,74
126,117,90
109,98,79
126,117,97
104,98,86
85,81,64
103,94,80
106,95,76
91,85,70
111,103,84
109,98,89
84,77,73
113,103,92
77,65,64
85,72,68
85,75,67
94,85,85
109,102,83
104,91,69
111,101,84
99,87,81
58,51,47
96,90,71
90,84,72
102,97,71
82,72,67
86,80,69
86,77,70
115,108,89
131,121,95
90,82,70
116,109,83
81,72,68
83,77,59
114,103,83
111,104,89
87,77,73
152,141,121
115,110,90
141,130,106
120,114,90
73,69,57
64,57,51
82,77,67
92,84,62
104,93,77
89,77,71
73,66,55
118,111,89
86,78,73
104,96,68
70,62,50
97,92,84
102,92,88
94,88,70
151,137,114
84,81,68
149,131,108
95,87,66
146,130,109
128,119,101
110,95,90
117,106,96
103,96,80
73,64,50
98,90,74
78,67,64
114,105,88
110,105,87
105,93,84
99,95,77
108,94,79
91,78,75
107,102,69
175,162,136
110,106,87
105,99,83
102,95,74
87,78,73
160,151,117
88,82,71
87,78,66
93,83,73
83,71,65
98,89,76
97,83,85
135,128,104
88,76,72
78,71,68
76,65,58
88,78,65
98,89,82
109,100,83
54,46,45
79,73,66
110,99,81
107,95,83
97,85,76
77,69,65
74,64,62
127,117,96
108,105,81
107,97,85
78,72,67
79,68,60
89,81,76
99,87,78
76,66,64
83,73,65
126,114,93
122,115,96
85,76,72
168,156,130
142,126,114
78,70,61
129,119,110
113,106,76
114,107,90
90,82,73
93,87,76
95,88,69
127,116,94
93,83,71
81,73,61
94,89,70
82,75,68
94,89,74
121,109,87
123,111,100
107,101,87
80,76,59
123,108,99
78,76,58
123,117,93
80,71,68
69,61,56
97,89,76
97,87,74
120,115,96
121,110,96
94,84,73
76,69,59
84,71,66
84,75,70
68,65,60
106,100,63
108,99,94
139,124,103
91,82,75
87,82,73
121,110,83
121,113,100
131,124,92
124,115,100
78,74,62
75,66,60
83,74,70
85,71,70
93,86,68
67,60,58
145,133,111
88,79,65
93,84,77
89,83,72
131,119,105
99,89,78
99,87,77
101,94,81
81,71,70
71,63,52
100,97,80
129,118,110
108,91,83
145,136,118
108,102,75
73,66,57
99,93,74
149,132,124
67,58,52
85,75,70
76,68,58
90,83,76
89,74,73
100,91,71
103,95,82
81,72,65
105,96,76
140,133,106
95,90,67
99,93,71
121,109,98
75,73,52
90,82,67
107,92,81
85,83,64
113,105,87
72,63,52
92,84,73
121,113,89
131,121,87
89,83,72
73,69,61
138,126,105
90,83,67
85,75,66
68,64,56
121,113,102
86,79,65
123,117,95
89,77,68
93,86,77
167,152,127
104,94,77
102,91,82
121,111,92
129,118,92
83,76,65
75,68,60
96,83,78
84,72,72
104,91,84
112,107,93
99,89,77
103,96,81
114,110,95
97,89,78
95,84,80
100,93,79
101,89,69
102,92,78
84,78,64
56,46,45
86,78,59
116,109,81
149,138,110
110,103,81
74,68,58
124,107,98
79,68,63
117,110,90
91,85,64
62,55,49
97,89,75
138,127,108
86,77,71
99,89,81
127,116,99
76,71,66
101,94,76
127,114,81
139,128,104
91,78,72
95,88,70
86,79,69
103,93,78
120,106,85
100,92,84
96,91,82
90,83,63
134,124,109
125,115,102
100,92,71
121,112,90
108,100,86
95,86,74
113,101,76
81,75,64
131,121,99
95,80,65
114,107,94
121,115,94
67,60,58
92,82,72
83,75,63
103,95,86
110,93,93
123,118,96
105,95,77
111,100,80
98,87,85
101,89,70
104,89,83
95,87,72
113,103,92
70,60,52
101,93,83
99,93,73
89,80,69
121,111,98
102,90,85
99,93,82
69,60,62
92,84,77
97,83,75
87,81,71
116,106,90
86,78,65
88,79,68
95,87,71
65,57,55
115,106,84
64,61,51
87,80,73
107,96,87
91,80,69
78,73,67
131,124,111
106,95,84
90,83,66
99,94,76
118,106,84
109,101,85
100,92,75
146,136,107
144,138,113
122,112,90
85,79,71
121,111,95
68,58,53
118,108,98
106,93,86
93,85,80
108,97,84
92,89,63
98,88,85
100,88,76
103,95,78
101,92,83
86,68,70
115,100,87
99,87,78
106,99,80
86,78,68
78,69,53
120,108,94
84,80,63
100,92,81
117,102,92
70,63,53
115,103,90
124,112,88
112,102,88
104,95,75
88,77,70
100,87,81
93,86,84
82,75,55
96,82,69
117,107,96
153,145,109
87,78,69
85,78,63
107,101,86
121,113,95
131,126,100
77,70,66
108,95,88
105,93,83
111,101,88
84,78,57
124,117,96
104,94,87
93,80,72
129,113,93
118,106,93
105,100,80
92,88,65
95,86,83
99,92,68
122,110,92
146,133,101
78,70,57
86,77,67
104,93,89
78,72,61
115,108,90
87,79,74
111,105,86
95,90,75
103,89,77
88,83,71
80,76,61
85,76,64
63,60,56
69,64,55
101,96,86
99,94,78
132,125,102
117,108,94
89,85,73
128,121,97
118,103,94
87,78,68
92,85,68
98,91,74
107,99,84
97,84,72
79,68,65
92,81,72
164,150,126
84,71,65
91,79,77
83,78,62
84,71,67
87,79,66
87,80,69
111,104,84
89,77,73
111,105,85
96,84,77
113,102,85
104,97,82
90,82,70
96,90,77
117,111,83
83,78,65
91,74,72
87,82,67
131,122,103
135,125,96
95,83,73
103,96,91
93,84,68
89,77,73
79,73,68
106,99,84
99,92,76
128,113,97
123,112,92
111,92,86
108,100,90
70,62,60
97,89,73
87,78,71
84,74,67
74,64,55
126,110,100
109,104,78
116,105,84
100,94,77
93,84,71
95,88,81
131,121,106
97,87,74
91,82,69
85,76,64
74,69,57
129,119,98
95,86,69
109,94,86
91,81,72
112,109,88
102,94,72
90,81,65
87,78,74
112,99,82
132,126,93
141,134,110
100,90,78
99,88,71
103,88,79
119,114,91
80,71,62
129,120,97
106,93,80
102,87,82
80,74,62
75,64,58
73,65,52
137,125,110
83,77,65
85,76,65
113,106,92
85,76,61
107,106,84
119,116,98
111,103,90
75,68,63
76,63,64
100,94,79
120,112,87
136,125,113
94,84,85
97,92,77
102,88,73
92,88,69
65,61,57
100,91,79
79,73,61
128,121,85
131,125,101
85,78,70
129,122,103
115,107,87
103,88,77
102,97,77
106,101,83
84,76,71
91,80,75
116,104,94
131,117,102
133,123,99
106,100,84
85,77,72
116,111,87
130,117,101
102,91,77
109,100,77
66,61,54
74,67,55
133,126,94
88,78,70
98,86,78
105,95,90
88,83,61
84,78,72
87,74,68
83,75,66
118,109,90
103,96,84
92,84,75
65,61,51
126,115,103
120,110,97
115,103,82
70,67,53
75,70,57
131,121,103
88,80,74
66,60,54
100,94,75
78,71,62
69,65,54
100,91,74
116,107,87
99,96,75
81,70,64
85,74,71
84,76,72
102,91,74
88,82,74
128,120,95
120,112,97
123,110,87
137,127,97
92,82,71
56,54,43
112,104,84
106,99,84
108,100,85
97,86,67
91,83,74
84,79,61
57,48,48
115,105,86
112,100,79
117,109,91
82,71,71
81,76,67
120,113,95
89,85,63
84,72,66
115,102,94
123,117,86
96,90,73
104,97,88
81,72,66
140,125,107
116,108,93
134,122,99
103,91,71
105,97,87
93,85,70
76,67,54
150,136,102
125,111,98
96,81,77
115,105,95
106,94,77
65,59,50
95,89,76
126,113,100
90,79,67
114,102,83
104,92,70
95,89,71
115,103,90
71,60,57
120,110,92
125,116,104
99,91,78
95,90,81
98,91,65
111,99,88
68,63,55
64,54,49
78,74,57
110,98,91
78,73,66
85,75,67
147,137,118
79,68,60
134,122,108
128,116,100
103,88,85
72,65,67
86,80,64
102,90,83
100,90,80
67,59,49
80,75,65
111,100,89
76,65,67
109,101,84
65,55,56
113,98,92
130,121,96
77,68,58
89,83,77
87,82,73
119,107,94
90,85,74
137,128,99
81,72,62
57,47,41
80,71,65
68,58,55
94,89,77
64,62,58
100,95,78
124,111,97
103,95,75
82,79,58
120,109,91
119,107,93
78,73,60
111,103,90
117,108,90
84,74,61
69,60,52
99,90,77
116,100,87
95,90,73
78,70,64
103,99,83
78,72,58
89,77,69
63,52,52
88,82,77
82,78,63
113,106,86
96,89,77
102,89,82
110,100,89
120,115,90
126,116,90
85,74,74
79,76,68
106,101,84
130,117,105
80,70,70
106,97,81
91,81,76
106,95,82
117,109,90
75,70,63
89,76,72
138,127,103
102,94,78
104,93,80
111,100,84
105,93,90
68,59,51
113,100,93
135,130,101
111,101,87
153,140,118
123,113,96
79,68,64
110,100,84
103,97,85
94,87,69
102,98,83
74,65,63
72,65,58
116,108,86
110,106,93
108,99,80
71,66,55
111,99,85
58,56,48
80,75,58
93,83,73
111,104,83
74,67,61
65,62,61
106,98,84
106,99,79
92,86,76
85,72,70
97,86,78
71,63,64
105,96,82
90,81,68
113,106,94
94,85,72
99,88,84
75,66,54
96,85,77
88,81,72
81,77,70
113,109,90
81,77,66
73,71,51
126,114,92
115,106,86
90,78,74
92,83,66
71,64,55
112,105,83
101,91,70
105,97,85
59,50,46
92,87,73
126,117,100
109,93,81
110,97,89
109,101,79
103,96,79
124,113,97
137,125,86
72,59,51
121,111,91
96,85,75
126,109,98
80,73,61
160,149,123
144,135,112
85,73,71
117,111,95
95,82,76
71,65,53
118,108,98
85,73,57
90,79,69
113,107,89
94,84,75
121,111,91
67,58,57
114,111,91
125,120,103
96,87,80
111,103,89
117,108,93
92,87,75
116,103,84
85,74,58
87,78,71
116,110,91
109,97,79
102,99,72
110,103,96
141,128,110
108,101,86
87,76,76
69,61,49
107,97,82
112,103,92
95,87,81
94,87,72
101,92,77
105,90,87
110,99,87
106,96,82
101,88,75
99,90,73
75,69,59
57,53,50
95,88,69
78,72,65
119,106,97
45,39,39
135,127,112
92,85,61
91,85,72
74,66,58
110,99,90
118,109,87
79,75,65
116,102,100
88,82,73
86,82,70
96,90,75
133,124,104
106,100,87
114,102,88
90,79,67
129,123,110
97,89,66
123,112,96
93,84,71
103,93,71
68,62,54
80,74,63
136,122,94
60,51,49
106,98,83
105,97,76
107,104,83
61,56,51
107,97,78
80,71,64
67,62,51
70,63,62
132,124,106
97,90,71
101,90,78
70,64,57
106,96,86
100,85,64
108,97,84
156,144,122
97,88,72
81,73,65
85,78,74
81,75,69
83,72,64
119,108,93
94,87,65
117,105,89
137,130,102
145,137,115
101,91,84
127,123,101
106,97,84
114,103,90
94,84,75
140,128,97
80,74,68
90,80,71
83,80,66
114,101,87
111,100,85
83,74,72
109,98,85
81,73,60
83,78,68
82,76,66
87,79,67
89,82,69
77,68,63
109,102,76
131,114,96
91,82,73
91,78,75
77,70,57
159,149,126
134,126,96
98,93,85
86,79,62
106,96,84
96,90,78
82,77,65
85,75,61
94,82,67
84,74,68
103,96,77
83,78,69
93,87,72
122,119,98
78,70,60
106,99,87
114,104,86
88,79,74
89,77,67
143,134,103
105,97,86
74,69,57
112,103,84
73,67,55
116,108,90
103,93,80
98,85,74
93,87,72
78,70,65
107,96,90
100,92,76
130,120,87
122,116,92
96,88,77
112,98,86
114,102,83
88,85,74
80,69,65
67,58,54
107,100,81
95,84,79
126,112,93
83,76,61
113,104,89
139,124,113
91,84,75
117,110,90
108,96,88
90,81,75
108,93,77
79,72,60
91,82,71
105,97,86
114,104,77
91,77,74
127,118,96
115,107,93
97,89,71
95,90,66
107,98,73
139,126,92
86,79,72
98,88,74
134,122,106
104,97,81
104,97,82
119,111,93
119,109,89
91,83,72
78,74,65
104,98,78
81,74,65
106,98,89
88,79,70
96,88,74
78,67,63
115,99,92
111,105,86
54,47,40
122,116,100
113,99,80
103,93,78
83,78,59
65,56,52
82,74,62
92,85,75
110,101,89
81,78,63
125,115,92
104,90,83
90,84,70
108,98,82
87,75,63
87,81,71
93,85,73
132,123,90
117,111,91
106,94,83
122,112,101
124,102,94
124,119,101
103,92,84
71,66,59
129,117,103
115,107,81
86,80,64
70,67,59
102,96,88
131,112,93
68,63,52
123,115,97
90,80,70
89,73,64
87,82,70
152,139,99
50,45,38
128,122,104
95,85,75
107,97,86
112,105,92
148,140,115
115,108,100
95,82,69
131,115,106
119,107,90
83,76,67
99,87,77
66,52,61
86,80,68
89,82,73
93,85,76
74,68,59
83,74,59
97,85,78
118,104,100
134,121,98
108,98,82
71,65,58
104,95,82
129,121,107
112,104,72
115,106,83
87,82,60
106,89,86
82,69,69
132,119,105
111,98,82
130,122,98
80,73,62
83,75,65
93,85,78
110,99,82
101,90,80
170,157,132
84,73,68
98,94,66
163,151,117
95,85,72
104,98,90
64,57,49
64,59,52
113,103,99
127,117,101
90,81,74
65,57,51
60,53,50
109,97,84
113,98,88
110,105,93
105,93,84
125,118,99
102,93,82
93,85,72
77,73,60
69,63,61
73,68,51
69,60,51
88,79,69
114,109,87
90,78,78
115,105,90
78,71,64
69,62,51
85,79,76
60,56,52
85,74,60
113,97,85
125,118,89
130,122,99
128,116,95
94,89,75
87,78,61
65,61,52
94,82,79
75,68,66
91,83,68
113,102,86
119,111,91
61,57,45
75,73,59
90,81,67
89,77,66
95,87,69
96,93,72
77,66,57
70,63,55
85,77,61
78,69,63
100,93,83
114,108,89
139,129,103
69,56,56
112,104,80
96,85,75
90,79,71
102,93,83
87,82,68
110,104,82
121,109,100
119,109,94
91,83,74
105,100,75
86,80,70
77,69,56
114,109,94
99,84,78
100,91,74
96,87,74
102,93,86
114,112,83
112,101,88
116,106,95
91,83,80
128,116,108
72,69,58
110,93,88
63,53,52
92,85,67
138,120,98
105,90,77
98,85,83
123,114,95
91,85,69
70,64,57
91,81,72
84,76,61
61,58,48
100,93,87
115,101,89
80,69,61
108,102,81
95,90,79
74,67,58
76,68,58
98,87,85
124,116,106
118,109,95
116,108,95
138,127,107
75,65,56
108,102,87
94,90,72
94,85,71
76,66,65
58,48,47
109,100,87
96,85,73
123,112,95
88,82,69
84,79,68
81,74,73
112,107,88
98,86,79
142,131,97
95,83,69
80,74,62
87,78,65
105,99,80
104,93,77
98,88,76
135,123,105
106,97,92
97,90,74
74,68,57
120,114,91
100,94,75
81,71,63
113,107,79
76,63,67
114,102,84
94,89,65
98,83,78
110,104,81
113,100,89
101,94,79
99,92,72
83,77,67
94,85,67
99,86,81
100,93,82
116,106,87
116,106,100
87,81,74
121,112,98
61,51,49
88,83,73
141,126,107
60,52,53
92,85,67
88,80,67
82,70,67
108,101,80
90,79,78
101,92,79
109,97,78
108,99,79
90,81,75
104,96,75
103,93,79
126,120,105
111,99,82
102,96,86
121,116,98
73,68,60
98,91,76
80,76,62
124,115,95
113,104,89
107,97,89
84,80,65
118,109,84
126,111,93
73,64,58
72,69,60
84,72,61
81,74,61
91,82,71
114,107,96
117,113,96
67,60,60
120,112,93
84,75,60
88,78,73
92,85,73
82,72,58
112,105,95
92,86,72
96,87,83
103,90,82
135,125,102
82,75,61
101,94,82
110,100,82
71,63,56
79,74,63
123,118,99
92,85,75
79,74,58
139,127,110
91,81,74
119,108,85
77,72,61
96,85,72
104,95,74
126,118,99
99,91,76
104,100,89
108,99,80
94,83,77
83,74,64
111,100,91
102,89,75
79,70,62
120,111,102
104,100,75
100,91,83
82,76,66
149,131,110
116,111,87
88,86,71
85,76,70
112,99,90
119,113,96
88,79,77
97,88,83
77,69,62
93,83,70
123,109,100
134,123,101
107,98,77
105,98,81
106,94,85
111,103,78
110,98,82
146,137,104
63,52,54
132,122,108
94,87,73
91,87,77
105,99,84
84,72,69
98,96,75
117,111,84
86,79,75
79,72,67
131,122,99
112,98,77
99,91,71
99,91,70
94,88,74
71,68,60
78,73,54
118,114,97
82,72,67
89,82,72
75,66,59
102,89,79
99,86,79
121,113,95
107,93,78
83,76,65
75,68,59
39,32,33
91,80,78
77,74,64
117,104,89
85,80,67
98,89,72
116,105,84
77,69,55
128,121,95
106,99,79
127,110,101
55,45,42
106,96,85
98,85,79
89,79,73
86,74,66
117,105,85
112,103,86
94,81,71
94,91,72
128,116,99
115,110,90
71,65,51
110,102,83
105,98,78
88,82,72
104,98,89
73,62,54
83,77,67
161,153,124
74,62,56
110,107,87
121,108,95
72,67,56
97,89,73
106,97,85
80,69,68
97,81,75
126,125,101
97,94,77
142,136,102
69,60,55
97,88,77
80,71,66
114,104,92
76,67,63
109,96,85
69,57,58
88,75,72
108,98,73
80,72,60
66,59,56
79,73,56
94,88,68
104,89,78
80,73,52
61,52,53
93,82,81
98,91,68
89,83,69
107,100,84
78,73,61
117,101,87
85,74,73
83,77,67
80,76,60
97,93,76
81,72,61
76,66,53
80,72,55
101,88,79
53,52,44
91,81,75
88,81,63
100,88,79
65,60,51
95,88,72
73,64,56
93,89,72
66,61,56
93,85,79
121,111,88
107,96,84
103,92,75
120,114,93
95,84,73
99,90,84
75,68,59
80,76,64
123,109,88
89,82,76
117,107,83
95,87,79
97,89,78
101,88,78
65,55,56
112,106,81
88,78,67
89,84,70
103,93,78
53,48,50
96,88,69
85,79,67
100,90,83
142,135,111
127,116,93
52,47,44
123,114,90
119,113,97
81,71,57
162,153,125
82,71,69
115,106,93
100,90,77
108,98,90
98,88,76
71,67,56
83,78,68
118,106,92
100,86,79
112,101,84
113,109,88
75,67,60
121,111,97
98,88,82
82,71,67
76,67,63
89,82,69
71,64,58
105,97,79
91,82,77
86,79,71
84,80,58
79,73,59
123,109,101
95,89,70
120,105,88
112,104,83
68,59,60
85,77,66
111,97,85
95,85,75
122,108,101
115,109,91
120,112,96
74,66,52
90,83,63
79,69,61
144,140,111
98,93,74
130,127,104
94,83,73
68,63,57
100,96,79
84,81,67
104,95,87
89,82,67
152,140,120
72,66,55
106,98,86
83,76,67
102,92,86
68,60,54
104,92,74
161,148,122
69,62,57
122,117,94
117,100,85
109,102,88
106,95,85
135,126,109
96,92,81
122,116,84
119,113,90
102,90,81
108,99,84
81,71,66
116,101,96
104,94,79
93,84,70
56,49,44
79,73,59
63,53,49
91,85,74
115,106,89
70,64,54
113,106,82
83,77,72
101,91,80
81,72,65
99,89,80
116,110,94
75,65,60
128,123,91
118,113,83
122,115,90
86,80,62
97,85,76
108,96,89
71,61,56
92,85,65
113,104,84
97,90,77
86,78,66
96,90,73
95,85,73
79,70,65
100,91,72
111,104,87
132,123,102
105,98,89
103,94,73
82,74,62
83,77,65
105,93,84
88,82,75
91,80,73
115,105,81
121,112,91
95,86,77
122,109,100
97,90,81
96,86,76
100,91,73
105,97,79
99,93,79
71,63,48
80,74,64
77,69,61
107,103,75
122,109,90
111,107,83
118,110,87
145,137,114
94,89,68
73,69,57
115,108,95
107,97,84
123,112,102
76,63,65
112,103,90
105,98,86
109,101,86
119,110,88
63,53,54
97,90,79
90,85,76
87,78,64
126,122,93
113,98,90
101,89,73
87,80,70
119,109,97
85,81,70
127,117,101
86,82,65
82,74,60
83,77,73
96,86,80
74,67,56
97,91,76
103,94,72
104,99,79
149,140,117
103,90,75
120,110,91
111,100,83
132,124,102
167,156,116
108,94,80
117,108,86
97,88,67
89,84,75
129,121,109
125,116,86
144,133,109
125,115,90
109,98,82
91,85,74
113,107,90
80,72,57
150,142,113
90,78,67
79,66,64
97,93,76
127,120,92
87,83,68
103,96,84
97,91,85
109,99,84
84,74,63
66,62,53
96,85,77
121,115,98
126,114,96
101,87,86
113,108,94
104,95,83
81,78,59
108,96,87
92,89,76
94,87,77
131,121,103
117,108,85
113,106,81
86,70,64
86,77,69
88,74,70
92,83,75
96,85,74
105,92,83
101,96,77
116,107,88
101,93,79
80,72,52
75,62,53
96,81,81
87,75,70
113,106,76
111,94,87
88,76,76
77,71,54
110,100,89
85,79,74
84,78,64
107,99,83
121,109,97
123,116,96
96,89,74
103,95,83
108,99,83
82,71,58
105,97,75
83,76,73
80,73,64
100,90,75
119,109,81
70,70,63
102,98,81
96,85,69
88,81,69
102,95,77
100,86,79
113,105,84
88,80,63
103,98,87
139,130,104
103,96,82
94,88,72
126,116,94
99,91,82
82,76,57
136,124,106
62,56,51
99,92,76
85,79,63
98,92,73
114,106,92
98,90,77
116,107,94
85,79,69
50,39,42
77,69,67
101,90,80
142,131,109
131,119,100
85,74,58
92,80,71
84,78,69
73,69,60
103,92,76
93,86,83
93,87,76
126,114,92
75,70,61
95,84,71
79,70,65
114,104,95
102,96,72
120,113,95
97,91,70
103,99,79
99,91,84
109,104,87
114,105,92
89,75,66
126,120,100
62,56,49
118,109,88
102,95,80
117,111,88
77,72,56
97,78,80
103,98,73
90,79,72
114,102,82
123,114,102
92,84,72
134,127,108
120,113,95
106,92,76
78,72,55
80,71,66
84,76,70
105,98,79
93,87,77
86,82,67
109,100,80
99,89,76
84,73,65
102,87,77
133,127,100
106,98,78
113,107,86
105,95,73
112,98,80
101,95,80
88,80,64
110,98,87
95,88,72
91,89,69
76,71,67
147,137,112
105,100,84
100,92,77
74,65,63
129,115,93
92,86,62
92,81,70
98,87,74
101,90,79
79,73,60
100,91,73
116,111,87
70,61,56
115,103,91
92,81,77
93,83,77
94,86,80
115,108,94
119,109,93
99,92,70
75,72,52
129,119,95
91,82,71
100,87,79
102,95,86
74,69,57
112,98,89
112,104,84
102,95,78
115,102,89
95,87,67
81,76,62
103,93,85
130,122,99
112,101,83
143,135,115
106,96,89
75,61,67
106,100,77
145,136,108
119,109,98
80,75,65
130,118,105
100,89,71
113,102,87
91,81,83
100,95,79
120,109,100
82,77,70
91,82,75
113,102,97
95,84,78
84,78,71
96,90,73
108,98,79
130,125,102
141,133,106
67,64,54
63,51,58
120,110,89
114,105,86
122,113,88
84,72,71
100,90,76
113,102,83
81,70,67
109,104,79
119,102,92
98,87,76
84,78,67
117,113,87
107,92,87
101,94,85
88,84,71
89,79,70
75,68,61
75,68,58
86,75,63
136,125,102
81,69,62
87,80,67
87,80,72
58,55,40
105,95,77
99,89,79
131,122,97
96,84,78
84,75,69
124,118,96
99,87,78
93,88,82
85,76,65
92,88,74
109,101,77
100,92,81
87,78,74
141,128,111
111,101,85
100,93,73
126,117,97
74,68,64
134,117,104
83,79,69
101,92,80
102,95,78
97,89,71
93,86,71
86,75,70
90,84,72
46,40,42
114,106,89
100,90,68
95,91,72
106,92,79
75,64,59
110,95,89
98,96,80
84,76,54
100,96,81
111,102,95
114,107,79
106,94,87
89,84,64
91,82,72
83,73,62
96,89,75
157,148,110
94,88,75
130,122,94
129,116,104
107,96,80
108,99,82
97,86,75
116,108,85
99,93,74
108,97,82
99,92,76
104,95,82
90,85,62
107,97,81
127,117,98
123,113,97
88,82,66
91,78,64
92,86,72
82,75,63
95,89,74
97,87,77
113,103,91
116,102,89
150,142,118
98,82,74
65,56,49
119,111,91
94,85,74
84,72,70
112,96,88
96,89,82
115,100,88
97,84,77
154,143,119
111,102,82
100,94,77
89,82,71
89,79,69
102,94,75
84,78,67
90,80,77
98,90,76
90,85,65
123,109,93
130,118,108
83,73,64
113,105,91
61,51,49
80,74,63
102,97,76
122,114,90
92,85,77
120,110,94
99,92,65
94,80,63
103,91,80
76,67,58
124,116,100
63,56,48
113,97,85
95,86,79
101,97,71
111,98,90
137,128,106
122,113,92
107,101,92
100,93,79
92,87,70
105,98,77
106,94,78
102,90,83
159,148,114
82,74,68
95,89,75
91,84,77
111,106,88
87,79,66
108,96,88
111,101,93
84,77,64
85,77,64
106,99,79
107,102,83
69,64,53
77,70,63
109,99,83
92,83,72
99,89,70
106,102,85
109,96,89
97,85,71
124,114,106
104,95,77
98,94,83
88,78,73
111,105,89
96,87,72
83,74,67
98,88,75
122,111,96
137,123,101
88,78,67
67,57,48
139,134,106
93,87,70
102,92,80
116,108,87
90,79,69
110,105,88
74,67,48
83,75,72
111,103,80
108,98,83
74,68,61
137,125,99
83,78,68
82,73,62
129,120,103
91,82,71
137,125,108
81,74,66
72,60,56
107,96,88
146,136,111
93,84,71
92,87,69
69,62,54
126,108,90
70,60,58
126,118,92
82,71,70
101,94,80
107,97,78
90,85,67
97,87,77
112,104,82
95,88,73
140,131,112
88,79,67
106,96,78
84,77,63
100,93,80
133,129,98
111,102,90
107,95,85
113,101,93
97,92,68
91,78,67
100,86,77
90,80,76
84,77,65
98,85,78
110,100,91
130,120,101
102,92,77
102,94,77
77,70,63
77,69,62
95,85,71
110,105,85
93,84,68
104,99,82
96,90,81
100,89,74
94,85,81
95,85,75
64,60,42
89,79,64
73,61,60
129,119,89
84,69,67
90,80,70
125,116,95
94,83,75
87,76,68
103,93,85
126,118,103
106,93,74
103,90,77
82,80,66
103,96,82
119,109,93
76,71,56
104,100,88
126,111,92
78,72,66
107,98,84
102,97,83
61,55,50
97,93,70
87,79,76
64,58,50
77,69,65
104,93,86
75,66,60
95,89,70
96,91,81
108,101,84
97,84,74
88,76,74
127,117,99
108,98,83
71,63,51
88,78,74
74,66,54
107,95,84
96,86,76
94,86,75
115,104,92
79,69,66
117,100,91
103,95,83
88,76,75
94,84,74
86,78,70
86,72,71
110,101,81
94,86,76
102,96,87
173,151,139
80,73,55
130,122,96
118,109,92
88,78,68
88,78,71
92,84,84
97,87,81
128,117,91
79,74,63
117,110,91
118,107,92
122,111,89
107,99,82
97,93,73
114,107,86
100,94,74
119,108,100
82,78,69
75,68,56
77,68,56
70,62,56
93,78,69
130,120,104
99,92,81
49,42,44
80,72,62
147,140,112
108,101,84
85,75,66
113,102,86
73,62,58
84,80,60
106,92,79
93,82,70
128,122,95
92,82,76
114,102,96
114,106,84
93,83,75
88,84,67
98,91,75
86,79,65
105,97,81
120,112,96
85,69,74
144,133,109
93,82,82
89,79,64
100,85,80
93,84,74
87,80,68
71,59,51
90,85,71
73,68,61
85,76,72
110,102,92
105,93,77
90,83,68
108,101,84
103,98,76
108,93,79
73,67,60
94,81,73
93,84,71
104,97,80
94,89,75
104,98,82
94,88,76
112,105,78
122,112,88
102,91,81
71,62,55
116,107,96
117,100,87
111,99,100
127,113,96
103,93,84
84,78,65
135,128,102
66,57,56
85,79,65
82,74,64
68,61,53
130,117,102
76,72,57
86,77,71
104,86,85
104,94,76
79,70,71
108,101,91
128,117,100
93,83,72
123,111,92
64,57,46
86,79,70
84,79,67
64,54,52
87,78,71
72,66,59
112,101,93
112,105,86
83,72,70
106,101,79
96,90,74
121,112,95
119,110,94
103,93,79
144,136,113
73,65,52
106,96,86
119,110,101
121,113,103
80,72,63
122,109,94
131,121,105
99,87,77
103,97,77
99,85,76
60,57,46
86,79,70
128,118,95
93,80,73
114,105,97
89,82,68
101,92,84
73,69,60
109,102,88
99,91,83
71,66,61
122,114,95
66,58,54
112,95,94
111,105,84
75,72,60
86,75,64
113,106,96
80,73,54
118,102,89
112,101,81
93,85,67
111,103,80
123,116,98
117,108,100
104,100,83
121,109,83
99,88,76
97,85,74
88,79,75
95,86,75
115,108,99
62,57,53
122,113,96
113,106,88
86,80,73
101,90,84
83,69,69
91,82,65
78,69,59
82,69,62
92,83,74
113,102,89
115,108,85
64,56,54
81,72,72
112,98,79
85,78,68
124,113,104
83,76,64
94,83,74
94,87,77
121,112,96
98,89,76
110,102,74
50,47,43
100,96,80
60,56,44
142,130,110
82,67,61
99,89,76
111,105,93
99,91,70
100,95,75
87,79,69
90,84,71
102,99,74
97,89,71
126,114,95
60,57,45
91,84,69
111,97,84
105,97,88
53,49,38
155,144,125
96,87,76
106,99,81
100,90,76
127,114,87
95,84,78
147,143,111
88,77,71
79,68,61
110,103,85
79,69,64
86,73,64
92,83,75
75,71,60
103,91,80
97,94,75
75,70,63
99,93,79
79,68,66
85,80,66
98,91,76
116,105,91
109,95,79
88,74,69
138,128,108
90,82,64
109,101,84
97,89,74
97,88,74
139,127,114
131,128,100
121,119,93
120,109,87
144,137,110
83,77,65
82,72,66
61,50,50
84,78,76
114,106,87
112,102,82
114,97,81
160,145,133
92,79,70
80,74,55
87,77,74
92,81,76
94,84,68
134,125,95
64,60,48
133,123,102
109,98,88
70,62,62
123,122,100
99,90,80
86,78,69
87,81,60
120,113,91
111,101,90
86,75,65
92,82,69
120,107,90
103,92,75
93,85,76
53,45,47
102,88,80
111,97,88
68,63,45
103,95,85
104,95,83
89,81,66
100,96,76
111,96,88
108,99,80
83,78,65
104,100,81
114,105,90
91,83,70
65,57,59
84,77,71
106,97,81
92,83,62
109,104,70
80,71,61
93,88,77
96,87,77
121,109,99
86,72,69
108,101,90
74,70,62
77,71,65
59,56,54
126,120,95
69,58,59
83,74,63
84,78,65
67,58,50
67,60,53
77,67,68
99,92,80
79,71,63
125,114,92
85,80,73
72,67,56
118,109,83
95,88,77
76,66,63
140,136,111
78,71,56
138,129,113
126,117,111
84,76,69
99,86,73
112,104,92
100,87,74
50,46,39
134,120,100
157,148,121
139,126,106
113,101,91
76,67,53
103,98,83
78,66,66
107,97,84
144,129,103
120,113,95
140,132,103
85,80,66
121,111,97
70,61,55
81,74,69
91,85,66
76,67,55
57,50,43
89,81,71
121,110,88
149,143,106
104,96,86
78,71,62
87,76,72
62,56,45
118,109,87
77,72,63
91,85,66
101,94,64
144,130,105
74,70,63
85,75,66
116,108,87
81,77,64
93,85,73
100,94,78
85,75,62
105,97,78
85,74,66
127,110,95
103,87,72
98,91,69
91,86,69
99,88,77
140,131,103
99,88,76
89,81,70
123,106,95
120,112,88
110,99,84
86,78,69
97,88,70
77,70,60
82,73,73
106,94,86
88,82,67
88,79,70
78,72,67
110,99,83
81,69,65
91,84,67
95,82,79
88,81,62
110,103,90
77,74,62
143,131,100
101,91,75
111,99,93
83,75,71
79,77,62
89,80,73
97,89,75
103,94,75
88,78,71
85,76,71
117,111,89
106,91,79
122,113,104
75,71,59
106,98,82
117,111,96
117,109,82
116,108,90
106,99,80
79,68,66
68,64,57
82,75,57
78,73,67
94,85,70
129,119,105
94,87,74
95,85,78
75,69,54
103,92,72
110,104,77
89,81,66
75,65,65
102,90,71
79,63,63
114,105,91
89,78,67
85,76,72
119,107,90
131,121,100
123,118,91
95,85,83
128,119,99
134,127,102
115,108,83
79,73,67
122,112,85
85,80,71
94,87,75
144,135,110
95,86,73
93,88,68
93,85,79
76,69,63
77,68,69
91,84,59
101,95,82
104,93,81
85,77,68
99,87,74
84,79,67
107,101,85
88,83,75
110,96,84
70,64,58
109,100,74
135,122,100
83,75,62
100,97,79
78,72,61
116,100,84
88,75,67
76,68,52
105,98,82
83,76,70
88,79,68
83,74,64
118,106,102
65,57,53
67,62,54
83,72,57
98,89,78
88,76,75
131,120,100
105,97,80
80,68,69
76,72,56
121,111,93
88,75,68
95,84,73
102,94,75
148,132,115
96,85,72
98,90,76
90,83,68
104,94,82
74,67,62
93,82,76
91,80,76
137,118,102
98,89,69
99,90,68
88,74,66
118,107,92
121,109,90
92,81,75
116,107,90
100,92,75
76,67,66
101,89,68
131,123,103
82,73,67
135,120,104
102,95,75
60,54,46
103,94,79
81,68,61
91,86,73
97,89,74
73,69,60
103,92,80
125,120,97
123,111,97
112,105,81
98,87,67
135,128,102
83,74,69
86,80,64
124,112,89
88,78,70
106,95,81
75,70,59
101,94,82
152,146,129
99,95,80
111,97,73
64,59,53
78,74,69
96,89,66
91,82,81
73,67,59
65,55,58
110,102,82
51,44,47
88,80,70
72,62,57
77,65,63
92,87,68
80,69,64
74,69,53
105,98,91
111,100,92
93,80,69
74,65,60
64,57,54
81,74,68
102,93,83
116,111,94
127,116,99
114,102,80
89,78,62
105,99,88
70,62,52
87,78,67
86,75,69
108,95,86
111,107,86
145,133,112
70,65,52
94,86,69
118,108,90
98,85,76
106,102,70
114,108,94
98,86,75
117,100,94
95,90,69
112,98,91
99,90,82
133,123,99
92,77,71
126,117,87
122,112,103
87,83,71
89,86,67
104,92,77
121,113,89
86,82,66
78,70,57
78,71,62
66,58,60
128,114,103
66,54,51
97,88,75
115,107,94
88,84,72
108,98,80
111,106,81
99,96,76
64,61,48
109,101,88
106,91,83
103,99,87
103,94,74
86,80,67
74,68,56
89,79,68
64,51,54
101,93,74
118,106,86
101,88,72
129,118,88
83,76,63
89,79,72
114,111,83
83,73,74
73,64,57
110,102,74
125,113,96
102,94,87
136,124,117
111,103,97
82,71,60
89,81,74
98,91,75
141,131,108
82,72,65
125,116,98
107,103,84
127,118,85
103,98,80
118,109,81
106,97,80
84,80,62
82,71,67
134,123,108
123,114,92
95,91,76
88,77,73
101,95,76
128,119,95
119,107,95
78,71,61
117,108,87
114,110,102
114,106,81
80,73,62
102,92,80
105,91,81
120,107,86
88,83,63
93,85,74
98,90,75
97,91,84
93,86,74
94,85,78
105,93,82
107,99,86
91,84,78
57,50,48
103,92,83
91,83,80
104,98,78
82,76,57
112,102,88
113,102,93
126,118,95
108,100,90
96,92,71
103,91,79
131,124,98
133,124,108
100,91,77
114,104,86
115,109,88
101,91,82
98,91,76
106,98,90
148,132,102
71,65,57
72,63,56
123,113,90
82,70,64
89,82,75
136,129,108
69,63,53
98,90,75
74,74,63
79,72,62
107,97,82
79,69,68
93,82,69
114,105,91
104,95,86
88,80,69
116,104,101
147,138,106
82,78,62
120,108,87
110,100,74
87,81,67
92,85,75
112,99,92
92,81,69
79,68,63
91,84,74
82,77,60
79,72,63
98,89,80
116,104,96
62,51,52
129,118,104
126,118,93
103,93,76
72,69,57
121,117,90
110,100,90
77,65,65
82,70,68
135,131,92
82,76,65
77,69,57
99,94,80
86,74,72
93,80,75
128,117,112
112,105,85
95,83,81
101,93,80
88,81,71
110,104,88
106,102,81
124,115,85
75,68,60
85,74,70
86,81,68
115,107,85
112,101,87
123,115,90
90,80,67
121,113,101
88,79,68
100,95,80
103,94,86
83,76,66
134,125,111
116,106,97
111,98,88
75,66,63
137,124,96
85,82,60
80,67,64
85,78,73
59,53,48
130,118,101
128,120,97
92,85,74
118,108,95
126,112,103
108,97,89
93,87,74
97,95,72
118,110,96
71,65,50
83,67,66
97,91,78
111,103,85
104,98,71
129,117,98
75,69,64
99,94,72
95,85,64
97,86,79
135,122,92
76,66,65
122,112,96
90,78,67
101,93,76
80,78,67
107,96,87
72,67,55
126,114,93
96,88,74
108,98,77
105,94,75
61,55,45
106,97,84
78,69,60
138,127,111
99,88,79
113,106,86
97,89,80
139,130,97
80,64,69
76,66,59
106,98,79
80,70,59
69,63,56
119,113,95
106,96,79
89,80,72
131,120,97
105,94,83
74,67,57
129,125,106
88,81,74
97,90,81
89,79,66
91,85,73
73,65,60
62,57,46
124,120,98
98,90,73
133,122,104
110,102,82
88,81,66
91,84,70
75,71,62
130,119,99
143,135,110
102,92,83
127,114,97
96,87,79
101,95,71
98,87,73
89,77,70
95,85,80
107,95,76
121,113,91
112,101,85
95,89,70
129,115,98
99,88,74
55,49,48
115,109,96
98,91,81
85,81,72
107,103,91
96,93,77
106,102,78
110,98,91
79,70,61
115,106,92
98,90,75
91,85,69
87,79,73
101,89,80
129,118,99
137,125,99
77,71,63
122,111,94
97,87,82
113,102,84
105,98,81
108,100,91
40,36,35
75,71,65
81,73,71
108,101,88
106,102,81
107,98,89
139,124,96
104,92,87
80,72,67
98,87,68
90,83,74
104,93,74
80,71,70
95,89,65
108,91,72
83,78,67
112,107,95
135,124,113
115,102,85
118,109,89
52,46,44
76,67,58
99,90,73
111,100,81
75,69,61
97,94,73
94,88,71
111,102,89
90,81,68
120,107,92
68,61,48
142,127,99
113,104,79
95,85,72
127,121,97
129,118,109
99,89,81
133,122,103
105,95,88
96,90,74
159,141,110
99,91,77
92,89,62
75,70,60
97,89,80
134,128,97
107,96,84
71,61,56
131,120,106
101,93,77
55,49,45
102,93,82
84,74,59
107,95,81
95,84,75
120,113,91
124,116,103
131,122,97
72,63,62
117,108,92
92,79,70
90,74,67
101,87,80
86,76,70
82,71,54
87,76,65
105,90,84
102,91,80
130,123,104
101,97,87
71,67,61
88,78,74
118,112,81
115,104,83
107,96,93
113,102,84
90,81,67
82,72,65
104,96,69
90,83,67
105,95,84
98,87,74
96,90,84
77,66,64
120,109,93
116,105,90
108,99,81
85,75,70
104,96,82
85,79,67
68,61,52
73,64,55
81,74,67
121,107,97
105,98,79
99,83,75
97,90,84
111,102,85
87,81,68
87,76,71
99,92,72
59,52,43
83,75,59
123,117,88
73,68,60
100,96,81
117,109,97
128,117,97
145,138,116
70,64,52
116,104,92
92,83,78
105,92,79
82,69,61
93,87,71
128,114,90
82,71,67
122,111,87
75,71,61
104,98,76
92,83,66
112,104,86
91,81,72
125,113,97
61,55,42
84,80,64
85,78,70
62,55,53
99,90,80
126,119,98
83,80,60
135,124,103
66,62,54
131,120,106
92,83,71
125,115,95
102,96,87
85,79,69
119,112,100
127,117,105
107,91,79
101,95,75
88,84,69
114,103,84
121,106,94
92,90,76
101,89,76
135,122,102
135,128,108
93,84,77
94,81,73
84,80,63
140,126,106
111,104,83
107,96,75
97,92,75
138,131,116
120,107,94
93,86,75
99,89,79
130,115,92
61,57,48
137,126,109
80,77,62
83,72,64
110,105,88
141,132,104
150,142,111
93,84,73
77,69,57
118,110,87
132,128,102
105,94,75
92,81,62
65,56,54
66,56,45
101,91,82
88,79,60
87,78,71
104,99,81
97,91,72
115,105,96
103,92,78
131,123,105
91,83,70
87,83,66
135,124,112
92,82,68
97,89,70
162,153,128
73,67,64
178,157,141
122,115,94
116,107,78
86,78,70
80,73,64
50,47,40
137,128,102
118,105,89
93,83,75
130,125,93
76,68,60
84,80,69
93,87,76
81,71,56
82,74,64
98,87,74
79,73,65
84,76,64
113,105,85
109,101,90
105,99,85
127,114,98
89,81,74
72,68,62
108,102,78
111,101,89
108,100,81
107,101,85
90,79,75
86,80,72
83,74,69
93,90,71
122,114,95
72,65,52
101,93,79
97,90,74
111,98,81
91,81,64
121,111,94
97,86,84
83,76,68
95,86,77
108,102,84
69,62,56
85,81,68
82,75,69
121,107,95
74,64,56
104,96,77
117,106,82
94,89,78
90,85,65
88,78,71
77,69,64
61,51,50
85,74,64
104,94,81
84,78,71
120,106,85
104,90,81
110,105,87
49,42,36
94,87,80
118,108,94
61,50,50
143,133,111
69,63,53
108,100,85
98,93,73
75,66,61
99,91,71
167,154,134
107,97,87
96,87,81
113,102,85
150,141,129
114,107,81
81,70,63
107,91,84
104,89,76
119,110,92
99,88,78
90,80,69
119,107,100
117,107,86
127,118,98
107,96,81
121,109,93
114,105,87
129,122,104
113,101,89
98,90,77
109,97,89
73,64,58
90,83,71
124,118,96
111,96,77
79,74,66
138,120,106
80,75,61
92,87,70
134,121,100
107,99,76
101,92,80
83,76,67
57,47,43
107,97,89
66,58,58
115,103,83
121,116,98
104,99,79
77,70,60
133,121,106
94,83,75
78,74,62
85,79,60
77,73,61
70,67,61
120,111,94
107,99,82
81,73,70
116,110,91
114,103,86
130,120,90
109,103,93
77,70,61
146,129,99
84,77,68
110,95,92
75,68,61
102,99,79
124,120,106
76,71,52
80,72,63
122,114,86
108,101,77
122,115,82
113,108,89
123,115,100
68,59,49
88,84,74
92,85,73
86,77,66
111,103,89
110,104,92
151,142,103
101,94,79
119,108,84
99,89,84
109,97,83
88,83,64
99,89,71
120,114,95
106,95,69
71,63,55
91,83,79
113,105,85
108,103,88
109,100,84
98,91,74
97,91,76
73,62,57
89,80,75
105,96,84
65,56,57
99,92,78
85,70,73
103,98,68
120,110,82
87,76,66
97,87,71
120,111,99
100,89,72
119,107,92
89,79,64
78,70,68
135,120,100
96,84,74
97,88,79
102,89,77
104,95,78
81,74,71
108,98,83
93,82,78
107,89,85
108,92,85
74,68,57
97,88,72
120,106,91
110,100,77
106,98,82
107,94,83
95,84,67
68,62,60
113,101,87
96,86,72
107,101,85
96,86,77
90,82,78
70,67,56
100,94,81
115,105,97
75,67,60
106,88,88
93,85,75
106,100,81
79,69,57
83,78,72
73,69,60
86,73,56
103,97,67
110,103,85
79,69,63
134,124,99
142,131,114
96,88,75
55,48,48
109,103,85
96,93,80
101,86,72
87,74,70
123,118,105
101,90,79
98,89,83
104,99,81
123,109,91
90,84,82
105,98,87
110,102,85
90,86,66
81,73,59
96,84,84
134,127,101
104,92,77
109,100,81
130,124,96
74,69,54
140,134,107
89,75,69
113,101,86
140,128,115
128,118,100
89,80,65
71,59,60
104,96,83
96,86,82
102,91,75
121,112,91
113,99,92
112,103,81
109,100,88
152,144,107
79,72,68
121,108,99
81,71,66
93,84,78
102,91,82
151,141,119
84,77,59
94,85,75
87,79,70
118,108,92
111,104,89
72,67,58
101,90,74
89,80,64
95,87,77
123,112,91
97,89,82
110,102,84
79,71,54
119,112,91
76,67,59
150,135,113
112,103,86
75,68,65
113,106,82
107,95,80
82,74,70
83,73,64
77,69,66
137,127,107
121,113,89
81,75,62
74,66,57
98,86,74
102,92,75
116,110,91
147,134,122
94,89,61
101,88,85
122,108,102
82,74,67
53,45,40
122,111,101
93,86,72
96,89,73
87,78,73
121,107,92
93,88,76
96,89,64
65,59,52
75,70,56
86,77,66
114,109,84
128,122,95
100,91,74
98,88,74
136,129,95
89,79,69
111,101,92
100,90,75
128,114,100
91,80,70
116,102,95
97,89,79
76,69,59
104,98,90
75,65,57
69,62,55
70,59,57
109,95,83
67,58,54
89,79,72
111,104,91
110,102,75
112,103,97
77,71,66
113,108,83
115,102,74
89,80,67
79,74,57
114,105,86
100,92,75
140,134,104
65,58,53
108,104,78
64,59,49
93,77,70
66,60,56
88,82,72
66,62,57
106,93,80
120,107,95
101,87,81
131,121,101
77,67,56
90,82,68
115,110,94
99,91,84
103,93,74
110,102,83
123,112,92
86,77,73
135,124,106
81,76,59
97,87,75
116,105,89
117,108,94
73,70,62
111,96,91
125,117,86
101,93,71
85,80,67
87,82,75
103,91,79
94,84,71
46,42,36
91,83,74
84,71,66
89,80,64
89,79,72
92,84,74
103,92,82
87,78,64
117,112,92
85,78,69
96,95,73
78,74,62
106,99,76
84,80,61
82,77,62
83,79,70
121,110,108
73,66,64
106,101,70
130,114,98
115,104,91
108,100,81
73,64,62
77,72,66
112,105,85
115,102,96
109,102,86
131,117,94
96,85,71
107,96,83
96,88,67
126,116,98
119,113,88
95,87,82
86,76,69
95,90,65
90,78,72
87,81,67
101,89,71
94,86,80
104,95,82
115,109,88
96,83,73
100,94,81
80,69,59
93,83,70
109,104,87
72,65,59
126,119,101
72,68,57
69,57,52
76,63,50
114,102,91
87,83,65
123,114,89
80,74,63
63,58,53
76,70,64
122,111,100
103,98,84
131,122,95
107,95,82
120,113,80
105,99,78
99,89,74
120,112,91
116,105,91
78,71,59
126,115,102
83,75,58
88,78,67
116,105,89
113,101,75
99,86,77
92,86,76
100,91,76
90,80,74
105,97,79
75,64,59
89,77,68
116,105,80
100,92,75
92,86,63
99,85,78
137,124,97
107,91,79
114,107,76
89,82,69
111,100,83
175,161,145
119,113,89
103,99,81
70,68,60
73,61,60
84,73,71
102,94,80
114,102,95
97,90,71
99,90,75
155,144,111
80,76,64
124,117,84
108,97,87
112,107,84
105,98,86
94,88,71
122,117,95
98,90,82
83,77,62
74,64,64
71,62,62
96,86,77
91,85,70
98,93,79
69,60,55
101,92,81
93,88,71
99,91,79
116,106,78
136,122,101
75,69,59
115,105,96
122,110,105
118,107,90
82,80,59
92,78,73
109,105,81
72,65,58
77,68,57
93,90,75
87,75,67
87,77,65
99,86,84
89,79,71
121,112,95
77,68,63
79,68,64
123,114,93
68,64,55
89,75,69
90,85,63
112,104,91
108,99,88
123,107,104
137,121,102
89,82,71
113,107,90
92,82,80
117,107,83
108,102,79
99,89,88
90,79,78
77,67,65
95,91,67
102,93,87
109,104,79
71,64,59
118,108,103
95,89,76
81,73,64
117,107,87
97,82,76
71,64,61
101,93,79
92,82,74
93,83,70
84,76,70
57,53,47
103,91,80
91,83,65
92,82,71
63,56,52
101,97,73
76,68,66
112,108,89
129,122,99
76,70,56
101,92,78
87,82,73
153,141,115
81,74,58
95,85,71
91,81,70
85,79,72
76,71,60
95,85,74
96,88,71
131,125,96
58,51,43
85,75,65
120,111,94
93,85,74
108,96,79
99,90,70
92,85,73
94,82,71
120,110,95
111,94,86
60,54,47
89,78,70
88,80,68
101,92,79
79,75,61
75,64,49
86,79,75
125,115,101
116,110,93
122,111,100
94,90,72
75,72,57
84,77,68
80,72,65
112,103,86
95,90,75
90,78,74
100,85,79
104,94,78
103,88,78
104,98,76
131,123,100
91,83,72
135,125,96
88,81,73
127,120,98
83,76,70
91,85,73
113,103,86
91,83,64
85,77,63
119,101,91
80,73,59
95,83,80
110,95,87
106,99,86
67,55,56
114,105,87
84,74,69
79,68,64
133,121,95
139,130,101
98,93,78
99,85,85
102,94,82
108,97,77
110,99,83
91,76,66
139,129,110
92,85,79
83,76,65
111,103,89
121,115,89
99,89,71
90,78,74
90,84,77
85,80,70
110,100,75
86,82,67
85,77,74
95,89,69
72,68,52
81,79,68
101,93,79
113,102,85
121,117,92
105,94,84
73,66,59
81,73,64
102,92,73
95,87,76
85,78,69
75,72,61
96,89,71
90,81,72
109,98,90
92,76,73
77,66,62
90,80,71
76,70,65
88,80,72
117,107,89
106,95,87
101,93,76
93,84,75
102,98,86
114,103,87
100,91,79
114,106,85
95,86,74
128,112,103
122,117,99
68,66,55
93,82,68
70,61,55
120,111,99
101,94,84
90,78,62
128,116,106
110,96,84
108,100,83
141,126,100
84,75,69
82,67,65
84,75,69
81,72,64
105,99,84
107,96,85
108,99,79
82,72,66
109,99,81
73,65,61
102,94,81
81,76,69
110,104,94
87,77,73
82,71,58
76,72,58
68,60,55
103,93,79
72,62,60
79,75,70
107,95,77
103,90,73
85,78,64
92,79,73
92,86,67
70,60,57
92,86,70
81,74,62
88,85,71
98,91,74
100,95,79
114,104,86
111,96,92
85,75,63
107,97,84
85,79,73
98,89,76
130,125,100
112,101,82
76,68,58
123,109,94
105,97,85
77,70,55
108,100,93
105,96,75
125,114,100
87,81,69
120,112,93
102,96,76
108,101,83
106,98,75
100,95,77
92,83,72
125,115,101
86,81,67
89,83,71
94,80,73
81,72,68
108,98,83
95,87,81
98,84,76
117,111,91
117,106,87
152,139,120
109,101,85
88,80,68
86,81,68
125,118,100
109,100,80
83,72,74
64,52,49
103,96,77
127,119,91
102,95,85
104,97,72
105,94,77
126,113,96
115,106,91
111,104,81
77,72,60
106,99,85
83,76,67
94,85,68
89,82,72
109,102,75
106,99,87
58,51,46
101,96,79
112,104,92
107,101,86
118,109,88
76,69,59
99,91,75
124,113,94
135,120,104
108,98,88
117,108,92
96,90,77
95,86,76
127,121,97
104,93,78
115,104,82
63,56,49
69,63,55
111,102,92
72,64,59
65,57,49
109,100,81
81,75,64
84,77,63
120,109,85
89,77,77
75,67,57
116,109,97
103,96,87
101,93,81
92,84,70
108,99,89
131,122,103
74,69,61
135,127,106
117,110,86
120,111,95
132,128,100
91,84,75
101,90,75
83,76,62
105,98,84
92,83,76
100,91,78
111,102,91
106,100,77
114,105,88
79,74,67
107,95,82
96,87,68
102,94,74
115,99,90
94,81,79
95,86,76
110,102,80
71,62,53
99,94,82
105,92,82
89,82,71
92,76,80
114,105,90
91,87,78
102,92,81
106,101,87
88,79,69
145,138,105
85,79,68
77,66,55
95,85,74
119,109,88
90,79,77
125,111,96
90,85,69
81,71,59
99,95,78
84,73,63
82,73,69
162,154,112
107,100,86
99,88,77
83,78,66
127,113,95
93,81,69
59,54,45
98,87,79
93,85,81
98,90,79
121,109,92
89,79,78
119,103,95
98,84,69
93,87,73
141,130,106
120,108,94
155,141,126
98,89,81
114,100,91
78,75,57
87,80,72
84,74,76
137,127,105
73,62,56
84,74,63
97,89,77
102,91,81
96,91,81
131,122,98
94,86,75
132,123,100
92,88,79
84,73,69
93,80,78
134,127,107
113,106,82
99,91,77
102,94,82
96,91,75
107,94,86
139,131,99
106,92,80
118,108,93
97,87,72
62,54,51
92,85,69
70,61,57
127,119,101
105,97,71
124,117,101
93,86,67
92,83,71
92,83,72
150,138,111
123,116,89
107,100,82
