98,167,152,114,68,81,71,69
96,148,139,97,88,153,141,122
92,141,134,105,81,95,87,74
123,229,213,154,85,117,107,96
85,145,135,105,99,151,138,114
73,100,91,76,79,124,116,94
162,311,290,222,101,168,157,120
112,185,171,140,84,117,105,97
98,135,126,102,102,135,119,111
106,188,176,145,91,102,92,78
125,176,160,130,84,109,100,82
97,164,152,109,99,145,140,111
91,143,130,112,83,111,101,92
119,230,222,183,82,132,121,100
111,182,174,126,96,134,120,99
109,198,183,150,69,114,106,87
97,155,143,112,84,101,92,80
93,225,207,164,88,136,125,95
115,222,210,152,90,138,126,97
90,167,155,123,75,108,103,84
100,173,164,126,76,109,105,82
115,232,216,156,102,136,128,95
153,330,317,218,84,112,101,87
118,180,167,110,64,65,62,49
86,144,137,112,77,115,102,83
131,268,249,191,87,123,112,97
105,179,173,125,61,125,120,90
86,139,130,104,79,112,101,84
142,242,231,166,66,93,84,74
97,165,155,117,76,87,76,64
108,182,177,150,70,109,100,87
105,184,171,114,98,145,131,107
129,202,190,148,64,97,93,78
85,153,146,102,95,152,144,116
153,227,213,164,68,99,93,75
106,166,154,124,80,116,110,85
135,228,204,159,73,85,76,72
107,184,172,135,91,139,125,113
139,237,221,153,92,136,128,106
104,177,169,120,89,132,124,101
103,185,174,138,74,86,76,69
108,224,207,149,90,111,101,84
135,205,188,146,87,124,113,94
97,186,173,119,64,106,101,82
115,192,179,132,78,127,118,99
124,215,200,154,90,134,124,96
104,200,181,144,81,107,98,89
109,196,185,149,85,100,92,70
97,160,151,118,80,96,85,68
130,202,190,144,85,99,88,72
114,164,156,126,97,144,127,106
107,214,200,132,94,190,177,115
111,163,146,102,84,121,108,90
126,237,225,164,65,78,67,59
122,222,211,170,87,111,95,80
113,234,220,169,102,130,111,98
145,357,345,258,97,111,98,89
101,150,140,110,61,78,73,60
117,178,166,130,85,109,98,91
128,241,225,177,112,158,145,123
119,170,159,120,97,178,163,132
120,209,193,154,100,133,121,101
124,200,187,130,85,136,131,100
101,153,142,118,72,94,90,67
114,167,158,119,63,85,73,64
85,188,180,131,77,95,85,65
113,168,161,121,101,139,131,102
103,213,202,154,87,133,122,96
72,121,107,97,77,132,125,95
105,177,162,116,96,124,116,97
101,163,156,121,88,113,97,85
88,121,113,93,83,110,101,88
114,196,186,144,80,111,101,89
85,148,142,99,101,168,163,127
157,256,234,188,84,122,116,89
122,247,237,180,93,133,120,102
110,161,140,114,58,96,86,73
101,177,161,132,108,161,147,121
121,221,211,162,82,122,112,89
98,151,138,112,84,109,98,82
96,159,146,123,89,131,118,99
90,150,143,107,53,78,68,57
110,230,218,158,63,78,73,64
121,183,172,126,68,85,79,62
118,225,214,164,88,125,115,92
123,251,240,171,69,92,87,68
104,218,206,152,83,92,80,68
121,185,170,139,67,92,87,70
102,177,166,124,60,82,78,58
129,217,207,148,67,91,83,77
107,162,150,114,80,107,97,87
89,153,145,120,80,111,105,81
141,248,231,181,89,135,123,102
129,219,207,150,74,89,75,75
124,255,237,160,80,124,114,89
135,259,250,203,81,94,86,70
156,224,204,157,72,103,90,81
138,257,240,203,68,98,90,70
133,231,217,153,70,93,81,70
99,155,147,97,91,103,91,77
126,234,221,165,96,150,135,113
118,232,221,166,111,151,143,111
122,224,207,160,81,110,99,82
166,325,309,239,87,134,123,111
143,282,257,210,80,127,122,109
86,147,134,115,71,106,100,79
183,355,340,249,82,118,105,86
104,174,166,134,75,110,98,90
107,168,160,127,89,133,122,99
116,226,220,143,92,115,105,86
103,192,184,139,93,168,160,127
113,213,202,157,75,109,102,84
108,173,167,131,85,126,113,82
136,210,196,149,70,79,73,59
116,241,230,169,89,119,108,102
143,258,246,182,80,110,98,82
112,215,204,153,92,158,144,133
104,157,147,118,73,91,81,77
102,143,128,101,54,62,57,50
139,262,251,194,77,111,100,91
93,177,167,125,85,130,121,104
103,169,160,122,53,74,73,59
135,224,208,173,76,94,88,76
120,210,191,143,94,133,124,101
122,205,197,153,117,157,146,125
114,248,235,159,88,151,142,116
151,280,265,210,71,97,90,77
111,171,160,131,71,84,75,70
103,206,195,136,76,99,87,78
121,180,167,134,83,107,92,88
119,197,183,140,60,76,68,54
106,185,174,129,81,121,112,92
130,298,288,220,63,83,78,71
121,247,235,168,82,111,98,83
111,197,188,148,74,89,75,71
100,142,138,103,87,105,98,81
128,203,188,154,98,151,138,110
107,195,188,148,89,114,107,81
119,194,176,127,78,98,93,82
107,195,180,143,103,131,118,96
103,158,140,115,81,130,127,99
110,196,177,150,84,102,90,79
133,223,203,153,90,116,103,91
128,243,233,185,93,128,118,98
158,252,235,179,78,116,106,86
86,168,155,131,96,136,123,105
115,227,216,161,61,84,81,71
123,207,191,161,80,117,107,91
79,171,162,112,75,107,98,82
118,204,191,164,84,108,94,80
98,172,161,108,84,143,134,105
162,277,257,190,105,146,132,110
93,189,176,145,90,123,113,89
96,144,134,104,93,122,114,85
116,248,235,167,70,86,80,73
91,178,168,127,65,74,66,52
164,263,246,186,82,106,97,77
109,208,192,143,89,127,117,96
110,164,153,127,78,102,98,84
117,211,197,166,97,142,133,112
81,128,117,98,73,99,88,86
144,261,241,169,82,104,95,78
90,163,155,128,67,96,90,72
107,215,202,148,82,109,93,79
120,224,214,163,128,177,159,140
110,175,162,129,87,108,101,78
130,224,219,146,100,143,127,115
97,151,142,113,80,145,139,118
87,163,155,97,69,112,104,88
113,217,206,159,60,72,62,58
105,198,186,133,93,149,142,120
102,171,153,129,92,123,113,92
103,176,166,110,78,112,108,84
153,247,228,171,89,161,154,123
111,197,186,139,101,128,116,91
115,235,222,167,97,132,126,96
122,237,227,170,91,126,117,102
97,156,149,102,74,103,95,80
133,263,248,194,92,110,100,90
93,143,129,110,93,140,129,107
136,250,237,180,95,165,154,131
94,150,144,118,94,124,114,95
127,204,188,158,77,104,91,72
152,249,231,175,86,113,107,95
84,161,153,120,101,190,178,139
173,321,302,210,57,73,63,55
118,160,148,116,55,84,77,65
110,191,174,133,87,126,113,84
98,216,206,156,98,133,119,103
115,224,215,169,78,99,95,70
112,161,148,111,64,110,100,83
95,198,190,153,88,140,131,105
87,130,121,97,69,80,74,57
122,245,231,182,102,149,141,114
122,241,229,188,91,108,96,82
117,200,190,129,77,117,107,95
125,204,190,133,83,131,123,96
108,176,160,129,76,116,103,85
123,202,192,146,91,141,123,101
86,130,121,97,76,98,91,75
141,276,261,187,97,130,118,98
124,207,194,150,89,115,105,86
118,173,157,128,87,126,115,93
113,168,160,116,69,97,91,75
108,215,203,152,97,156,146,126
127,245,231,159,101,131,125,100
94,135,127,101,107,132,123,100
101,186,174,134,80,97,93,79
109,196,187,153,109,182,170,127
114,194,183,131,74,101,92,84
132,242,229,169,97,155,145,109
97,154,140,99,91,132,122,96
90,158,148,104,80,97,86,76
126,215,198,158,92,164,152,128
152,326,314,240,95,151,138,121
120,216,202,161,71,90,86,70
80,126,110,93,90,136,125,102
94,178,174,136,78,103,92,87
125,265,254,186,103,170,158,129
140,264,252,205,86,111,97,91
105,147,135,101,65,118,112,83
173,367,345,264,64,84,80,63
108,194,178,124,64,85,79,65
154,324,307,229,105,142,125,103
127,225,212,153,76,115,106,90
183,365,337,249,69,93,81,82
122,205,196,164,79,142,136,117
132,244,228,180,67,85,76,69
95,150,134,117,86,127,120,102
105,186,176,130,82,120,111,95
96,174,163,127,76,80,72,64
107,175,153,122,85,124,115,94
85,133,121,100,69,139,130,98
97,150,134,114,77,112,107,79
120,198,181,135,81,142,134,100
115,199,189,128,91,143,135,97
129,233,223,172,73,109,101,90
97,124,109,86,71,99,89,79
102,174,164,133,98,159,150,122
108,157,144,101,86,114,103,92
124,198,186,148,82,131,124,109
107,195,183,124,113,134,123,103
89,165,154,114,83,125,117,92
115,235,232,173,101,153,140,116
128,218,204,162,68,84,78,66
105,182,172,120,66,97,92,69
100,174,156,123,93,134,123,97
143,264,250,177,72,98,87,79
102,177,169,125,76,107,104,85
154,261,241,179,98,144,134,103
118,196,184,146,92,131,118,97
93,165,152,122,89,131,123,98
118,181,166,137,81,112,103,86
93,183,165,127,69,88,76,74
105,188,176,132,95,163,154,135
126,238,226,184,65,89,81,70
122,218,205,146,59,72,67,62
116,180,164,132,82,99,88,78
128,248,235,159,94,145,138,110
92,152,142,110,62,86,78,68
115,197,185,141,92,120,110,96
73,128,118,96,79,119,112,84
118,181,167,124,98,176,168,136
123,187,174,131,87,132,128,100
171,319,310,208,88,120,110,91
129,233,224,174,82,88,80,68
86,125,113,84,88,136,124,102
87,168,155,123,77,91,83,73
122,197,182,142,65,72,61,55
91,137,125,110,74,105,96,76
132,240,224,193,72,110,101,85
122,225,207,147,73,108,97,86
109,181,164,137,91,131,119,95
131,241,224,155,85,117,113,90
148,262,249,170,97,140,124,111
128,300,287,206,99,179,173,117
111,181,169,118,62,92,83,71
102,142,127,115,105,147,138,118
112,188,174,142,73,124,117,87
113,249,233,181,103,155,144,106
123,179,164,119,94,153,147,111
99,175,164,111,99,141,133,106
116,198,190,155,121,225,209,171
129,234,218,177,67,83,75,60
135,245,234,199,102,132,118,98
98,144,130,104,73,104,91,83
77,104,92,71,97,154,143,116
169,368,351,276,95,147,133,111
111,193,177,147,72,95,91,74
93,164,154,120,69,95,89,81
150,322,304,219,82,122,111,88
95,140,132,105,88,115,108,80
124,179,165,126,55,88,84,64
137,271,255,199,71,79,73,60
130,238,228,171,77,134,128,96
129,211,202,151,86,134,123,98
129,220,198,159,100,131,119,92
106,188,179,135,61,97,86,76
103,177,168,121,96,140,131,101
127,227,205,154,84,116,101,97
85,163,152,115,80,132,121,96
90,164,159,105,110,151,134,101
148,256,240,191,84,112,105,89
121,222,208,163,87,119,110,94
106,184,166,139,101,145,135,105
127,235,222,161,78,93,84,83
115,228,211,173,92,128,113,93
107,187,172,134,82,119,115,89
87,122,112,94,84,154,148,116
134,267,252,184,89,128,117,91
87,166,156,104,79,113,105,85
93,141,127,107,74,126,121,95
120,216,205,158,70,96,84,79
98,181,169,109,85,111,101,93
120,215,203,153,99,154,140,111
150,279,267,203,82,116,106,79
107,192,184,142,85,119,107,88
103,154,140,117,85,123,110,90
71,103,91,70,80,108,97,84
99,157,149,120,56,65,54,53
97,160,153,112,87,141,132,105
117,190,174,129,66,77,71,59
100,147,139,120,94,112,104,85
95,139,127,108,83,114,106,85
99,151,142,110,81,113,99,83
110,207,194,156,80,130,120,106
125,231,224,158,57,70,61,55
88,164,156,110,77,124,118,95
89,164,159,118,74,100,94,74
117,217,201,153,75,108,96,89
150,245,223,174,96,160,145,122
87,170,161,136,64,78,75,59
118,214,203,133,86,110,97,89
134,202,186,154,75,87,83,70
124,199,183,136,78,104,97,91
117,178,164,118,92,121,112,93
81,106,96,79,75,83,74,65
135,246,231,169,67,88,79,70
138,277,263,209,107,143,134,113
85,140,128,105,81,117,104,88
123,225,206,152,100,136,126,96
147,269,257,172,78,102,96,76
121,226,205,165,75,98,89,71
102,203,194,139,81,110,101,84
138,234,223,167,79,104,97,73
124,213,201,154,75,122,118,99
119,231,219,178,98,134,121,100
110,164,143,128,78,124,111,94
103,185,173,128,101,157,144,110
138,278,265,204,106,157,149,114
134,224,206,146,70,87,81,66
139,244,230,178,80,98,87,82
83,147,135,101,76,115,105,84
80,166,158,113,84,132,119,94
119,186,170,124,79,148,131,102
117,253,243,188,83,130,121,92
134,262,247,197,103,155,148,112
142,246,229,164,87,147,134,104
143,252,236,166,66,102,96,80
184,350,330,249,102,135,126,100
86,137,117,104,82,120,109,95
115,156,142,100,82,102,92,80
111,203,191,141,83,96,88,77
105,167,156,117,65,93,86,73
101,160,150,107,103,132,127,102
121,225,212,156,100,141,129,99
104,134,126,102,70,100,90,74
100,158,144,98,89,119,110,91
130,296,275,205,94,123,109,83
89,141,136,101,86,123,111,87
138,233,218,170,95,140,132,108
142,236,213,133,91,147,134,104
107,140,130,105,67,92,83,80
113,192,180,147,71,90,82,67
115,203,186,146,94,150,138,121
111,180,169,135,59,77,70,66
97,189,181,148,114,141,133,109
125,209,195,164,71,102,94,76
88,127,114,85,67,93,82,76
110,189,176,133,84,93,85,73
115,174,163,126,89,129,117,96
86,139,130,103,98,140,130,113
121,185,176,121,86,107,100,86
112,166,153,127,70,104,93,79
95,182,168,138,82,118,109,96
85,172,160,134,76,111,102,88
167,321,302,234,85,127,118,101
111,195,184,149,116,165,153,128
114,214,204,146,81,119,111,84
111,198,185,138,60,76,66,60
84,110,99,83,87,134,122,113
145,255,239,181,84,115,103,95
103,170,159,126,99,146,133,116
99,158,151,121,78,112,105,83
147,279,264,184,99,112,105,85
135,279,259,209,83,114,99,87
135,236,224,170,88,125,116,93
100,186,180,122,69,85,78,65
143,255,238,183,81,100,91,78
137,239,226,152,92,135,129,100
99,149,131,99,107,177,162,119
164,282,262,191,69,88,78,67
116,216,200,148,60,81,74,61
132,238,218,164,62,75,72,66
93,152,137,113,75,135,129,100
144,289,271,211,91,142,128,104
111,176,162,122,71,122,113,87
107,186,176,121,86,103,91,75
116,222,204,162,88,124,110,99
101,155,144,100,71,98,87,72
101,161,146,118,93,117,109,90
100,156,143,123,83,116,109,79
94,166,155,135,79,104,95,71
128,209,199,155,115,158,151,126
99,162,151,121,90,116,108,90
153,319,299,214,91,122,106,82
114,195,184,143,70,89,80,71
75,99,92,80,95,148,137,108
116,222,210,161,89,118,108,94
117,176,166,127,85,123,113,90
123,180,164,126,66,96,89,76
95,161,145,109,76,116,106,76
144,238,222,174,66,85,76,67
109,179,170,136,89,120,110,88
112,210,190,161,70,115,113,93
90,147,132,114,86,136,127,108
94,164,150,112,69,109,98,86
116,193,181,133,78,124,114,98
107,187,173,126,90,119,102,95
92,159,146,114,77,96,87,76
94,132,124,100,91,136,119,102
89,143,130,107,87,138,129,105
104,191,184,129,84,138,124,103
103,158,145,113,68,78,71,56
116,204,190,155,81,121,111,87
141,260,244,186,85,123,112,90
116,183,170,130,91,107,101,92
99,175,159,119,78,136,132,111
108,174,164,138,81,89,79,72
112,153,142,98,72,100,93,78
134,241,225,166,76,118,107,89
115,196,183,135,91,141,135,102
107,188,173,131,89,115,105,93
109,188,175,137,61,81,69,63
101,165,157,119,121,192,180,135
111,181,165,130,70,100,96,70
70,127,120,102,71,87,77,71
102,157,145,124,86,150,142,110
106,168,154,129,90,141,131,118
102,180,171,118,100,140,125,112
124,168,154,130,92,134,121,101
94,135,122,93,69,114,105,93
62,112,102,79,91,108,98,83
100,168,148,127,87,115,102,81
99,191,179,142,80,110,102,91
101,161,146,123,107,175,164,139
123,226,213,172,86,143,133,100
114,225,216,150,80,113,105,82
112,182,165,140,96,137,129,105
90,136,124,101,61,90,82,58
113,209,198,156,98,171,162,122
94,167,158,127,75,97,90,75
154,308,286,206,88,102,93,81
106,172,158,116,66,101,92,83
111,224,207,143,81,84,75,66
113,231,218,160,65,88,83,75
124,201,188,126,86,118,111,93
113,206,196,152,79,117,111,84
136,254,243,170,81,96,80,69
132,262,248,175,77,113,107,87
105,146,134,100,61,80,73,62
104,178,166,140,76,108,101,83
103,188,175,133,75,93,83,74
82,140,134,103,116,191,182,145
118,171,155,119,99,160,148,128
90,154,150,119,94,106,100,75
116,241,231,182,73,94,86,66
110,162,149,127,90,138,132,107
86,150,139,101,88,114,100,91
178,341,327,254,93,125,113,92
93,134,119,90,99,164,149,123
106,158,144,100,75,109,99,88
120,191,175,153,62,85,75,68
105,171,155,104,73,94,85,79
105,167,155,113,89,130,121,88
132,229,199,158,84,105,92,87
114,210,197,165,87,159,153,118
114,192,177,129,83,107,102,82
135,224,209,161,68,86,77,60
108,157,150,110,84,113,106,91
88,135,128,89,74,95,87,75
84,156,144,111,105,137,131,102
140,290,280,216,80,99,93,66
116,171,157,122,71,103,97,80
122,198,182,137,83,126,116,96
104,148,140,121,85,121,109,94
122,221,207,158,80,127,121,96
160,330,314,234,92,114,97,86
107,200,189,160,77,107,94,85
150,291,281,200,67,103,96,87
120,202,188,134,86,102,90,77
124,233,215,163,76,106,97,87
78,128,117,88,108,160,141,127
153,316,286,210,110,140,125,104
150,211,189,155,84,113,104,81
122,228,216,173,79,116,108,82
123,216,202,156,83,122,118,95
102,163,151,127,83,100,95,76
86,150,144,113,91,132,122,99
113,180,166,125,83,105,94,85
121,242,230,172,81,103,93,74
121,195,183,144,87,123,107,91
75,116,104,90,81,111,99,80
134,275,249,214,102,153,141,118
120,214,200,151,90,134,123,93
108,207,198,151,79,98,89,69
115,223,210,161,71,83,70,66
123,227,221,174,99,141,130,102
117,226,211,171,58,76,71,60
124,258,244,191,67,93,85,72
84,157,152,118,94,141,125,110
108,196,180,147,93,122,115,99
134,261,257,179,60,85,75,71
70,113,110,91,84,119,107,89
129,200,187,141,86,98,86,74
109,175,164,129,81,119,111,89
120,229,224,166,78,107,94,77
111,163,145,117,58,70,66,55
128,244,227,189,72,101,89,80
109,197,187,155,85,136,128,116
104,220,209,148,69,85,80,65
132,234,223,159,65,101,94,88
130,227,206,165,75,109,99,87
115,163,149,116,67,106,97,82
124,253,240,169,74,94,85,71
73,108,98,81,81,100,90,79
95,152,139,112,73,86,77,65
78,116,102,83,95,127,115,92
124,265,246,186,80,105,96,81
112,187,171,128,70,97,88,73
89,139,131,106,72,90,84,66
94,126,116,89,89,155,138,101
98,173,163,120,82,109,98,88
108,192,179,143,80,105,94,85
103,172,164,126,81,116,107,87
97,144,130,96,72,94,82,77
97,199,189,138,80,108,93,80
129,256,249,180,81,98,87,74
92,132,118,103,68,94,90,70
86,133,124,102,69,101,91,80
104,142,125,100,101,167,156,139
110,177,163,121,82,126,115,107
99,201,182,147,87,104,95,80
71,128,124,103,82,121,115,85
150,245,224,180,85,116,103,80
106,163,149,112,79,98,89,75
95,119,105,89,79,102,92,81
94,169,159,135,88,142,134,93
131,241,224,174,65,93,86,69
124,240,227,157,60,112,105,82
111,164,155,116,79,116,106,86
153,261,248,189,114,159,141,118
131,182,169,120,92,130,121,102
97,163,148,114,76,112,104,83
101,184,172,136,84,121,110,89
85,109,96,82,74,109,101,80
104,176,156,119,101,155,144,134
102,195,181,130,72,106,100,84
98,142,132,109,70,103,92,85
81,129,122,106,77,96,83,74
119,187,170,142,76,107,99,91
133,214,203,163,92,130,121,87
90,141,133,103,87,139,133,97
105,166,149,128,89,168,159,128
151,253,237,177,80,93,79,73
140,199,176,149,69,90,82,66
129,249,229,180,77,133,121,98
149,251,240,169,90,143,135,100
122,211,203,149,95,173,164,121
96,191,181,143,81,108,99,84
118,213,190,147,73,98,91,72
104,168,153,133,80,89,81,69
114,203,194,143,84,111,104,92
121,173,160,125,76,99,91,70
95,192,186,134,79,117,107,96
137,232,222,161,75,118,107,81
107,195,185,137,80,97,89,81
121,213,199,148,87,115,108,78
131,214,197,150,70,81,74,61
132,253,240,189,90,122,115,91
117,164,155,132,67,82,77,67
107,244,235,176,103,157,146,121
119,203,190,132,96,131,121,92
170,288,275,213,93,111,100,81
101,157,146,109,105,142,135,99
89,141,133,104,80,92,85,61
86,124,110,94,83,157,150,118
109,219,204,164,73,97,92,78
148,288,274,210,78,121,115,87
124,237,227,173,89,129,122,100
132,216,203,149,95,155,145,104
93,157,153,125,76,128,118,105
112,223,214,160,90,133,121,89
98,151,133,103,66,91,81,71
171,349,334,249,88,102,92,81
111,159,150,120,95,137,127,106
108,186,170,133,72,99,93,67
143,269,249,179,75,106,100,83
129,261,249,169,88,138,133,99
107,208,199,141,86,101,90,84
119,170,154,137,89,137,131,99
90,132,122,105,109,210,198,160
136,199,183,158,96,125,116,93
108,178,164,125,86,110,106,81
116,218,206,161,81,125,117,104
104,214,205,160,82,104,95,79
119,237,221,180,74,96,85,76
154,258,248,176,70,106,93,89
125,236,221,170,81,136,128,112
114,171,160,119,94,145,134,107
121,196,188,140,65,78,71,65
121,221,204,157,75,124,115,100
112,199,177,130,76,114,106,86
124,218,206,141,69,102,94,79
129,210,197,149,65,93,88,76
113,198,185,137,80,113,106,87
133,277,259,200,63,61,52,51
112,207,193,138,95,133,118,103
112,140,130,100,87,108,98,83
124,213,203,155,83,130,127,99
118,196,186,148,54,78,69,56
125,201,178,133,70,81,72,61
99,169,162,123,76,135,129,109
126,234,218,154,74,128,118,86
144,290,274,211,79,133,127,106
151,279,261,194,74,106,98,91
134,301,287,235,92,138,128,104
101,173,165,110,94,126,117,89
88,144,132,114,73,87,76,68
117,198,190,132,104,146,138,114
140,243,222,172,82,128,120,101
145,256,246,188,71,96,86,75
114,170,162,114,89,128,121,103
84,129,118,102,86,108,97,91
125,237,221,155,67,78,69,58
78,162,154,107,80,98,83,78
117,188,176,121,77,93,86,71
147,286,261,189,73,116,105,91
130,215,202,148,95,124,116,98
89,147,137,101,90,124,113,98
125,204,190,149,97,149,140,107
90,135,126,112,63,92,86,68
94,153,143,114,73,110,104,88
110,158,143,119,98,169,155,135
101,169,155,126,105,127,110,94
151,272,252,196,73,91,79,65
112,195,177,133,88,132,123,101
115,210,192,149,80,107,97,86
100,182,172,128,87,133,127,102
136,275,255,197,70,91,86,69
147,293,280,213,85,100,91,73
104,171,158,124,82,135,128,105
63,103,95,83,94,165,155,122
109,173,162,124,97,150,138,113
104,167,156,113,62,78,74,60
146,288,265,206,66,98,93,82
105,175,166,114,90,101,93,76
88,155,141,113,67,75,67,60
83,113,107,87,63,91,81,73
135,217,198,138,76,99,91,72
164,251,231,177,94,126,109,94
87,107,91,69,74,85,79,69
135,227,218,162,90,117,108,97
113,232,223,158,93,145,137,107
151,302,281,207,67,68,63,56
121,225,209,169,94,131,118,95
104,195,183,128,88,137,130,104
117,206,195,166,83,113,102,71
107,155,148,105,87,141,132,107
116,209,195,139,87,126,117,89
83,166,154,125,69,94,86,71
107,170,158,118,83,94,82,74
103,192,177,142,82,130,125,101
100,156,142,118,80,116,110,95
117,169,153,128,80,93,85,76
98,167,163,118,98,135,119,97
90,153,141,125,71,101,92,78
101,165,157,123,70,88,85,67
87,130,122,92,78,122,108,84
102,181,164,144,91,138,128,103
97,145,136,113,97,140,131,102
84,160,153,123,75,107,95,87
81,113,103,87,84,104,94,77
115,210,203,140,85,142,135,101
131,235,218,162,79,110,100,77
111,207,186,171,78,105,98,82
95,176,158,117,73,88,80,64
74,100,86,83,82,132,124,110
97,170,156,125,83,110,101,83
119,196,185,149,81,101,94,81
92,138,126,92,77,114,106,89
135,230,220,174,83,121,113,97
96,131,121,97,87,128,115,100
129,245,229,186,89,118,113,100
122,233,221,173,75,93,87,71
177,342,327,246,84,106,96,67
130,222,212,161,82,126,111,93
103,195,187,155,83,102,91,84
131,201,176,139,104,140,128,111
105,186,176,134,87,121,115,90
101,175,164,120,86,105,92,77
101,142,139,108,90,113,101,90
90,149,143,114,87,139,126,99
132,209,197,157,80,95,88,75
97,169,159,117,82,91,76,66
146,280,265,197,79,120,109,88
149,282,261,209,70,111,103,89
96,183,170,134,54,84,79,69
137,259,246,197,74,101,92,79
84,135,125,100,69,81,68,57
92,130,117,93,80,111,102,88
158,305,290,204,80,114,104,89
112,213,202,165,64,98,92,80
64,114,106,82,82,104,92,77
124,254,235,177,59,103,101,80
125,249,236,183,68,97,87,82
122,190,180,135,89,154,142,119
129,261,246,190,80,123,112,91
77,86,74,68,90,122,116,96
134,255,239,178,103,158,145,123
138,237,224,156,81,129,123,102
92,167,151,108,68,79,70,62
133,242,229,174,89,124,113,99
102,152,142,114,60,68,59,56
144,254,242,170,87,111,102,84
106,167,150,110,79,90,84,69
140,271,245,187,76,104,96,83
116,190,177,122,104,140,132,106
128,252,234,186,98,158,151,132
108,164,149,123,110,141,134,100
96,191,183,152,79,113,107,95
130,214,200,147,84,122,116,92
75,106,96,76,89,135,127,106
75,143,135,95,63,86,74,71
118,202,190,161,97,125,110,96
107,181,173,139,83,120,114,104
132,268,250,187,66,97,93,78
141,292,278,195,116,171,154,129
118,211,194,157,100,153,141,114
110,206,190,142,66,81,69,63
115,234,223,170,49,43,35,33
73,117,110,90,70,99,90,75
132,229,212,156,79,108,96,84
114,218,205,160,82,119,113,82
142,241,229,180,71,110,102,86
95,134,121,100,62,73,63,50
84,144,134,103,80,113,104,91
115,189,180,139,70,93,83,70
147,211,192,140,100,169,156,123
150,262,252,194,78,100,89,66
136,239,221,172,72,102,92,69
97,195,176,137,81,154,142,108
116,200,180,141,81,109,103,78
84,123,114,85,102,132,119,102
92,184,174,130,87,125,118,95
123,216,201,163,60,75,72,59
132,235,221,169,86,126,118,95
138,225,211,173,84,120,111,92
109,206,195,158,46,69,64,56
95,175,163,121,84,141,133,109
112,211,200,152,76,95,89,74
91,134,121,94,74,115,107,91
82,124,113,107,62,66,57,50
120,208,196,137,63,74,62,63
90,181,167,129,72,101,93,78
114,234,227,162,71,98,89,77
104,236,222,179,54,73,67,59
113,194,184,130,71,128,121,92
90,145,135,109,86,150,145,112
110,231,207,171,70,94,83,72
120,197,177,142,96,157,146,119
99,139,124,109,75,121,112,91
103,183,175,149,79,118,105,88
132,243,233,185,88,141,128,104
127,183,167,129,65,69,63,53
97,158,149,121,65,101,89,85
109,165,151,107,100,133,125,101
95,132,117,93,87,120,109,100
109,155,147,128,90,134,125,95
107,179,167,136,68,90,81,66
85,119,106,83,88,117,108,96
101,117,106,91,98,132,120,104
108,189,176,137,84,124,112,95
121,217,205,140,88,138,130,109
107,176,164,138,78,95,84,71
129,232,218,173,105,146,135,118
80,113,107,90,87,124,114,89
156,339,318,244,87,106,95,82
116,214,198,153,79,114,100,82
108,240,231,174,80,105,98,73
117,207,187,132,90,113,99,80
143,221,208,160,68,106,101,90
144,282,267,196,96,128,114,97
133,252,240,176,78,122,113,97
99,147,131,114,94,145,132,102
78,135,123,100,105,180,170,134
102,164,157,121,84,121,112,88
114,192,177,136,63,83,74,65
117,222,211,174,87,137,126,106
121,238,228,182,52,74,66,64
162,344,322,243,76,92,85,67
131,282,263,208,74,96,85,73
105,221,207,147,86,109,98,83
131,241,221,168,69,76,65,61
101,173,156,106,101,119,108,88
135,220,197,144,90,105,95,80
154,262,252,192,76,97,92,73
98,137,129,106,104,130,119,105
94,164,154,111,82,95,86,75
116,179,172,127,96,137,129,103
129,197,181,119,88,132,123,100
113,200,180,138,75,95,88,69
122,179,167,128,48,74,70,63
129,236,225,160,89,131,119,97
117,256,237,201,63,85,77,71
108,149,140,112,90,129,116,89
88,157,144,117,99,175,161,131
101,166,154,124,74,117,103,92
107,152,144,106,60,80,75,58
124,243,228,185,93,112,99,90
124,216,204,149,100,164,159,127
101,181,165,128,95,136,126,94
125,215,201,142,98,144,134,103
122,207,192,141,101,155,146,119
78,97,86,66,83,132,122,107
111,183,169,138,128,187,166,139
119,167,156,117,73,85,79,62
127,229,215,155,71,101,95,75
130,262,254,171,98,129,120,94
95,158,144,108,76,106,98,79
103,186,175,123,88,140,129,112
138,243,224,156,87,125,116,99
102,163,148,117,89,131,126,102
133,243,228,167,87,108,103,84
106,155,147,118,61,113,105,77
93,162,151,110,85,129,121,107
106,173,167,134,86,103,95,87
117,236,222,180,101,130,121,107
119,219,205,163,78,119,112,99
102,156,149,119,97,131,116,108
105,198,187,113,72,83,75,59
130,227,217,168,92,138,125,109
101,183,174,124,86,100,89,75
117,177,169,134,67,95,86,81
133,203,191,157,90,108,93,85
122,209,197,178,117,192,178,147
135,220,207,164,72,88,78,66
105,159,150,115,91,116,104,88
88,156,142,117,84,100,89,70
123,204,200,138,89,162,141,115
91,131,117,100,100,149,138,115
174,330,306,240,85,123,114,93
115,214,198,145,103,177,161,131
137,269,250,195,78,108,103,82
150,290,271,204,86,109,102,74
143,266,239,190,74,150,142,108
114,178,164,123,74,98,92,73
113,214,200,148,70,106,97,90
110,220,213,156,94,115,99,78
95,187,174,157,79,103,95,83
102,207,197,146,107,150,134,103
119,211,195,167,79,99,92,71
121,217,206,151,85,125,118,84
111,203,191,142,79,101,90,80
91,152,147,117,77,103,95,80
110,207,190,147,87,105,94,85
97,165,155,122,88,123,117,97
98,142,130,112,85,112,104,85
66,88,81,69,73,113,105,89
106,202,193,132,75,88,78,68
65,99,90,81,91,138,127,100
95,137,122,92,105,175,166,128
109,174,162,101,63,78,72,60
104,177,170,122,76,128,121,90
122,197,181,132,75,104,97,78
132,265,253,197,83,98,92,75
100,174,161,103,71,90,84,63
125,200,190,155,83,102,93,80
121,191,182,136,75,85,78,71
139,273,261,192,51,77,67,58
83,101,94,77,89,132,120,94
129,221,205,150,83,121,109,99
81,112,94,82,75,96,86,83
75,134,128,98,81,119,110,85
124,259,245,190,96,139,134,103
100,151,136,111,87,138,123,97
117,192,172,144,101,135,124,96
102,186,175,137,79,122,112,96
99,138,128,104,84,106,95,69
92,133,128,87,100,133,126,89
124,207,189,150,66,81,75,61
95,173,154,107,48,50,41,37
111,186,175,131,85,123,112,97
120,163,153,121,79,110,104,90
99,164,151,118,83,115,108,81
115,204,188,144,79,100,93,77
138,248,237,192,60,86,79,71
100,214,203,149,73,106,96,83
110,174,159,131,80,88,77,66
91,187,171,123,87,127,118,90
187,323,304,228,80,139,134,103
130,204,192,160,100,137,130,103
108,204,198,142,77,139,131,109
125,221,207,164,118,186,174,139
101,154,140,96,77,105,99,78
84,106,95,76,77,137,128,96
90,161,154,109,85,114,101,83
107,185,172,133,87,141,129,115
126,227,212,174,94,166,152,128
123,193,176,145,77,95,89,74
131,238,223,167,82,117,105,86
129,226,212,163,57,59,51,52
137,239,220,161,66,97,85,73
94,151,144,117,82,124,112,99
143,261,240,186,82,108,97,87
127,208,193,152,73,102,94,82
156,303,282,199,100,154,143,114
114,203,194,136,93,120,109,87
120,184,168,133,70,95,87,76
89,165,158,119,83,137,121,107
92,168,159,118,87,123,107,99
103,144,132,105,105,153,140,119
99,145,141,102,90,99,90,76
175,348,332,241,107,146,132,113
96,158,147,107,93,133,122,100
102,187,174,131,81,112,104,80
117,176,160,135,90,129,119,92
76,132,123,104,75,105,100,80
136,210,192,150,77,102,89,76
107,172,159,128,93,162,148,123
122,227,209,161,63,91,84,71
127,209,198,145,97,135,124,108
118,216,202,134,106,166,150,126
123,182,166,143,87,95,87,69
109,183,172,125,86,117,109,83
110,187,179,120,84,114,100,80
134,279,262,203,77,116,110,85
108,213,201,162,62,82,76,65
123,261,243,170,89,136,128,98
112,219,202,144,100,162,146,117
112,183,176,144,85,140,128,107
107,189,178,137,71,99,92,76
125,206,198,151,105,150,139,112
100,180,166,126,99,135,122,88
107,151,137,105,77,103,92,82
100,145,130,103,114,182,168,144
152,233,220,160,71,107,99,85
109,174,161,138,74,114,107,84
134,235,220,159,84,127,120,94
144,246,234,163,100,175,162,140
103,188,175,120,71,116,110,91
135,269,250,194,71,104,93,83
136,209,200,147,69,102,94,74
123,215,201,158,91,142,134,110
96,160,147,115,75,103,94,81
98,154,141,109,81,120,112,94
88,170,161,119,82,111,102,78
109,140,126,94,99,150,141,115
140,260,239,176,88,123,117,95
127,283,269,184,89,109,98,88
110,166,158,108,90,137,125,97
128,256,236,190,91,115,104,84
126,243,227,178,84,116,107,90
162,248,235,174,62,71,68,57
145,261,243,173,78,114,109,86
118,179,171,129,100,141,133,106
95,142,124,111,70,93,85,75
146,295,278,204,118,220,208,164
83,132,122,102,110,174,156,137
114,228,218,162,83,106,104,87
88,150,140,116,83,131,122,102
104,175,167,132,75,99,84,77
129,266,248,207,77,99,90,80
151,305,291,225,83,116,108,90
97,169,156,126,77,103,91,82
82,125,119,87,75,99,90,73
135,267,256,179,64,114,106,88
123,246,228,190,94,123,119,90
115,190,184,130,90,134,121,103
98,136,125,101,88,151,143,105
134,216,205,147,111,163,149,118
151,250,243,194,81,118,107,88
102,242,225,175,95,106,91,79
117,195,175,135,68,108,101,81
151,267,245,199,104,172,166,121
125,211,195,155,99,141,133,118
103,191,173,145,91,117,108,91
96,184,176,138,50,59,56,44
128,220,201,157,77,119,113,93
100,156,144,113,81,103,94,84
127,254,236,166,93,115,108,88
107,201,190,131,90,133,129,97
163,339,321,250,93,133,123,111
96,156,143,120,90,134,127,102
108,181,166,130,64,60,55,54
81,117,103,84,91,138,128,101
94,147,134,113,90,93,84,72
101,164,152,107,94,117,110,85
107,192,177,135,83,147,140,104
114,237,217,170,101,143,130,102
89,186,171,140,73,118,108,91
135,229,209,149,82,107,97,87
106,174,163,118,81,98,93,77
118,200,183,132,64,77,68,66
93,151,144,109,97,130,121,105
119,192,179,142,88,112,95,77
106,224,212,156,72,88,80,73
87,187,175,132,81,105,98,72
97,163,154,122,104,137,129,105
85,126,119,96,67,108,100,84
108,183,171,125,86,128,116,94
138,196,187,147,72,102,97,77
105,194,188,142,110,159,149,121
115,259,248,169,82,111,99,85
135,207,188,161,78,118,111,89
114,204,193,128,73,107,99,81
126,218,205,156,78,106,100,75
119,227,208,163,88,118,114,88
110,158,149,127,108,156,145,111
117,214,202,158,76,100,92,79
77,116,104,93,102,144,135,111
138,274,256,199,94,149,143,110
152,279,263,199,89,148,137,119
93,150,146,113,77,130,124,92
119,224,215,181,82,88,82,72
116,174,164,127,61,71,65,49
144,229,210,160,85,123,113,86
122,231,210,184,104,166,156,119
96,140,126,98,90,125,118,94
99,151,142,107,81,141,127,111
102,181,170,127,79,124,119,97
70,90,75,66,70,100,88,72
111,174,158,128,81,106,99,86
137,212,198,145,85,113,103,87
123,191,176,138,74,118,113,94
131,198,185,138,106,168,150,129
112,220,207,170,87,135,122,113
149,298,285,200,97,124,117,97
177,278,258,190,89,140,131,105
124,245,231,161,83,135,126,109
90,176,166,139,81,116,105,85
130,198,181,135,79,113,101,88
123,264,247,201,74,98,88,69
94,171,159,121,107,144,128,110
102,173,161,126,68,104,94,82
138,233,224,154,86,106,94,77
153,299,283,219,92,123,112,90
124,214,201,134,81,111,102,89
142,233,218,177,96,149,141,107
101,214,207,163,82,106,96,73
125,235,221,170,67,92,86,64
133,214,200,148,105,160,151,116
112,171,156,118,82,107,98,84
108,200,185,147,76,102,98,78
130,210,196,155,109,145,132,113
141,251,237,178,119,143,132,108
120,165,152,123,94,130,123,101
122,222,207,166,84,131,123,104
119,199,181,124,77,117,108,93
93,141,131,108,78,101,93,74
143,276,264,200,66,78,71,62
96,176,162,135,117,196,187,132
125,188,180,130,72,98,88,77
83,159,150,108,94,138,121,99
133,236,223,178,107,140,130,105
109,199,188,149,97,136,126,95
151,334,322,244,82,98,90,76
132,232,218,157,65,81,72,69
116,178,170,143,81,95,91,74
118,197,185,150,80,106,95,88
120,213,202,160,80,122,110,99
151,313,298,232,95,136,131,99
143,298,273,190,90,118,107,89
94,183,172,122,84,124,115,86
115,222,207,164,77,113,101,88
109,213,204,140,62,77,70,62
112,214,200,167,76,96,86,79
107,177,165,133,74,100,92,69
162,335,315,232,99,125,119,92
158,287,271,212,94,114,105,89
144,278,260,206,65,84,78,67
103,150,142,108,78,97,91,72
117,204,192,141,85,146,135,104
115,229,216,157,105,160,144,120
126,190,179,135,128,151,138,112
66,91,81,73,78,96,87,78
146,268,261,188,74,90,85,71
88,128,121,95,73,98,84,79
123,211,197,142,75,110,103,86
115,263,247,169,74,109,102,85
85,127,112,92,99,167,156,127
109,162,147,113,74,89,81,66
99,153,143,111,99,170,161,128
112,194,188,136,98,137,125,92
86,108,100,76,72,111,101,91
110,167,153,107,62,83,77,72
118,235,224,153,118,164,152,104
83,152,145,116,83,123,107,87
140,261,242,189,78,121,111,94
110,199,192,161,82,108,100,84
97,154,144,121,95,109,97,78
130,176,153,122,85,114,105,91
68,114,109,92,77,91,89,70
133,246,233,186,115,150,139,121
110,199,181,153,78,137,124,105
111,180,156,125,82,121,109,93
86,133,123,96,101,155,148,112
114,167,157,105,96,143,133,115
136,229,211,156,93,114,104,84
92,142,129,92,100,152,139,118
113,214,200,161,98,129,116,98
143,246,234,163,82,114,102,90
127,286,274,225,92,187,179,135
96,131,116,91,81,115,100,84
125,224,205,159,77,82,76,66
135,191,176,127,97,152,141,115
109,239,228,169,100,149,139,117
143,301,287,203,126,205,196,134
103,155,144,104,70,116,107,83
107,188,177,137,92,137,131,111
112,184,169,129,65,82,76,67
109,178,162,125,83,114,100,89
75,116,109,82,76,89,80,67
131,230,216,175,94,152,142,100
120,196,185,151,90,108,100,83
89,135,129,105,77,123,117,95
107,222,207,153,96,136,129,99
141,234,219,173,86,141,129,104
105,188,172,126,100,141,131,104
127,230,215,149,117,191,183,139
127,200,186,156,73,88,81,62
100,158,143,129,86,132,116,91
83,145,137,108,106,148,136,113
110,195,186,149,72,107,100,85
105,177,160,124,77,128,121,98
140,209,196,146,84,127,115,104
84,155,145,114,61,109,101,82
156,331,314,226,85,115,103,89
81,149,135,114,83,143,135,109
111,212,200,155,85,107,95,84
103,181,174,134,76,94,84,74
100,171,160,120,99,142,131,115
71,87,77,65,95,118,113,94
139,270,252,198,109,161,148,112
76,99,90,77,74,106,99,80
101,175,158,126,68,85,81,60
103,168,161,125,74,106,97,86
143,259,247,199,72,108,100,80
108,202,188,136,85,136,126,102
138,246,224,181,93,130,115,101
164,323,302,215,86,124,117,97
115,227,212,163,85,112,104,90
129,229,213,144,84,128,122,94
63,106,95,75,69,98,92,77
104,138,123,98,89,130,125,93
85,135,118,92,79,102,96,82
103,213,196,152,91,144,135,110
78,145,134,97,80,108,103,84
97,176,160,132,77,99,91,74
111,220,203,162,76,90,78,68
115,179,165,114,89,139,130,110
124,191,177,146,75,107,99,88
108,221,209,160,67,78,70,63
105,138,130,105,81,100,88,83
74,119,114,93,63,91,85,67
96,159,148,116,84,120,105,91
152,305,285,200,80,105,99,84
112,246,229,168,75,116,110,87
118,197,186,138,77,124,116,94
153,280,269,214,92,137,122,109
138,270,248,199,90,133,121,94
104,194,177,129,79,114,105,86
97,152,136,110,111,173,165,127
139,244,229,167,68,89,79,67
104,171,158,124,73,91,84,69
108,149,140,118,63,107,99,77
132,212,198,137,94,162,152,126
119,181,170,139,118,210,194,162
125,227,203,145,92,147,140,111
109,187,174,127,84,106,98,86
114,170,154,117,73,94,86,81
137,182,173,132,74,95,84,77
114,226,218,168,67,120,111,96
108,203,193,151,72,111,98,78
102,162,148,119,91,122,108,94
102,213,196,148,57,84,77,64
125,246,233,180,44,60,53,50
154,239,220,159,94,151,141,110
140,245,229,171,94,146,134,107
136,235,221,174,107,166,153,128
130,255,237,162,90,120,110,93
94,188,177,138,90,142,136,111
125,245,233,173,83,112,103,78
123,194,180,135,100,162,149,111
119,216,205,156,96,153,140,106
110,211,204,137,88,125,112,92
69,102,95,78,79,120,108,93
124,201,188,134,101,156,141,116
121,171,160,118,83,148,137,121
126,220,211,168,73,101,91,77
105,184,174,141,69,107,98,79
124,267,255,182,83,133,123,93
111,175,162,135,87,112,104,92
111,181,167,132,70,94,86,71
106,181,166,116,61,82,77,61
133,232,220,171,69,102,96,72
112,188,176,118,91,143,136,115
87,145,136,108,93,158,152,117
152,260,245,191,85,116,107,87
90,146,135,102,82,107,93,88
120,253,238,185,78,107,99,82
147,277,258,191,96,150,141,99
102,158,147,109,97,160,150,119
178,351,335,257,82,106,101,84
96,210,196,158,60,95,87,81
108,151,140,108,97,154,142,118
121,226,212,166,116,188,176,128
83,113,104,90,87,105,92,84
135,265,254,176,85,117,107,88
159,275,256,183,79,112,103,85
131,252,237,178,83,108,95,75
115,236,221,155,83,108,103,79
89,155,145,116,100,153,145,119
112,199,188,134,78,98,89,73
115,168,153,124,65,76,71,55
76,124,116,86,52,59,50,48
115,202,189,141,84,110,102,79
105,160,145,126,66,88,80,70
105,143,133,103,96,125,113,81
139,305,287,204,76,126,119,98
150,285,264,206,81,112,103,87
123,239,231,175,66,116,111,83
96,153,146,114,75,137,127,106
124,206,199,161,93,134,126,100
98,130,118,94,70,106,99,91
96,161,153,114,93,120,111,100
138,223,215,160,69,100,95,80
108,171,159,123,79,106,96,85
125,247,235,161,51,61,52,52
144,280,259,204,75,102,100,81
103,147,140,110,73,121,118,84
139,259,244,182,74,106,98,74
122,228,219,177,81,92,87,67
84,138,131,110,84,129,124,95
93,111,102,76,96,165,156,127
122,206,189,146,90,127,119,100
186,395,375,293,88,116,107,85
120,182,166,132,64,74,63,59
110,183,176,132,84,106,95,85
121,204,192,147,116,185,172,140
132,288,274,198,115,147,134,102
113,179,166,136,99,143,130,111
103,160,146,131,90,108,100,85
111,188,172,139,76,104,100,80
93,155,146,114,69,108,101,86
101,178,170,135,89,124,112,97
90,149,138,109,82,131,122,103
153,266,255,197,78,116,109,85
107,157,146,117,92,147,133,123
135,206,192,137,83,98,89,80
124,204,195,158,73,96,93,76
115,210,204,160,88,125,113,96
107,169,158,126,101,174,159,118
86,149,134,108,79,94,88,78
160,302,287,206,92,130,118,95
110,172,155,136,87,105,96,83
93,156,148,95,105,129,117,97
134,228,220,135,89,121,104,92
110,238,224,167,114,177,164,128
72,121,108,81,87,120,112,96
141,224,212,172,83,118,107,90
120,184,172,134,95,141,130,107
154,260,246,177,75,96,90,74
91,138,130,89,81,123,112,85
111,212,196,142,60,94,87,71
94,147,136,89,71,91,81,70
127,212,200,158,82,117,110,77
117,211,197,152,93,124,117,92
82,102,92,76,86,113,107,88
92,156,145,114,88,133,122,107
118,193,182,147,97,126,112,101
95,160,151,100,68,102,98,81
108,170,152,126,80,112,106,76
115,180,169,134,68,103,95,77
161,337,320,254,57,81,77,68
113,193,181,140,69,125,120,86
135,202,180,140,66,105,98,83
123,222,197,157,83,119,113,78
133,235,215,152,89,145,136,103
100,165,154,123,76,111,103,79
101,203,190,134,109,165,153,118
124,222,214,169,81,98,90,77
145,269,251,183,89,123,116,92
150,294,280,220,93,117,110,87
120,188,178,149,88,159,143,120
112,173,163,128,68,102,91,70
76,142,130,102,92,113,103,89
86,132,123,107,67,84,76,67
108,241,228,178,87,168,157,117
101,173,158,141,83,99,92,77
130,231,221,149,86,127,118,87
137,240,223,183,84,99,87,76
139,221,206,162,93,147,133,114
118,199,184,127,72,111,101,84
109,183,172,122,83,111,97,87
149,300,282,197,102,144,134,109
125,252,235,163,83,137,122,98
101,162,149,116,104,153,139,110
102,155,146,117,81,119,113,90
102,168,153,122,75,92,85,75
137,251,230,184,91,106,97,74
127,209,188,138,94,143,127,101
130,232,208,171,95,141,134,101
91,126,112,90,96,129,115,95
94,153,140,111,84,115,105,82
137,224,204,151,85,122,115,84
88,134,129,102,92,128,118,99
118,235,222,160,91,120,112,85
90,169,158,131,70,98,84,82
85,111,105,81,69,100,93,75
109,210,197,149,100,130,115,108
138,227,206,155,83,140,132,106
134,266,251,207,82,124,110,95
97,182,174,141,94,144,133,109
155,291,281,192,70,90,81,72
117,249,236,188,83,130,119,97
88,132,120,87,86,105,95,90
86,154,150,114,67,118,113,92
128,176,167,134,74,128,120,92
88,170,165,115,70,105,101,86
129,233,221,179,81,128,117,99
151,233,218,162,59,74,69,61
133,249,237,177,79,99,93,88
111,205,193,153,111,203,193,150
116,226,211,161,83,127,117,99
110,150,141,119,82,124,119,90
85,150,141,111,57,87,82,67
121,260,248,174,61,73,64,65
103,214,200,159,83,112,103,83
92,153,136,111,79,121,109,88
124,214,200,156,74,101,89,80
138,276,262,198,82,116,109,84
79,120,113,87,106,158,147,113
126,202,188,156,79,108,97,84
111,177,167,121,83,98,87,69
122,196,184,131,111,178,162,115
138,247,230,180,80,106,98,83
137,225,212,149,73,92,87,72
123,209,188,152,91,116,111,88
103,191,185,120,87,129,113,94
174,301,285,215,90,128,122,90
133,241,230,174,104,136,127,109
81,128,121,93,81,92,84,70
87,114,104,94,100,169,160,109
72,104,98,82,98,145,132,107
122,236,225,169,78,105,99,77
96,223,211,159,65,102,92,78
116,263,251,177,72,106,95,81
95,137,124,93,75,129,116,89
116,188,172,144,82,108,103,81
109,201,191,125,103,152,140,124
107,166,155,125,63,71,65,55
101,150,136,99,88,117,106,85
110,155,145,105,83,115,109,90
120,247,233,171,62,65,58,45
88,132,124,101,107,145,132,103
125,203,194,151,99,157,148,111
111,199,184,142,88,134,123,93
116,190,180,133,77,125,120,88
81,167,158,113,103,169,151,121
124,266,253,213,95,155,147,117
136,279,265,198,87,137,130,104
102,208,194,166,96,136,124,97
93,177,170,135,86,129,119,103
129,213,200,150,87,136,128,115
89,142,125,106,88,122,111,99
172,343,326,237,76,94,87,73
137,224,209,158,80,96,82,70
109,181,178,134,82,118,112,89
107,194,187,157,78,104,95,74
95,145,138,113,67,91,87,70
103,187,177,138,98,139,128,106
90,171,160,143,110,155,140,106
156,269,250,192,77,105,98,83
129,210,198,152,75,108,103,79
96,148,135,113,81,150,145,117
121,217,204,157,71,86,79,63
107,173,163,127,69,100,91,76
108,215,199,158,77,104,94,75
83,138,122,97,69,91,82,73
140,259,247,188,78,99,90,79
131,277,259,214,82,118,105,92
140,277,267,203,76,115,108,96
128,242,229,194,81,118,109,98
114,218,206,142,89,145,136,105
95,172,157,121,101,116,106,88
113,215,199,145,66,88,81,76
117,250,233,196,77,111,105,73
86,135,120,96,96,132,124,102
85,152,147,110,91,135,126,100
86,148,136,108,73,86,79,70
80,139,130,106,74,96,83,79
93,149,139,117,74,93,83,69
103,163,153,120,70,103,96,78
111,205,193,143,91,131,120,107
130,274,263,199,77,85,75,70
139,299,287,223,56,79,70,58
125,228,217,179,72,98,91,74
134,272,258,197,82,119,112,90
98,160,149,117,81,103,93,80
90,128,116,91,82,112,100,85
141,257,243,165,64,88,77,70
105,197,184,139,89,116,106,90
121,235,226,189,90,132,123,89
126,233,220,177,105,167,152,132
88,140,134,113,88,110,100,74
144,286,264,200,88,126,120,95
101,176,165,122,79,128,116,96
123,207,194,153,90,143,136,109
86,113,105,92,77,116,109,80
142,293,280,217,90,109,100,80
106,178,167,125,88,161,153,132
150,261,242,188,69,94,79,84
160,274,261,192,63,76,70,64
106,179,168,132,84,117,106,97
95,128,118,91,82,92,83,74
109,177,167,122,91,131,128,110
105,159,148,122,72,118,107,85
94,152,137,97,92,145,131,111
118,190,179,142,75,102,90,78
142,256,233,189,63,84,78,60
110,171,162,131,88,158,145,121
110,176,170,125,91,130,121,102
85,136,128,97,75,102,94,79
116,198,184,148,90,137,128,100
104,164,151,117,64,92,84,76
127,225,208,173,98,143,137,108
120,184,169,134,98,178,162,118
125,255,244,195,80,105,100,81
106,185,175,126,88,119,106,87
152,310,287,231,103,123,114,91
117,176,162,132,77,126,110,95
59,95,89,75,82,113,109,78
103,133,115,95,94,131,117,93
112,201,183,135,96,114,108,80
126,233,217,171,94,122,113,87
124,238,219,160,80,92,89,74
71,119,110,90,97,156,147,126
155,313,302,224,72,96,88,78
89,145,133,111,91,120,108,92
126,236,214,167,64,92,87,71
155,311,295,232,71,109,100,79
156,263,250,195,76,107,94,79
157,270,250,196,95,189,182,148
92,144,131,91,89,121,110,94
112,215,202,158,63,71,63,61
73,103,93,80,82,124,115,96
68,85,75,62,88,112,104,95
102,217,207,157,64,104,98,77
103,189,174,132,95,152,142,111
91,116,107,85,85,131,119,101
133,220,206,150,89,122,112,93
103,165,156,119,80,124,107,83
137,260,247,180,93,143,131,107
116,186,178,140,123,198,187,146
76,120,105,94,98,148,134,116
111,187,170,126,103,150,139,121
137,287,279,206,84,135,126,110
116,182,172,127,83,114,100,82
119,171,165,112,62,81,76,59
124,236,227,185,103,145,127,111
106,198,187,151,82,107,97,86
101,187,174,151,90,126,120,94
143,228,212,165,89,136,130,106
109,182,171,127,73,91,85,69
139,277,255,183,78,100,91,72
124,223,215,162,108,175,159,136
110,161,147,120,56,81,74,72
104,185,179,130,89,137,130,108
106,224,214,154,64,89,84,74
113,183,172,125,73,102,94,77
110,140,123,103,51,84,79,66
113,212,198,159,76,92,85,68
72,129,127,95,85,113,102,92
100,177,158,128,86,116,102,87
94,179,167,127,100,154,146,111
113,223,210,160,84,131,122,105
90,136,126,96,73,95,90,66
100,199,189,155,80,123,111,94
124,207,191,159,93,156,142,118
115,158,145,117,119,177,159,130
108,167,153,121,114,167,155,130
143,287,265,206,83,119,108,91
120,173,166,126,84,118,112,91
99,174,164,128,82,106,101,84
160,296,279,203,78,127,119,86
122,228,219,178,86,145,138,123
109,172,159,120,57,78,70,55
116,198,179,129,108,144,133,111
115,175,169,119,94,137,127,95
111,208,201,145,87,128,118,96
106,125,109,86,71,106,97,77
86,117,107,82,91,142,128,108
108,177,163,128,86,120,104,87
120,182,163,116,69,114,107,94
151,275,251,202,98,147,133,112
106,215,200,129,86,114,102,90
107,171,159,121,80,110,99,87
136,263,248,171,120,197,181,165
121,193,179,140,80,108,97,84
125,212,197,144,96,130,121,104
100,142,132,115,55,66,61,52
115,208,192,128,82,125,120,97
139,317,303,220,102,123,108,92
122,227,211,167,88,112,102,83
89,171,158,115,107,138,129,97
114,247,234,165,78,89,79,65
104,176,163,130,74,93,85,71
104,230,218,154,60,67,61,52
101,178,164,133,83,109,103,79
131,261,240,169,79,114,107,78
124,227,210,161,85,102,90,88
169,330,312,231,74,95,87,83
161,293,280,215,71,74,66,59
135,190,171,139,70,99,83,78
136,232,215,169,81,123,116,93
146,239,222,174,90,135,128,107
94,170,155,111,79,108,98,82
117,247,230,186,84,96,85,73
86,154,138,118,106,160,140,116
128,239,222,148,71,94,80,70
98,184,166,131,106,152,146,117
86,131,123,101,69,87,82,66
115,173,156,127,74,127,120,101
133,201,185,139,51,69,64,54
122,228,211,171,78,110,102,79
95,160,152,114,80,136,123,106
124,196,188,133,76,97,85,74
103,174,161,129,71,85,78,72
109,169,160,101,87,120,111,96
73,116,105,92,70,96,78,82
127,227,214,170,76,95,87,73
106,163,147,125,84,125,113,103
155,329,309,239,91,122,106,97
92,120,106,86,87,139,130,101
123,204,192,138,82,121,112,92
162,360,346,246,86,131,121,100
114,175,162,108,67,80,68,60
117,216,206,158,90,156,144,116
131,268,254,206,92,138,122,99
100,144,131,108,75,112,107,89
134,194,179,148,96,139,132,106
98,163,149,125,89,120,105,91
118,228,220,180,64,85,75,64
117,191,175,143,72,99,89,78
102,140,131,104,108,137,124,105
133,216,207,161,98,146,136,104
135,217,196,156,73,106,94,67
116,182,170,128,68,71,66,47
111,240,229,176,75,125,116,98
120,221,204,168,84,127,117,94
120,231,216,157,84,140,132,113
96,139,128,101,75,95,87,69
113,212,202,166,80,100,88,76
97,134,120,95,116,192,183,137
123,222,201,144,101,148,138,112
136,203,184,147,76,86,74,65
142,262,245,192,86,140,125,96
125,238,226,171,74,103,95,83
103,171,158,123,98,138,127,107
93,117,106,83,75,84,76,68
88,130,121,93,75,75,68,60
87,137,129,94,78,114,105,90
137,228,214,172,86,123,109,90
82,122,111,92,75,99,90,80
120,191,177,126,99,148,131,107
93,137,129,96,79,91,83,71
132,255,238,174,87,113,99,88
117,198,187,129,81,117,108,82
127,191,164,135,75,78,73,56
107,182,169,143,101,159,139,126
120,225,213,169,78,111,106,78
77,145,137,109,79,87,77,66
104,164,151,108,64,95,88,71
142,216,200,156,81,123,116,99
102,170,160,121,76,105,97,76
132,268,254,179,55,69,63,56
76,87,78,59,101,139,127,106
99,156,139,122,97,122,108,97
71,116,107,91,82,114,102,85
131,247,235,175,98,137,126,98
153,272,259,216,96,137,128,105
113,194,180,142,69,68,60,50
83,134,124,106,85,125,119,93
122,211,200,159,98,164,150,121
101,175,162,123,60,67,63,53
84,121,110,89,81,122,113,89
105,191,179,137,68,98,88,78
162,294,271,207,81,113,108,94
116,192,175,143,73,83,71,72
99,183,168,128,83,114,106,93
94,139,129,105,70,77,71,64
116,195,182,135,70,79,69,68
114,210,199,165,78,105,99,77
135,242,216,160,59,95,86,70
100,156,145,118,82,120,110,84
123,200,189,152,98,144,134,114
100,157,144,125,82,116,104,84
139,313,302,212,85,129,116,88
92,214,202,163,74,94,83,73
166,307,296,210,104,144,134,106
114,230,215,166,108,143,132,101
58,114,109,84,111,194,179,153
132,202,188,155,98,144,134,105
75,129,121,104,64,84,78,67
127,210,200,143,81,110,101,86
99,188,173,134,80,114,105,80
69,96,90,76,74,118,108,89
108,203,188,140,84,117,111,96
138,245,229,169,71,97,88,77
162,311,292,203,88,127,122,91
84,155,150,122,80,115,107,82
132,213,196,145,72,118,112,90
160,286,274,195,97,155,140,109
123,216,200,168,66,100,92,85
121,210,200,140,70,102,95,72
110,161,150,118,83,109,95,82
82,158,149,120,65,81,74,57
102,150,141,104,83,119,106,85
119,207,198,162,90,114,99,88
115,158,143,112,79,105,96,87
128,267,255,165,91,131,120,97
130,228,209,159,75,93,87,68
182,304,287,194,84,132,124,103
82,161,149,113,89,129,122,100
149,265,251,199,64,66,59,51
74,115,101,87,67,96,88,72
108,193,175,137,77,85,77,65
165,312,294,209,128,195,177,134
115,207,195,137,93,142,133,105
83,136,123,102,70,88,79,66
145,253,235,172,78,123,115,90
134,211,197,148,79,124,111,102
83,127,119,100,83,137,129,109
120,204,185,145,64,88,83,68
111,196,183,119,100,139,124,105
115,198,189,147,90,150,141,107
160,288,273,194,79,132,122,104
108,189,177,140,70,79,70,55
123,197,185,142,72,103,98,82
116,173,162,132,92,130,119,95
89,179,168,140,71,104,98,69
129,161,150,113,110,153,146,127
94,137,125,97,78,95,82,76
115,207,195,149,83,89,85,71
91,158,146,114,77,129,120,92
104,175,161,119,81,100,93,83
70,91,81,67,102,147,134,111
126,228,217,153,86,128,116,102
103,175,164,129,88,108,93,80
121,184,168,138,72,91,87,74
119,259,252,203,58,72,63,65
99,202,192,150,70,94,87,79
117,189,174,136,60,68,62,49
115,187,177,137,76,91,79,69
98,194,183,153,83,119,111,87
112,202,186,139,89,136,124,95
111,155,143,111,123,235,218,186
129,217,200,156,86,95,81,71
97,158,149,118,82,130,124,92
140,268,250,184,68,100,88,76
91,177,169,125,82,111,102,81
109,181,163,139,71,108,102,82
86,114,108,89,70,90,81,72
95,238,221,166,87,113,106,86
118,167,151,122,78,99,91,75
105,170,158,133,84,105,93,75
92,187,175,121,93,133,120,102
117,175,159,126,63,71,64,55
113,228,216,161,87,151,143,102
134,215,207,146,72,143,133,112
132,234,222,159,83,107,98,78
80,134,122,92,89,148,134,115
96,154,146,108,61,118,113,93
121,186,170,137,75,107,100,84
117,213,199,167,84,133,122,105
128,254,238,175,97,144,139,112
97,143,129,108,82,107,97,85
113,182,171,119,90,108,101,85
123,235,219,176,71,87,79,68
114,251,240,190,98,127,113,88
97,173,166,115,75,113,103,81
144,349,336,239,80,98,86,77
118,238,225,167,97,128,121,103
102,134,125,88,85,122,116,88
125,256,244,189,79,125,117,98
92,139,128,110,119,195,181,157
73,112,105,92,84,125,120,96
123,216,200,150,60,65,58,54
161,310,297,238,73,77,70,53
109,231,219,158,80,119,109,98
100,256,236,178,69,95,92,68
95,153,142,110,94,142,132,101
118,233,227,177,80,115,108,97
69,88,79,72,62,103,94,78
146,246,240,184,79,121,110,89
107,210,196,160,91,146,131,104
100,160,144,117,73,103,96,73
108,172,161,113,73,123,114,98
136,256,242,184,83,123,108,91
86,145,134,100,72,114,107,79
129,287,278,223,97,113,99,90
101,160,148,118,73,101,98,77
90,142,131,102,78,100,84,78
114,215,206,154,101,144,135,108
92,153,143,105,72,94,86,69
102,132,123,81,77,107,100,77
126,259,238,192,88,123,109,89
91,144,139,106,91,137,119,95
120,199,188,143,65,95,89,81
82,137,127,95,102,164,154,120
111,179,167,135,84,110,100,87
89,133,126,100,103,159,146,121
96,175,161,116,89,121,113,94
135,196,184,136,98,154,141,123
138,311,296,210,56,64,58,45
119,239,223,166,86,118,114,94
121,225,213,159,65,92,83,76
111,223,208,163,65,81,73,54
95,164,144,114,74,78,63,52
118,232,222,163,87,111,103,79
136,270,258,203,101,110,98,82
133,226,211,163,83,147,140,107
111,183,175,126,93,117,108,90
109,188,173,138,83,108,91,76
122,184,172,130,110,154,143,118
113,167,159,119,87,128,115,100
106,195,183,152,93,143,132,110
71,137,129,104,78,128,121,100
106,150,137,110,76,131,122,92
86,147,136,104,95,133,121,95
81,115,103,88,87,100,90,80
122,214,203,153,80,112,101,85
102,161,150,124,91,140,124,112
107,203,188,140,82,133,121,103
91,159,152,113,84,121,112,96
115,191,180,141,90,136,126,104
129,193,182,134,81,96,85,67
112,189,174,115,66,111,104,83
92,180,162,112,70,109,107,87
97,159,144,116,74,83,75,62
110,167,153,125,87,123,111,93
153,284,273,211,91,113,102,87
107,205,197,145,82,141,131,101
113,220,206,142,92,145,135,108
116,220,211,166,80,109,98,85
108,193,178,141,76,140,136,104
129,213,195,137,98,128,120,108
80,102,94,75,86,108,103,84
98,141,132,95,74,91,84,72
128,227,210,163,81,120,110,95
147,330,308,231,122,194,186,141
132,197,181,129,108,147,138,95
113,220,208,158,78,104,95,82
143,264,249,206,95,162,147,111
148,294,281,216,109,156,142,116
159,237,218,170,99,138,126,103
123,236,218,154,86,112,96,87
94,146,135,100,70,104,99,84
135,303,287,217,76,115,105,93
82,174,159,127,92,99,88,85
98,152,141,114,83,106,102,87
114,199,184,125,74,103,99,78
168,334,319,250,85,112,102,70
133,188,170,141,88,135,125,107
114,187,167,128,91,143,126,106
134,236,223,159,80,119,110,94
105,173,159,119,61,95,88,77
115,179,168,137,73,84,77,63
105,151,136,108,88,126,118,94
96,134,127,93,72,108,102,84
110,183,169,146,96,149,136,106
127,228,208,161,95,154,146,114
97,144,133,107,92,147,138,113
114,169,158,117,84,126,122,100
102,147,131,105,68,115,106,91
98,153,140,97,79,147,137,114
87,150,139,101,79,116,111,95
68,87,82,68,74,108,97,79
90,149,138,104,81,110,102,73
107,171,161,129,103,152,143,119
107,177,163,110,97,132,117,94
92,125,112,92,87,106,99,85
120,226,219,169,65,99,94,77
121,248,229,168,98,158,148,114
126,220,210,170,63,77,74,65
125,204,190,151,86,130,122,101
109,187,168,126,71,86,74,63
118,259,249,172,102,141,133,103
118,202,184,140,114,178,163,136
90,143,131,97,85,108,97,77
145,279,263,202,81,128,119,105
115,201,190,143,83,124,122,78
113,240,228,153,74,103,98,80
108,200,179,125,81,114,99,94
148,257,243,184,109,168,154,126
150,264,246,179,86,134,122,101
113,180,168,123,74,91,83,76
118,190,175,137,97,176,164,131
136,245,231,172,51,62,56,46
130,237,228,185,65,78,69,53
130,241,219,155,108,137,124,110
79,163,155,111,98,122,109,92
99,162,146,127,100,140,126,102
114,222,204,152,73,92,82,70
106,182,166,138,94,128,117,87
95,131,120,103,85,118,107,91
155,320,310,226,76,127,118,98
96,157,146,113,79,114,101,85
92,140,133,104,121,186,175,142
112,157,143,105,60,68,62,55
110,172,162,130,93,172,161,136
110,169,152,121,75,111,101,99
111,188,172,126,86,129,116,97
123,181,173,141,81,106,94,72
117,184,171,128,96,134,132,99
78,148,142,106,92,121,108,84
167,288,273,206,68,90,79,67
163,271,245,192,68,84,73,69
141,274,258,196,65,105,97,84
91,168,155,113,91,135,123,108
77,97,85,78,88,114,106,84
151,275,262,188,103,142,127,122
106,170,159,125,84,147,134,103
96,164,152,119,84,151,142,114
97,159,146,119,99,143,132,114
108,211,189,156,73,91,82,73
118,182,170,118,72,94,79,72
125,251,231,181,86,147,144,115
127,249,242,195,76,131,122,105
111,211,200,147,77,108,101,86
83,113,106,78,90,123,116,104
107,202,192,151,82,106,94,81
108,198,190,145,89,128,121,103
91,161,152,110,109,177,165,137
115,182,165,131,96,139,129,100
121,215,198,168,100,151,135,104
148,260,248,183,79,112,105,89
111,199,184,146,66,103,96,83
87,137,125,103,80,130,116,87
91,144,135,104,77,105,93,78
114,184,169,130,79,128,119,98
75,101,92,77,84,107,98,84
117,180,168,135,87,126,117,92
118,215,209,156,63,94,85,78
110,247,236,180,92,115,102,87
102,180,166,133,75,97,90,68
152,298,278,213,84,153,141,110
100,187,177,140,88,138,130,100
80,115,106,80,81,104,89,83
145,266,240,200,77,110,103,82
101,166,157,114,81,106,95,80
126,238,220,158,74,83,78,64
95,180,171,135,88,108,98,87
95,131,127,90,82,112,102,88
121,208,195,141,91,132,123,101
116,205,187,147,70,98,95,80
121,223,208,162,64,85,77,72
104,175,157,131,85,121,118,91
105,163,148,117,99,159,149,130
131,255,241,171,66,109,102,89
116,209,195,142,89,125,119,105
113,214,202,150,85,124,115,96
112,225,214,164,84,125,116,97
134,269,254,194,98,137,130,114
99,183,173,129,79,137,126,112
137,233,211,162,79,134,124,110
148,290,270,196,76,112,102,89
70,126,117,81,74,106,101,81
120,215,198,162,63,86,77,67
136,210,193,155,76,115,107,93
101,173,157,133,75,126,114,97
136,240,229,172,72,113,105,93
86,165,156,116,96,130,123,95
117,207,188,153,96,142,135,110
93,145,132,118,78,109,104,90
120,162,150,124,79,105,97,73
78,125,112,84,78,115,103,78
102,185,173,142,86,121,109,92
108,183,172,146,105,162,153,125
125,239,218,188,70,102,92,78
122,255,241,184,75,119,113,90
121,195,182,137,78,121,113,95
117,179,165,132,75,96,88,79
92,165,152,114,93,128,118,99
112,227,216,175,68,91,83,70
122,248,231,176,81,108,100,78
130,229,216,170,77,120,112,90
131,237,224,180,62,75,70,58
107,172,160,113,59,68,63,57
125,190,169,132,89,123,114,100
96,158,144,115,104,139,131,98
128,231,210,173,106,170,162,124
123,206,191,153,77,106,100,88
108,181,167,135,94,128,113,92
119,171,156,137,94,124,115,93
88,115,106,86,85,115,105,90
126,220,207,162,76,101,88,79
110,183,164,119,112,179,168,128
98,174,159,117,77,129,118,95
110,211,197,140,84,108,99,73
107,167,148,117,67,105,100,90
75,123,112,93,91,141,127,112
105,203,193,144,82,130,123,97
127,250,233,185,85,108,98,91
128,199,191,139,76,103,90,79
120,207,189,148,56,70,62,49
133,267,255,199,78,105,102,75
88,129,115,103,81,115,110,91
76,119,104,79,66,71,65,55
94,155,149,115,72,122,113,89
106,229,217,151,68,120,111,98
103,164,153,121,101,141,133,100
78,116,107,86,85,125,118,97
97,187,177,139,101,150,140,101
93,169,162,125,94,156,139,125
119,189,172,144,77,105,100,80
72,86,80,71,74,122,114,95
109,159,145,107,88,110,99,86
90,148,138,108,95,105,98,82
94,165,156,124,77,99,91,71
85,160,154,120,64,89,85,66
108,161,140,127,86,153,145,111
116,202,192,160,89,132,122,107
117,202,190,137,76,115,99,80
151,284,271,197,85,92,82,74
103,121,108,92,76,130,121,105
97,153,145,111,69,86,77,65
123,180,165,129,83,113,101,87
110,185,174,138,72,99,90,72
94,138,132,87,65,84,76,65
131,246,231,175,85,110,96,83
65,102,93,82,90,104,93,81
141,263,244,190,91,131,119,101
179,320,300,235,76,93,84,61
69,79,73,59,94,111,99,87
111,205,192,146,71,83,78,66
118,266,251,179,93,121,111,88
77,121,110,95,80,125,115,92
122,228,213,144,85,105,94,73
134,224,210,162,102,132,124,110
106,179,167,142,73,109,101,85
91,148,143,105,77,110,102,84
145,232,216,173,72,100,91,85
105,132,121,84,73,95,85,74
100,169,162,120,87,120,107,90
105,186,167,115,107,156,142,122
141,234,216,163,74,91,83,73
83,150,140,117,79,115,103,87
133,232,217,178,90,128,119,105
141,269,250,182,79,95,88,73
135,270,252,188,73,77,70,60
81,138,126,87,87,150,138,111
130,227,208,141,81,96,85,68
98,152,140,117,95,127,112,93
110,187,175,139,79,120,111,87
115,181,165,129,82,115,108,90
132,225,210,167,119,192,173,134
102,146,134,101,67,80,76,58
108,194,182,131,86,107,97,79
122,240,225,184,59,74,67,59
126,242,233,169,82,111,102,77
92,161,153,105,87,129,116,103
117,186,174,139,96,122,111,93
123,233,219,167,87,102,96,76
87,132,119,89,115,166,157,128
100,167,157,110,72,78,65,62
122,210,199,147,75,118,110,91
103,183,170,121,89,126,113,105
127,248,231,186,68,90,83,69
100,158,153,117,117,186,176,136
121,207,199,150,69,123,111,80
99,141,126,105,106,162,152,123
119,214,206,160,82,130,118,100
111,173,161,118,74,93,84,61
147,233,222,167,91,123,115,86
117,240,230,182,76,118,106,91
128,187,175,135,69,97,86,77
108,173,163,122,79,129,121,100
96,186,174,114,75,87,71,70
