147,295,272,191,77,126,115,94
135,229,213,168,81,110,108,79
119,199,182,135,80,110,98,89
114,176,163,113,77,108,94,76
110,201,187,149,76,98,94,74
155,339,312,234,64,82,73,69
106,170,158,124,76,129,118,91
141,262,243,176,83,105,96,82
102,185,174,129,87,108,94,75
125,265,256,194,90,125,118,99
133,203,185,149,85,119,108,95
120,212,197,147,94,116,107,85
110,221,209,155,72,70,67,56
108,189,178,139,82,102,96,77
117,198,180,150,101,134,121,100
103,174,167,132,90,120,109,81
107,149,139,102,65,86,77,65
163,288,267,195,84,103,92,83
120,193,176,145,80,101,90,81
97,156,145,114,83,106,94,87
78,151,139,95,64,67,60,59
125,206,195,141,84,136,122,98
93,125,114,86,87,114,97,86
108,254,243,186,108,143,131,106
138,275,257,188,91,124,115,97
110,241,215,174,80,119,109,91
84,137,132,105,71,89,78,68
144,291,267,222,79,93,84,75
100,176,163,130,66,90,80,73
95,154,144,106,67,87,79,69
110,201,183,152,84,116,104,92
130,250,232,164,75,75,68,62
119,212,194,141,80,94,87,71
111,202,187,128,74,102,91,70
104,200,185,148,64,64,50,49
88,158,150,116,99,130,114,106
153,295,275,197,66,77,67,61
101,173,160,115,76,108,97,87
145,331,312,230,90,124,118,88
123,199,183,138,55,64,55,47
117,201,184,152,76,94,81,72
121,225,205,157,72,77,70,63
95,185,177,125,54,83,75,61
147,311,290,207,72,72,62,64
160,322,300,234,76,99,91,80
135,318,310,226,84,97,81,70
112,200,185,144,88,135,126,88
122,235,222,176,75,101,92,85
141,305,286,209,90,126,114,103
181,309,279,200,85,111,95,75
117,194,184,125,82,102,94,83
109,225,204,170,77,96,85,71
105,201,184,140,89,114,101,89
143,271,253,182,97,128,116,96
128,247,236,178,71,91,78,72
132,263,253,194,78,113,103,89
109,211,200,149,91,125,116,98
127,227,213,151,69,79,71,69
104,183,172,122,90,101,89,84
130,248,237,176,82,102,91,76
107,179,166,141,86,89,72,65
145,304,284,202,87,137,129,102
103,161,148,126,69,76,70,64
97,207,192,133,81,101,90,77
114,193,178,141,84,117,109,82
115,209,195,138,77,88,78,70
106,201,187,144,70,80,73,68
108,186,174,128,59,84,72,71
133,266,254,196,86,101,90,73
108,195,176,131,84,127,115,90
117,214,197,163,105,125,115,104
120,219,196,142,82,131,115,98
118,222,207,144,99,133,120,110
99,164,152,117,74,101,94,76
146,301,280,202,83,104,96,79
85,137,126,88,95,117,104,98
103,169,152,118,95,121,105,89
145,271,253,187,96,114,96,85
124,266,254,180,82,106,92,88
77,112,110,79,98,155,142,120
115,176,164,113,79,105,93,76
166,266,247,183,86,108,100,88
136,285,267,207,70,90,85,68
136,221,209,174,84,110,99,95
142,259,252,190,63,74,57,60
97,224,215,168,87,124,114,95
120,259,238,189,88,95,90,75
129,237,225,174,98,110,98,88
102,156,141,109,94,138,133,109
94,150,134,107,73,105,101,85
92,143,129,99,67,109,100,79
102,171,154,125,90,109,104,86
124,222,207,154,98,112,100,90
89,140,127,98,78,124,116,91
128,239,221,172,75,81,65,62
107,216,201,161,81,107,97,82
119,169,154,123,63,82,75,72
119,202,193,144,86,105,95,86
118,218,202,155,80,107,98,88
121,243,223,187,85,108,96,85
109,236,225,179,86,101,94,84
84,148,140,92,98,130,120,101
152,271,256,192,79,89,78,62
119,263,247,170,98,134,118,109
135,274,251,201,77,92,83,81
101,149,136,103,83,87,74,66
110,185,168,115,91,118,110,92
131,207,188,139,87,119,104,95
108,219,212,156,82,109,102,80
138,245,229,165,70,86,78,69
116,261,246,179,81,87,77,65
108,160,148,119,87,106,98,83
113,192,174,139,86,94,79,79
146,292,267,214,65,78,69,64
146,288,278,208,99,108,97,87
104,193,181,121,80,104,88,81
126,217,198,153,92,127,111,111
122,203,184,139,79,99,90,70
123,247,229,181,101,154,139,129
100,194,183,143,60,67,62,55
117,221,207,169,71,99,95,84
132,238,222,145,84,104,95,78
110,207,193,147,82,112,103,83
125,215,196,151,73,105,100,86
104,192,181,131,78,99,91,79
110,192,173,127,67,81,74,62
127,251,240,169,81,103,92,88
132,317,298,217,87,114,101,87
139,290,274,206,74,84,75,69
130,213,196,157,88,118,109,90
107,180,163,128,65,91,77,66
104,158,147,119,75,99,90,79
135,276,262,198,75,90,82,72
101,171,158,119,79,104,98,80
138,236,220,175,108,115,104,86
83,122,105,88,87,105,94,84
78,105,100,80,85,122,109,84
147,285,272,204,76,86,74,71
159,313,298,217,91,123,115,97
108,180,170,136,96,118,108,93
82,155,139,121,75,91,81,68
104,167,153,123,54,50,44,47
104,139,132,102,76,83,75,69
94,181,172,127,63,76,66,53
94,151,139,105,90,132,121,106
110,225,210,147,68,99,93,76
133,249,234,167,60,74,63,57
163,340,322,205,70,120,113,91
114,218,197,141,80,108,93,93
108,195,184,126,102,131,120,102
147,310,293,216,81,113,104,91
73,100,87,76,99,154,143,115
134,241,226,162,82,99,86,77
130,223,209,168,76,92,86,71
124,222,206,157,86,118,105,94
144,273,251,173,83,117,109,95
112,192,174,133,91,102,96,83
125,252,238,177,77,97,90,81
117,211,194,164,84,116,106,96
111,220,210,160,90,120,108,96
103,177,166,131,81,101,91,77
142,255,237,172,67,81,74,67
123,257,248,194,82,97,85,73
118,223,207,142,91,146,136,111
130,221,206,160,76,103,89,87
150,263,247,188,68,82,75,67
116,195,178,108,70,92,80,70
115,239,223,151,83,101,90,84
177,314,297,206,72,88,82,70
117,188,169,137,87,131,116,100
115,201,190,152,83,118,111,91
104,197,184,158,87,102,88,82
111,210,192,151,82,108,99,91
125,212,197,161,69,86,82,69
143,283,264,195,85,116,106,87
108,209,192,150,60,79,70,67
130,299,284,202,72,80,73,66
111,190,179,132,69,69,59,51
136,263,252,170,92,116,104,92
83,117,113,93,79,102,96,83
120,194,177,135,84,117,105,87
128,271,247,201,75,143,128,112
121,251,234,168,95,126,114,108
108,196,184,135,82,117,107,91
118,180,162,147,68,80,72,66
158,294,279,219,94,134,125,109
134,213,194,156,82,100,91,68
141,238,225,168,71,109,94,85
91,154,142,109,116,154,141,117
127,217,199,152,86,99,90,75
118,219,200,153,93,132,122,106
140,294,280,201,79,101,89,87
135,274,257,188,83,134,123,107
128,263,254,182,65,75,70,55
141,294,280,207,80,107,100,84
133,264,249,178,84,104,90,82
140,245,234,180,103,142,131,108
131,197,182,141,71,80,74,64
133,286,272,236,80,103,90,81
136,227,218,171,95,110,97,94
123,217,201,154,69,110,101,86
134,173,158,126,98,137,127,104
105,152,141,118,84,102,89,76
97,190,180,142,96,115,101,93
101,157,139,116,69,80,70,61
141,277,259,213,101,122,109,98
121,212,197,148,76,96,84,85
143,212,194,151,105,129,113,106
131,222,205,169,75,98,84,81
103,187,175,129,80,94,84,80
147,307,285,227,71,80,68,64
133,261,239,182,67,84,75,68
119,225,214,171,97,135,125,99
99,165,155,118,84,122,111,92
100,221,210,163,76,125,114,91
114,216,206,163,79,95,87,74
153,299,283,220,67,90,81,71
111,227,216,152,78,104,97,86
116,230,214,173,86,98,84,78
169,323,298,222,79,111,97,88
97,194,181,125,82,104,98,81
109,232,212,148,93,111,100,95
143,228,213,150,77,81,75,69
81,142,136,115,78,99,88,74
138,252,232,196,73,103,94,78
123,253,232,176,69,74,65,60
110,196,181,151,77,85,73,71
147,288,264,194,100,148,137,121
129,221,198,150,79,113,107,88
118,208,193,147,69,90,83,72
124,195,181,141,76,102,91,76
120,212,197,141,80,94,79,77
125,199,189,142,77,92,81,71
106,193,183,134,71,89,79,72
159,323,306,228,88,124,117,97
118,199,183,147,82,108,100,87
120,197,187,150,89,117,104,92
114,209,194,150,78,117,107,82
114,185,169,135,84,113,96,83
86,145,134,103,91,127,116,99
153,306,293,222,79,112,102,92
120,207,192,142,70,83,75,61
127,187,172,131,84,98,89,73
178,370,341,249,109,116,101,88
149,289,271,204,81,93,89,72
101,194,177,122,78,97,87,79
111,207,192,145,71,81,77,71
141,267,242,191,82,103,95,78
108,201,185,126,72,86,75,60
107,167,151,113,67,117,108,89
121,239,224,172,91,115,103,93
120,157,143,112,73,92,79,69
161,286,273,201,83,97,85,78
114,203,188,136,79,105,94,82
94,157,143,103,85,101,89,73
126,250,231,181,101,121,102,86
116,205,193,136,68,80,71,68
107,151,137,93,64,82,73,70
155,304,283,216,65,86,84,65
142,259,242,185,79,87,81,69
120,140,131,108,90,113,102,88
114,217,208,159,79,109,94,88
104,162,150,113,80,101,96,82
121,242,232,182,75,88,80,66
126,226,208,151,89,112,103,84
133,279,263,200,84,105,93,85
158,274,252,196,70,90,81,67
113,144,131,110,78,88,79,69
121,234,222,158,74,86,83,68
121,252,237,180,73,114,106,85
111,198,183,154,92,108,99,89
134,235,221,162,73,94,85,70
136,206,193,158,67,78,70,66
123,245,221,180,91,122,109,89
198,374,354,273,71,93,85,77
137,256,243,174,71,84,77,60
148,255,236,176,85,126,115,94
114,221,206,172,72,94,86,81
157,340,324,239,78,98,91,77
158,366,346,246,71,85,74,65
112,206,191,136,68,88,79,70
158,307,283,212,78,107,93,94
117,259,249,180,97,107,96,93
123,206,192,154,79,100,93,83
168,320,301,235,83,102,92,74
129,254,239,193,104,117,99,86
137,245,230,173,77,100,94,78
150,304,284,191,69,87,77,72
121,186,168,129,84,112,102,89
160,282,261,201,84,104,94,80
129,204,185,141,76,96,87,78
140,289,271,174,75,91,83,67
98,167,155,133,84,90,79,72
137,261,242,167,67,102,91,82
92,139,130,96,96,126,113,103
152,315,292,224,91,124,115,90
101,184,175,122,71,109,95,78
94,156,148,115,76,107,98,78
167,257,244,178,84,107,96,78
115,243,223,154,81,107,96,74
160,305,292,203,90,116,100,90
119,204,191,152,83,109,92,83
114,170,158,123,90,118,106,88
124,210,189,157,94,117,104,99
134,233,213,176,78,99,88,69
161,320,307,221,67,98,87,62
148,249,229,172,102,126,109,94
120,258,247,198,89,110,102,89
126,238,222,172,98,95,85,81
112,233,214,160,99,122,113,93
99,205,200,143,92,127,115,92
154,290,264,218,80,108,100,84
114,199,181,157,95,124,112,90
118,201,184,136,70,82,72,65
160,303,282,199,81,94,89,75
186,368,355,281,88,115,105,91
91,165,157,117,77,124,114,95
133,223,211,169,76,96,88,82
111,192,179,142,84,119,113,94
133,253,240,188,77,84,77,62
140,297,281,228,115,148,138,108
128,269,250,180,59,65,58,55
136,210,196,163,76,110,98,79
108,181,163,113,75,92,80,80
126,243,225,156,89,140,130,100
114,237,219,147,69,78,69,66
116,198,185,129,83,123,115,93
111,202,194,151,78,91,82,66
122,217,205,159,79,101,93,78
105,146,129,105,68,121,114,101
129,220,203,160,70,85,75,68
128,246,232,191,85,126,112,97
123,192,180,146,80,95,83,79
106,231,214,157,80,116,104,96
97,236,221,164,71,93,83,71
81,132,123,107,72,93,86,71
103,205,193,155,81,103,89,79
138,283,267,197,72,88,73,67
139,259,239,177,84,111,102,84
127,248,237,181,59,80,73,62
173,335,312,251,89,104,91,81
142,290,273,206,104,134,126,105
147,246,226,178,87,127,117,107
121,233,221,158,80,90,79,71
158,274,256,189,73,103,97,79
109,224,204,151,74,85,77,69
107,162,151,121,88,109,91,79
116,174,159,119,78,97,90,72
112,210,195,158,92,108,100,84
131,216,202,149,96,136,129,109
137,237,225,171,76,103,95,79
83,138,127,99,97,137,127,104
128,241,224,181,89,108,100,87
130,221,205,158,86,110,102,87
128,225,208,163,88,115,106,97
114,197,184,155,89,114,101,89
118,233,220,175,96,143,127,106
98,188,179,128,82,110,97,83
100,179,169,121,96,127,114,98
97,148,135,111,84,108,101,83
110,165,152,121,71,85,72,74
117,182,170,129,95,121,108,92
116,215,203,161,99,122,106,97
125,279,256,173,75,92,80,79
123,214,201,152,89,118,103,93
104,160,143,125,74,81,75,63
130,169,152,114,68,100,90,83
144,275,266,193,82,99,89,75
151,262,240,196,65,77,68,59
143,262,246,201,91,124,111,83
147,271,254,189,81,112,102,81
121,252,233,163,69,84,77,60
120,251,240,175,73,97,93,73
109,220,208,146,72,96,88,76
110,200,186,141,82,105,96,80
105,201,178,141,94,110,98,90
122,192,177,139,91,118,110,82
166,308,280,229,79,94,89,71
130,233,216,150,84,108,95,88
133,264,247,192,80,92,84,69
119,222,209,167,88,118,111,94
110,206,189,139,83,124,112,93
130,214,199,160,101,161,153,126
130,235,220,179,83,98,88,79
110,181,163,114,87,113,97,89
131,230,213,168,98,118,110,96
115,185,174,137,78,106,95,76
107,180,164,126,68,85,75,63
146,215,201,163,90,136,128,111
134,247,231,167,108,169,156,121
103,227,215,176,78,90,79,82
134,228,208,162,88,93,79,77
102,167,153,118,74,84,73,70
104,163,145,116,93,120,104,96
113,208,192,158,81,112,103,87
140,229,211,172,102,141,127,91
117,209,188,159,75,97,91,74
147,315,297,226,87,109,97,81
111,190,176,146,90,114,106,86
145,228,207,154,75,91,82,76
139,253,231,186,97,118,105,91
147,275,256,179,67,93,83,75
144,233,218,180,86,131,122,106
137,291,276,196,67,81,75,69
109,181,162,124,76,96,86,82
116,188,173,135,79,114,101,88
123,251,241,192,87,116,107,94
121,224,205,153,103,121,113,92
145,310,294,191,77,100,89,75
124,226,211,161,75,98,89,83
144,273,247,190,83,113,97,88
132,255,242,179,75,113,102,86
82,152,139,116,83,117,107,101
132,277,266,207,96,118,109,89
131,250,244,195,75,98,93,73
157,312,287,216,73,90,82,69
131,263,248,185,99,121,111,95
102,202,183,145,87,142,134,92
142,297,288,191,87,115,99,91
117,194,173,131,77,93,90,73
126,263,247,191,90,124,110,94
142,266,237,177,66,93,86,73
135,219,200,149,75,97,92,73
111,173,160,120,86,113,106,93
104,199,187,159,83,110,100,82
116,201,185,156,58,69,61,58
128,243,229,175,80,107,104,88
141,275,260,177,86,105,89,87
162,345,329,235,61,76,71,55
156,276,265,198,81,92,80,70
158,321,304,223,88,102,98,78
138,282,262,211,57,72,64,59
120,245,234,177,83,92,87,71
118,226,214,149,66,80,73,74
84,156,145,106,85,98,92,81
133,248,232,169,102,110,106,86
123,251,236,167,89,118,107,84
127,226,209,147,52,64,60,52
176,313,290,222,89,143,136,111
142,246,235,169,91,133,124,93
121,209,193,157,82,109,100,83
157,288,272,208,75,100,93,81
115,190,180,127,96,147,133,111
134,233,221,167,74,79,71,65
144,299,284,204,84,98,90,79
163,293,272,205,96,129,118,103
122,197,180,150,85,111,102,84
118,166,150,109,91,118,107,96
144,303,283,214,89,129,112,93
134,229,210,164,71,100,93,81
104,195,185,148,64,79,64,68
106,165,145,134,74,91,82,71
147,256,236,165,87,110,100,81
97,161,146,113,76,87,77,67
104,182,164,125,90,114,101,93
138,268,246,182,80,97,86,75
123,201,177,150,85,115,103,87
121,171,161,128,88,127,116,110
137,261,243,186,74,81,65,65
149,283,270,204,76,119,105,88
99,213,201,137,81,100,88,78
146,335,312,247,90,111,99,83
159,353,331,227,97,110,102,92
139,250,230,180,80,114,103,96
85,157,143,103,77,91,87,73
129,262,241,186,79,117,109,97
115,237,219,166,116,166,158,128
100,182,165,119,74,107,98,79
144,240,223,168,82,119,107,82
129,221,207,145,75,87,78,63
142,312,298,232,74,88,81,70
134,250,234,183,77,115,104,84
109,191,171,130,93,132,121,99
135,198,180,141,99,139,131,109
121,236,220,153,89,108,98,87
103,170,156,116,92,133,116,111
141,264,244,176,88,112,97,86
121,212,194,163,61,84,71,62
100,197,185,141,97,118,110,85
135,243,220,167,63,70,62,65
133,230,214,181,79,96,88,78
120,215,205,159,87,115,102,89
101,191,172,137,91,95,87,75
99,200,181,143,95,126,118,97
145,298,278,230,91,111,96,82
132,266,245,185,66,63,55,51
103,212,206,140,67,84,72,67
108,169,159,133,85,105,97,83
126,220,202,153,87,161,149,139
118,230,217,181,79,92,85,73
132,247,232,183,86,105,95,90
121,226,213,162,80,97,84,83
97,179,166,143,63,68,60,59
151,285,262,200,81,109,98,74
135,203,195,136,79,85,75,63
130,248,232,171,88,116,105,84
102,168,156,124,73,95,90,76
114,184,172,143,62,78,71,61
142,349,326,243,63,75,62,65
124,193,183,145,79,103,97,90
100,188,177,122,80,111,99,84
151,279,261,198,70,81,73,66
117,215,205,142,78,83,80,67
111,167,152,103,76,117,106,88
139,231,210,167,80,95,89,79
129,250,235,155,80,113,107,88
142,280,261,191,66,87,79,68
149,277,260,202,64,68,60,53
119,211,198,162,68,81,71,68
156,317,294,242,87,104,95,74
130,253,227,183,91,110,96,83
133,249,238,186,93,121,105,98
132,195,185,147,84,102,91,73
140,241,223,157,67,86,75,65
113,195,175,141,84,121,109,91
106,176,162,144,73,88,76,65
136,248,239,174,85,108,96,83
140,256,236,183,81,122,112,95
139,258,237,185,80,88,78,71
115,181,165,127,76,100,91,81
125,198,176,137,83,115,111,93
126,215,205,148,67,89,81,66
155,292,274,223,73,86,79,65
132,281,266,210,81,105,99,87
131,217,193,153,83,91,84,69
101,183,171,134,89,113,104,92
115,171,159,121,72,88,80,70
127,247,228,177,78,85,73,68
122,204,190,145,83,112,99,88
97,186,176,116,80,105,94,83
111,230,211,168,73,93,83,71
159,350,335,253,79,104,93,86
120,195,178,128,82,104,89,76
103,170,158,111,72,99,91,83
148,285,253,205,81,111,93,78
137,273,251,190,83,112,101,92
121,228,210,163,84,102,95,88
99,169,157,126,84,111,100,74
134,283,264,195,74,91,76,69
120,179,162,134,71,101,98,75
95,142,125,103,71,84,80,60
115,216,204,125,78,107,98,86
112,184,168,130,67,95,85,78
108,172,155,116,78,101,92,73
112,159,143,110,79,88,83,66
102,176,159,134,95,121,105,99
113,266,252,198,67,69,59,60
152,278,267,194,76,82,74,63
105,190,172,135,78,97,79,71
165,291,274,206,89,108,93,82
115,224,211,172,90,125,113,92
135,211,197,143,71,85,77,65
90,141,128,86,95,128,117,93
124,282,273,186,82,115,104,91
122,238,223,150,90,113,106,91
124,232,214,161,91,104,95,82
128,285,268,209,93,112,98,89
128,202,182,137,103,153,137,124
126,218,204,151,91,110,102,86
140,253,236,191,73,103,92,72
141,251,233,180,48,73,67,58
110,166,157,109,82,120,111,96
147,288,277,204,79,104,91,79
126,259,247,200,78,114,103,85
99,158,145,120,76,95,85,67
116,220,210,158,97,114,100,78
114,193,172,124,81,98,85,72
116,208,189,148,67,80,74,62
117,202,179,147,61,88,79,72
141,297,280,191,66,74,65,58
142,278,259,222,75,94,82,77
151,282,267,205,65,94,86,70
112,193,177,128,85,94,86,78
133,253,244,193,77,96,91,77
158,320,307,230,79,99,92,72
148,280,265,185,79,83,71,60
109,221,207,148,79,115,105,93
102,199,180,146,77,112,100,81
109,204,187,145,95,115,101,88
159,329,314,235,86,101,87,82
109,212,199,160,75,94,88,72
103,166,154,122,68,107,98,85
120,217,198,151,87,96,86,72
130,249,230,190,88,120,108,95
119,222,212,160,80,89,82,76
142,321,307,223,88,90,86,72
145,284,258,196,80,113,101,80
116,186,167,140,70,78,72,59
120,182,169,117,69,76,67,66
73,118,108,83,97,118,104,87
111,212,199,148,65,97,90,72
164,316,298,246,88,101,94,76
127,242,232,192,71,101,95,85
113,201,183,132,72,97,93,81
122,228,216,167,77,104,92,83
120,217,201,145,75,108,98,84
133,266,247,198,94,122,112,88
121,209,195,155,97,130,120,110
123,171,160,131,77,111,99,84
83,185,173,133,69,80,69,65
127,232,222,164,72,78,67,62
103,176,165,118,54,56,48,47
139,295,281,206,72,92,84,66
115,233,220,171,69,84,77,62
103,222,207,167,60,58,48,48
175,345,326,237,75,77,70,61
158,314,295,216,80,104,92,77
145,261,243,197,92,151,144,117
120,194,175,134,80,106,97,82
143,227,213,167,69,74,66,64
149,294,267,198,86,99,91,84
111,182,172,130,81,123,116,89
122,194,171,135,72,98,88,74
127,265,245,184,94,120,110,92
143,294,274,197,95,109,96,84
122,236,224,163,63,74,66,60
122,246,232,170,61,70,60,57
140,226,209,169,111,149,140,115
105,176,165,123,94,98,84,80
116,236,218,161,75,103,92,87
118,194,175,142,62,83,73,65
139,246,225,182,71,81,72,61
123,229,218,161,93,115,103,88
126,210,187,166,100,143,131,102
160,267,253,173,71,78,72,60
83,119,108,85,88,108,98,86
115,236,217,159,88,130,124,94
139,259,234,170,83,117,106,95
103,247,233,193,83,150,139,107
122,218,193,160,83,107,92,84
75,109,102,82,75,97,87,65
116,209,196,138,90,122,112,90
124,228,211,158,97,134,121,96
102,179,165,134,94,112,97,86
103,179,165,118,92,156,138,111
82,134,119,98,82,88,79,67
132,297,274,186,92,124,110,95
99,168,154,125,66,99,90,73
124,205,196,138,87,130,124,112
92,183,171,128,79,110,103,85
133,253,234,193,75,101,94,73
85,171,159,114,93,120,107,90
147,283,267,212,81,92,82,69
118,223,206,168,60,90,81,64
122,228,214,170,73,88,79,71
103,180,171,125,90,116,106,93
123,235,227,166,97,124,113,96
95,180,168,120,72,88,82,74
76,124,113,86,72,117,106,92
120,203,192,147,77,108,100,80
102,188,174,126,76,120,113,90
124,226,213,156,96,126,108,103
132,297,286,224,79,100,85,79
96,177,161,133,80,94,82,73
176,316,292,226,87,97,86,82
153,290,274,213,84,109,100,98
126,207,190,142,73,107,98,84
116,222,211,166,93,130,123,104
150,282,263,194,91,114,100,89
105,171,158,128,83,125,114,95
141,225,207,167,84,103,92,77
126,193,177,129,87,104,91,87
113,195,178,124,92,115,102,91
118,196,181,140,60,87,80,72
120,266,254,182,81,126,118,97
136,240,223,169,62,96,85,72
124,209,196,147,85,109,98,86
114,253,237,170,92,138,129,114
123,211,198,150,87,131,121,103
91,130,119,99,92,130,120,99
141,296,278,211,88,101,89,86
131,197,172,131,73,133,126,92
121,225,208,152,76,84,75,62
107,207,196,145,71,69,59,59
161,328,312,216,74,100,91,90
125,269,250,191,84,118,108,92
109,229,213,167,87,136,126,91
161,318,290,214,82,105,93,83
149,328,313,236,95,121,107,97
115,197,181,145,73,102,94,81
105,163,153,104,101,134,118,99
131,223,197,154,95,135,123,107
134,259,245,187,77,84,75,66
133,242,229,165,88,113,96,85
82,133,124,100,98,129,121,101
116,192,176,135,79,91,78,76
109,205,190,146,83,103,94,84
108,193,174,135,94,121,110,96
116,178,166,125,85,116,106,92
154,276,250,201,88,123,113,96
114,208,202,141,88,98,89,72
87,156,146,115,71,91,83,70
93,138,126,106,87,107,96,83
155,346,328,241,78,93,83,69
111,231,215,160,81,99,85,79
130,268,254,198,67,83,70,63
98,141,132,100,82,88,78,70
115,225,212,152,69,107,95,81
140,276,255,182,93,141,133,108
132,252,234,183,77,100,96,87
129,206,187,152,80,108,99,86
113,161,146,113,71,99,90,81
121,162,148,103,58,71,62,55
151,272,253,201,73,102,91,70
135,230,218,154,72,82,73,73
138,303,288,224,79,94,88,70
140,216,193,155,69,96,88,80
160,339,316,241,84,114,105,84
163,271,251,193,70,86,78,67
146,251,233,175,100,123,105,91
91,126,111,92,88,125,113,102
126,269,250,185,91,96,81,68
117,214,198,149,78,92,83,76
122,220,206,145,71,79,73,66
125,236,222,162,73,82,79,65
122,178,167,126,70,97,89,77
125,269,252,187,77,92,79,66
137,257,236,199,89,129,121,97
136,250,231,177,107,144,130,106
117,229,218,163,99,121,110,96
165,306,290,235,81,83,72,71
141,263,246,196,86,118,107,94
118,207,197,152,95,115,104,88
150,284,265,213,87,131,127,97
106,203,196,134,72,91,84,70
112,199,183,147,92,107,100,83
93,167,163,120,66,102,91,82
117,185,172,129,89,108,94,96
128,255,242,169,90,132,126,102
101,153,140,113,86,94,84,76
145,315,298,220,91,101,89,79
100,179,169,129,80,103,99,78
141,289,272,211,98,121,110,93
138,271,259,186,76,103,93,79
112,158,146,123,81,93,83,74
111,216,201,168,73,93,82,73
92,162,145,119,67,66,56,59
173,283,260,212,78,98,87,82
92,178,166,125,70,90,72,77
129,210,192,143,76,85,80,60
148,290,274,226,71,100,89,74
137,283,268,205,77,91,77,74
104,181,167,123,75,85,75,65
116,210,203,133,99,118,106,94
128,195,177,136,71,108,100,89
111,223,207,173,97,117,100,94
101,251,234,139,102,124,112,94
89,179,169,127,94,126,113,99
124,280,269,167,83,126,115,100
149,312,291,227,82,94,89,78
85,130,115,95,72,91,82,69
119,227,209,174,80,100,88,71
139,228,212,173,77,99,85,79
100,139,129,107,70,92,87,68
101,217,201,162,92,150,136,115
136,225,204,155,74,102,91,83
113,195,179,145,91,114,105,82
121,185,171,125,75,89,81,63
147,265,247,189,76,95,89,71
113,203,192,150,78,109,99,82
111,195,176,135,95,116,105,83
117,211,195,131,98,134,123,105
126,240,231,173,114,145,132,110
106,215,203,173,66,86,79,71
69,120,109,85,90,129,116,97
109,230,209,169,80,107,101,79
144,253,238,182,92,115,103,88
116,183,166,138,66,88,74,74
104,219,203,130,88,133,126,99
116,205,194,164,72,102,85,76
109,222,213,165,97,136,121,106
135,260,247,189,72,94,83,71
135,282,269,170,73,102,89,78
114,247,231,163,92,131,119,87
98,177,163,107,69,74,63,59
95,183,173,139,79,96,87,68
95,179,166,142,80,105,92,85
121,198,183,128,71,86,81,67
133,275,257,181,105,150,130,109
147,286,265,205,79,91,81,65
151,295,282,213,72,99,89,70
118,237,226,159,84,78,68,62
120,231,216,161,84,124,116,97
113,212,196,145,76,98,88,79
116,211,195,159,70,82,74,67
90,129,118,91,82,97,87,79
91,145,130,102,104,141,127,108
107,241,229,174,82,107,97,81
182,369,343,256,111,155,136,112
110,246,227,162,66,73,61,61
114,243,225,168,96,128,115,94
127,233,224,160,95,126,113,96
140,279,261,207,66,88,78,66
124,274,262,192,89,100,91,80
102,214,195,132,80,113,100,79
85,134,125,99,76,94,89,81
107,206,188,141,85,92,82,74
91,149,134,107,83,122,112,94
146,300,285,211,81,111,101,88
107,172,162,122,74,96,89,74
147,320,301,236,91,112,100,91
118,231,222,162,101,125,114,96
103,161,149,124,67,90,83,63
156,307,286,215,91,119,108,83
129,234,219,166,64,72,64,59
148,326,310,235,84,124,115,97
114,196,185,147,78,91,87,69
86,205,193,151,74,130,120,108
111,180,169,136,64,74,70,49
135,252,239,194,82,123,112,99
99,173,156,127,81,102,93,85
100,163,148,119,76,88,81,71
134,209,193,165,95,113,102,85
127,248,234,173,77,96,81,81
123,209,195,151,66,80,70,62
110,215,205,156,82,95,82,79
132,221,195,145,101,132,121,104
146,222,204,161,75,79,68,67
152,314,291,232,76,89,78,68
88,177,161,121,88,109,100,85
108,225,212,158,93,124,108,89
116,219,202,166,92,88,82,68
140,235,211,159,83,101,93,80
78,130,122,91,68,78,67,59
106,177,164,124,84,99,82,76
129,239,227,165,90,111,97,88
116,253,238,182,76,75,65,61
150,297,277,210,83,94,86,73
119,152,142,120,93,141,133,107
115,213,204,163,86,90,79,74
122,261,247,164,73,105,97,80
119,173,159,123,63,93,84,76
144,288,271,214,60,69,62,60
127,224,211,164,71,95,82,65
109,223,209,149,73,77,68,68
131,294,279,191,92,114,100,91
125,243,225,167,90,115,103,84
95,155,144,109,104,137,129,112
144,278,268,186,86,115,104,92
142,310,298,212,64,82,79,66
115,212,200,140,71,105,101,80
110,180,168,129,84,125,112,87
182,323,302,223,78,104,99,81
122,262,246,178,87,101,89,82
158,334,311,247,89,108,98,91
114,212,200,159,95,130,122,103
151,285,261,196,81,84,76,77
118,187,172,135,93,124,113,101
136,238,222,165,75,95,85,77
104,176,157,135,85,109,99,85
137,217,206,167,89,121,108,93
104,183,169,131,95,102,90,73
82,121,109,80,90,109,98,84
147,302,282,222,74,102,92,71
84,139,130,105,109,140,129,103
136,246,227,171,91,118,108,91
94,145,136,110,73,80,65,63
147,257,238,168,80,109,98,88
137,266,249,191,80,102,89,81
116,172,162,127,82,107,96,79
101,176,161,142,82,111,98,86
107,232,222,157,64,101,94,92
78,125,114,91,100,130,121,94
117,237,231,171,68,75,70,59
117,242,233,171,97,129,117,97
207,397,370,286,83,135,126,106
112,230,212,151,69,89,76,71
149,257,240,181,70,91,80,77
91,120,110,100,94,146,136,113
143,264,243,173,67,84,74,66
124,209,198,138,82,111,98,83
96,180,170,132,90,115,107,80
151,247,220,174,82,112,102,92
92,199,186,140,61,70,65,50
114,174,156,118,83,96,85,76
135,232,221,158,89,112,103,86
129,242,231,187,80,107,97,86
119,210,193,125,61,79,71,58
103,169,162,113,69,77,65,67
171,294,276,207,78,89,79,72
123,229,214,138,84,98,90,81
114,202,189,138,78,104,93,83
101,187,175,133,82,103,87,80
100,175,160,123,99,117,107,98
101,157,142,110,81,111,104,85
89,145,124,107,52,73,70,55
117,207,191,150,73,94,86,67
148,257,241,178,73,87,77,65
121,224,212,164,101,151,139,117
112,211,200,160,73,98,93,79
136,253,240,195,65,113,106,90
118,212,195,128,101,122,109,100
115,185,170,138,67,95,89,63
97,192,178,140,84,123,109,101
98,164,146,115,88,104,93,82
154,314,288,226,99,132,113,106
122,228,213,143,69,79,69,62
94,144,132,106,84,112,104,79
144,254,239,174,79,107,97,84
134,285,274,212,87,122,110,105
101,170,157,132,79,98,88,77
99,204,187,137,89,125,107,92
152,322,304,203,80,107,101,73
100,163,148,117,87,107,93,79
136,219,203,159,89,129,119,93
114,217,203,154,93,121,113,98
117,239,223,182,73,67,59,55
124,211,192,144,80,105,93,87
117,224,213,166,81,102,89,81
135,239,220,177,64,70,60,61
124,258,247,207,63,88,79,78
139,293,271,217,60,72,59,56
90,139,130,95,80,88,76,71
102,174,158,127,95,116,100,90
150,283,270,180,92,115,105,86
145,273,255,206,76,92,81,64
186,399,378,278,64,67,61,57
145,271,248,197,92,112,98,83
122,214,200,151,75,111,98,85
120,200,185,145,71,84,78,65
106,179,163,121,70,84,79,66
106,209,197,134,70,92,83,70
108,177,159,136,82,116,107,85
139,280,267,209,74,69,59,57
130,241,224,173,75,107,97,82
113,203,189,135,79,83,72,71
133,251,233,176,83,118,103,92
110,218,205,143,99,106,93,85
130,223,209,136,65,70,57,57
131,234,220,160,80,108,99,83
177,334,313,238,73,91,83,80
98,185,174,120,69,76,71,68
139,326,310,231,72,86,78,65
124,219,209,171,80,98,89,81
111,186,170,138,76,98,87,76
127,221,205,173,80,111,97,91
121,222,210,170,71,90,80,69
118,215,198,157,66,97,91,72
84,127,114,83,95,122,106,93
121,195,182,142,81,112,101,90
132,194,182,151,87,107,97,86
110,166,144,125,99,125,114,94
105,218,205,159,88,120,109,87
124,224,206,163,56,73,66,59
113,245,228,190,65,63,53,50
115,214,201,140,99,114,103,79
156,350,324,249,66,83,77,62
114,258,244,178,100,135,123,105
77,119,112,97,60,83,74,68
138,260,243,179,72,99,86,72
152,299,289,205,89,111,102,92
123,232,220,165,69,93,85,72
122,211,204,154,67,72,63,59
129,245,222,173,94,126,111,93
120,217,204,164,80,106,94,80
127,210,198,146,82,111,102,88
107,205,186,153,91,125,104,102
128,272,255,178,70,91,81,75
165,324,299,231,92,105,88,85
121,259,247,203,66,83,71,68
114,181,169,124,92,117,107,93
90,173,167,109,67,76,66,64
118,229,215,180,85,99,87,79
123,178,167,121,110,149,136,116
157,338,316,232,82,104,97,82
110,192,177,151,92,112,101,86
143,326,305,231,87,89,78,69
94,135,120,103,86,97,86,74
107,188,174,135,86,110,100,71
108,182,166,123,58,63,54,53
122,209,196,151,80,99,84,79
114,193,178,151,63,76,72,66
130,201,184,143,87,112,102,79
127,255,240,178,78,88,75,73
125,217,205,165,85,120,111,86
115,216,203,147,73,86,77,65
108,168,156,126,64,98,86,78
129,198,185,145,73,94,80,76
106,198,186,131,80,112,106,82
109,163,150,104,72,101,92,77
125,261,240,166,91,131,122,106
135,231,215,174,65,83,78,65
109,208,195,167,85,121,108,95
147,302,277,205,65,89,84,74
145,266,246,182,90,119,112,91
120,215,201,130,73,95,85,82
136,222,202,145,80,80,70,63
146,262,241,196,89,112,103,97
164,300,277,211,81,108,100,87
112,233,219,145,80,109,99,78
118,174,162,116,69,80,70,66
114,175,153,119,67,70,59,57
101,210,195,136,78,104,93,75
91,154,141,105,76,88,81,68
159,326,309,234,65,82,76,65
137,257,234,173,78,98,86,78
149,300,287,227,90,100,84,70
109,201,181,138,81,112,102,92
104,212,196,157,74,80,70,62
113,218,197,169,89,102,94,72
101,134,119,95,83,108,95,87
104,201,191,148,85,91,79,78
117,203,190,153,88,96,87,78
111,193,180,128,65,93,86,76
114,199,183,161,75,95,88,73
142,258,239,186,88,108,104,91
141,260,239,180,62,77,67,62
140,249,232,174,73,97,91,77
168,326,306,212,88,108,100,88
153,305,297,203,65,80,75,66
130,248,231,177,64,80,73,69
153,237,211,170,94,138,123,104
124,233,218,178,103,111,98,87
99,175,164,139,88,112,101,93
107,206,196,153,87,101,89,84
117,229,215,165,82,86,81,67
159,284,267,223,80,106,98,86
127,208,196,147,75,95,77,77
93,118,106,84,73,106,100,86
128,275,256,199,108,130,109,94
112,199,183,132,75,86,77,68
111,200,181,136,76,90,81,76
130,249,236,179,83,126,112,95
105,144,129,97,80,102,95,88
102,136,122,104,88,122,111,94
161,273,249,179,70,88,77,68
107,231,214,156,73,86,80,75
95,171,159,118,68,74,65,63
129,238,217,168,93,106,101,83
150,290,274,211,72,93,89,73
115,211,196,150,79,98,88,82
96,149,137,111,75,84,82,73
105,178,165,116,72,85,75,69
141,250,230,174,83,95,85,78
128,285,261,191,83,91,77,75
100,182,166,132,88,119,109,85
114,263,244,188,80,104,94,75
125,262,242,188,76,76,66,64
90,224,215,138,85,98,87,80
108,207,196,149,85,108,102,78
107,168,160,127,69,83,76,59
101,187,171,121,70,85,78,71
148,283,259,226,95,109,102,80
136,255,236,177,82,98,87,78
103,167,149,115,64,79,70,65
108,219,207,172,88,118,107,87
149,302,280,226,83,110,97,76
167,337,320,217,81,101,93,77
119,197,181,149,87,106,95,77
132,284,258,197,107,122,112,88
124,212,197,146,83,100,92,79
146,323,303,239,84,94,84,80
150,256,238,197,85,100,88,83
119,215,191,145,88,110,99,92
146,309,292,221,67,104,99,86
137,231,216,150,85,114,105,82
123,243,228,174,64,88,83,70
131,227,212,148,75,95,83,76
127,250,236,151,87,98,92,83
150,285,277,204,91,126,118,94
144,257,241,170,87,103,93,76
144,302,279,205,84,120,113,93
134,232,214,163,77,92,83,76
104,153,140,118,72,82,75,62
137,263,238,190,80,111,94,83
164,347,324,243,94,124,115,95
115,235,213,168,88,116,102,98
134,230,210,164,82,111,100,86
107,160,143,118,85,121,110,102
86,159,144,104,98,152,138,114
86,171,155,112,86,90,82,70
89,145,132,94,92,120,105,93
126,237,225,165,79,117,107,93
139,251,234,190,78,96,87,80
154,286,271,203,86,123,110,103
142,252,242,176,86,107,99,78
124,296,280,214,76,94,85,71
133,249,233,189,89,107,88,94
141,288,265,204,71,94,88,72
147,320,299,248,68,77,64,64
92,151,138,94,92,113,102,79
106,214,202,156,76,102,91,80
143,305,284,231,89,113,103,96
109,198,177,142,54,77,73,57
101,189,177,129,66,76,65,64
132,271,254,190,82,105,100,81
139,221,199,152,79,94,86,79
157,285,260,188,84,103,95,80
132,216,196,163,82,106,92,82
144,314,302,239,85,109,104,82
147,276,259,185,72,81,72,63
131,293,273,220,83,127,116,95
140,295,283,223,80,93,80,80
122,190,173,147,93,118,108,90
120,261,237,163,80,105,96,84
118,200,182,123,80,112,102,83
114,209,191,139,77,92,81,71
123,310,292,209,75,93,83,75
101,163,151,124,83,102,93,79
141,333,313,217,78,102,88,83
100,186,176,146,80,106,98,73
163,307,292,235,87,130,124,106
113,223,217,153,78,102,97,83
147,279,260,185,68,90,83,75
96,181,168,135,76,90,78,67
157,314,294,242,64,74,67,60
103,176,167,130,80,127,120,92
125,248,231,157,101,140,128,107
107,188,171,143,72,83,72,67
152,323,302,227,69,79,71,50
103,167,160,137,106,127,115,108
106,162,148,122,82,111,99,78
103,189,173,148,99,141,133,110
111,241,221,167,82,104,93,79
116,219,208,168,71,103,94,74
107,185,175,131,104,128,109,99
95,144,133,107,96,123,111,101
118,215,199,157,78,99,88,78
119,173,157,120,98,139,125,117
92,143,131,102,70,77,67,62
177,346,329,246,77,105,98,84
148,235,221,158,79,105,96,84
148,279,257,193,70,81,67,69
140,282,268,202,100,122,111,91
121,263,252,186,80,109,100,94
107,194,182,140,86,112,104,84
126,220,197,148,65,83,74,65
109,149,141,108,70,79,69,61
139,264,250,179,89,109,96,87
153,326,316,229,90,132,119,108
143,302,288,205,77,84,77,71
133,314,292,217,75,85,74,67
144,288,270,184,63,67,61,57
101,152,135,116,68,70,62,62
122,244,227,175,93,112,102,87
115,223,212,165,113,149,143,113
99,154,140,116,86,113,99,81
135,229,212,168,69,112,101,84
109,159,141,118,97,147,136,117
111,177,160,139,81,124,113,97
112,161,146,105,98,129,120,100
131,239,226,156,84,85,76,68
137,238,219,155,64,91,81,67
99,196,183,132,76,73,65,64
119,206,196,156,85,99,86,76
121,204,190,134,71,86,77,72
151,298,282,222,79,92,78,70
141,229,214,162,92,123,115,91
108,200,183,137,68,82,72,58
134,238,223,180,67,99,92,75
160,343,318,235,75,101,96,78
104,189,181,140,67,69,60,57
101,210,190,136,71,79,69,61
118,284,265,198,76,108,99,87
109,201,180,156,75,126,117,101
129,222,203,144,67,69,61,51
150,284,263,192,87,113,99,88
105,177,168,131,76,96,89,81
114,201,184,135,77,86,78,71
135,251,239,197,71,75,67,59
136,232,207,172,71,74,66,55
104,213,201,163,74,94,82,75
125,247,233,185,81,103,92,80
135,263,250,197,83,105,88,85
133,249,231,189,87,121,111,91
131,270,247,183,62,64,59,49
98,173,161,115,69,81,70,67
120,223,208,160,83,101,87,73
110,202,190,136,87,121,111,101
122,203,185,157,91,104,96,78
113,169,149,116,76,98,82,80
118,249,234,186,92,109,92,84
104,164,150,115,75,97,85,75
126,230,214,159,82,113,102,96
129,258,244,167,96,127,118,93
135,318,292,227,71,80,71,65
113,255,242,173,74,77,66,62
93,113,94,87,74,93,83,73
104,197,178,125,88,125,111,94
160,321,306,223,80,103,89,91
139,280,264,200,77,87,73,74
158,302,288,213,80,119,108,90
99,175,158,132,81,113,98,86
109,218,206,155,78,101,90,87
115,245,227,170,81,117,102,82
122,216,200,145,74,81,73,58
127,249,235,161,77,95,89,77
112,222,205,179,105,141,129,108
110,219,203,140,92,112,102,93
118,233,222,158,93,129,115,92
83,138,129,98,81,105,94,81
134,214,198,157,57,65,55,54
145,305,293,246,96,132,118,104
125,241,228,165,72,95,89,79
140,236,219,172,77,94,81,79
128,245,225,171,88,129,122,91
132,218,199,160,75,100,92,80
139,301,279,212,84,106,97,83
131,238,219,174,65,78,69,59
130,242,220,176,82,102,89,82
104,162,150,111,84,93,79,78
128,244,232,179,79,116,106,91
113,197,187,152,86,140,130,95
145,274,246,199,69,86,80,72
90,159,147,127,100,118,105,103
127,200,182,139,68,96,82,65
93,150,131,105,82,90,78,71
117,209,193,133,84,111,94,89
108,170,158,128,74,105,94,83
122,228,212,159,97,105,93,87
100,163,148,111,84,122,110,87
137,245,236,180,103,117,102,89
98,166,155,124,85,112,102,87
149,216,204,143,69,72,61,52
109,173,165,123,108,135,126,104
134,258,241,196,85,120,106,79
122,221,209,141,71,81,70,62
134,270,254,179,74,77,62,65
125,227,212,158,77,102,93,72
128,231,210,164,80,93,85,75
120,177,164,134,73,107,98,88
115,206,191,136,86,123,113,95
116,228,218,162,73,99,93,73
124,215,200,143,89,118,105,86
117,230,219,178,77,92,81,69
151,305,291,217,88,89,82,64
123,240,223,170,70,87,77,64
118,215,201,155,84,121,106,97
124,204,187,148,84,92,74,67
154,327,310,227,89,93,80,72
150,285,268,200,79,108,99,85
114,204,189,138,86,115,106,94
142,238,221,176,71,88,80,70
120,206,192,151,63,61,57,54
138,240,224,175,77,104,93,81
149,236,225,159,71,92,82,81
127,216,205,143,73,87,78,69
119,198,181,143,91,115,99,99
130,225,208,161,83,109,95,87
117,214,196,144,89,105,99,90
90,106,97,81,85,121,111,93
141,339,326,225,86,97,85,82
128,248,228,180,85,105,96,80
102,195,179,133,77,95,89,79
96,180,170,124,96,110,93,82
143,291,270,198,76,90,76,69
93,136,124,99,61,74,66,60
129,204,184,157,72,95,88,76
149,299,276,209,94,115,102,95
95,183,169,133,81,92,82,70
99,146,136,103,92,108,91,88
104,189,179,136,87,113,102,91
121,223,207,152,70,87,82,67
96,151,137,104,70,99,85,78
124,221,206,163,69,97,92,84
134,225,211,163,88,119,106,97
125,261,246,181,77,99,91,84
170,306,289,213,111,156,138,121
116,186,171,141,82,105,97,85
87,144,133,98,75,85,75,65
127,242,227,166,91,122,111,89
96,164,149,104,88,111,99,92
143,244,227,176,80,93,81,70
111,186,169,135,91,96,85,74
136,226,210,158,66,72,62,55
125,300,283,199,61,81,76,59
122,212,198,169,76,94,83,74
126,214,196,143,86,114,107,90
134,244,229,174,89,109,96,82
140,225,210,151,90,107,100,82
133,299,284,218,83,104,95,79
148,239,225,174,85,125,112,89
145,358,338,247,91,119,108,92
93,180,170,138,72,71,62,57
110,204,189,153,97,138,125,108
146,274,264,199,100,156,142,113
155,275,257,197,95,120,110,95
120,167,152,116,85,123,111,101
122,207,192,153,95,111,103,79
121,241,223,168,53,54,49,44
138,294,273,212,106,132,116,107
113,219,198,162,70,101,95,87
85,161,150,115,87,114,104,93
135,254,235,169,91,112,101,96
101,204,187,142,68,64,52,51
157,332,311,223,66,77,68,63
103,190,178,144,65,86,81,63
134,246,230,160,71,94,82,71
113,208,194,129,88,95,85,76
156,302,278,194,85,115,101,86
83,153,138,121,85,132,125,100
88,135,119,89,96,115,100,90
106,179,162,141,78,97,87,81
134,281,261,190,69,82,71,64
120,221,207,164,69,88,78,76
128,210,197,146,73,94,82,72
123,217,202,164,111,138,129,114
112,203,185,152,106,151,139,121
115,197,176,134,73,85,74,72
118,192,182,145,69,85,72,62
141,268,252,196,108,144,126,115
113,194,175,144,64,74,63,62
117,218,200,144,96,124,114,97
109,214,206,142,76,90,78,67
143,226,214,157,91,110,94,91
179,318,297,238,70,85,77,67
130,189,169,139,88,107,98,76
101,172,156,115,98,111,102,91
122,232,217,165,78,106,99,87
160,299,282,206,67,80,74,60
159,316,297,224,76,99,88,74
126,201,188,154,70,111,103,92
118,269,254,209,82,123,117,92
141,253,233,183,77,101,96,85
145,280,262,202,69,104,96,77
110,200,189,147,76,92,80,59
153,289,271,211,94,130,120,91
127,243,230,177,64,61,57,46
105,195,179,136,86,136,120,101
134,246,230,181,79,108,99,86
142,312,300,216,83,122,111,94
117,192,175,141,78,106,100,85
102,228,209,155,71,95,84,78
99,139,126,101,66,78,67,56
169,279,260,199,66,77,68,62
129,263,248,189,85,116,103,92
109,182,173,122,83,91,81,73
106,221,205,164,74,89,79,71
137,252,236,179,100,131,122,97
139,250,237,177,58,59,52,47
161,381,363,277,72,95,89,65
129,247,233,171,75,98,84,74
123,227,212,164,76,93,86,78
125,213,200,144,76,90,83,73
152,357,338,238,76,94,80,74
111,203,188,150,77,94,85,70
120,205,189,139,82,113,98,91
148,270,255,199,82,94,85,71
129,227,209,156,85,108,102,86
122,213,201,164,94,129,120,102
135,276,259,194,87,102,99,77
120,203,187,144,81,107,99,82
129,268,258,203,72,117,110,92
133,267,253,184,80,104,92,77
100,204,192,155,92,99,84,73
116,183,159,115,71,94,89,79
136,273,256,188,104,124,110,92
107,200,183,145,70,83,72,71
124,271,255,177,72,98,92,75
135,247,231,166,88,102,93,81
133,256,237,184,62,84,75,63
114,171,155,133,79,90,76,71
139,213,189,159,96,125,115,97
114,254,238,180,82,98,87,75
118,182,163,133,77,93,81,67
147,256,235,197,85,79,66,69
132,278,261,180,92,145,131,120
111,159,139,107,95,115,104,81
119,202,186,148,66,78,67,66
157,328,310,237,66,81,72,64
137,271,252,177,95,134,120,106
132,276,252,197,93,119,106,91
112,196,180,132,80,110,105,83
132,248,237,183,92,113,106,86
103,205,191,140,83,103,92,73
86,150,142,104,68,86,80,65
137,292,278,194,90,132,121,104
97,150,142,106,75,94,81,79
90,168,160,122,83,112,100,87
183,332,307,221,69,68,61,56
127,234,220,184,74,88,79,70
100,170,156,116,77,98,85,67
173,340,315,241,87,97,84,76
121,223,204,163,74,95,88,72
129,228,212,161,71,88,80,71
158,307,285,228,85,117,108,92
134,277,259,206,93,114,103,90
144,260,243,173,81,95,85,83
188,374,348,270,92,109,103,79
109,164,149,124,72,82,74,66
116,238,222,167,74,82,72,70
124,223,206,157,67,89,79,65
116,208,195,157,78,95,87,78
134,307,295,205,65,77,72,66
147,243,217,176,81,99,87,70
132,214,196,140,73,72,66,52
143,282,265,181,79,116,107,80
108,196,177,130,82,95,86,82
98,168,159,129,73,96,89,68
131,259,245,182,91,121,113,97
128,218,206,137,84,116,105,85
133,221,205,151,71,102,94,76
117,194,183,127,79,104,96,87
122,240,218,160,80,89,82,73
102,201,188,160,79,99,86,82
86,171,160,115,96,115,104,94
115,211,194,158,57,70,62,63
92,183,163,115,88,117,104,80
138,261,249,203,77,86,76,66
116,208,196,141,70,82,75,63
139,310,292,210,86,133,123,98
127,252,235,177,77,101,88,81
132,303,284,193,88,113,106,85
98,181,169,113,81,108,100,76
128,225,210,170,68,101,91,73
108,147,135,113,98,104,91,78
155,322,306,227,101,153,141,113
113,178,164,118,76,98,85,81
119,221,200,147,83,108,102,80
161,321,296,218,71,92,82,72
142,315,303,219,91,139,125,110
143,261,235,175,95,142,131,105
108,218,205,149,72,93,84,82
94,154,144,111,82,95,86,71
138,236,215,170,87,113,105,82
109,236,226,162,88,116,109,93
108,214,203,147,90,131,116,114
118,190,174,140,67,76,71,67
133,224,206,145,92,102,93,81
122,283,270,184,78,121,115,94
128,251,239,187,83,106,93,89
134,263,247,191,70,78,66,63
133,221,214,155,84,107,103,81
164,334,318,237,68,78,71,65
135,299,278,237,90,110,101,90
116,206,189,132,83,103,92,79
100,177,163,105,99,139,125,102
119,209,193,145,80,124,119,110
139,233,219,158,88,158,145,117
90,129,118,103,93,103,90,85
153,255,227,172,88,110,101,77
97,180,163,124,73,83,74,63
146,317,297,210,85,106,96,84
98,183,165,134,83,110,102,83
106,184,172,135,89,101,93,82
85,163,149,114,87,105,89,75
141,286,267,190,97,122,106,100
92,164,153,106,84,115,109,86
105,188,176,134,65,74,66,61
142,289,273,215,70,91,76,69
126,271,250,196,64,70,63,57
129,229,202,154,88,95,83,74
112,218,203,166,76,94,83,66
123,246,222,165,81,96,88,72
107,197,182,131,83,132,120,105
143,282,259,206,92,118,109,91
133,242,228,182,103,128,119,100
98,216,206,166,108,132,120,104
123,213,196,171,82,119,109,79
112,232,211,151,87,121,112,91
130,255,228,157,85,110,101,86
168,308,296,192,73,105,98,82
134,255,243,202,81,102,87,78
101,167,154,116,94,129,120,93
132,246,234,171,76,87,73,69
129,184,171,136,113,174,156,127
126,208,199,160,81,103,95,84
114,214,193,130,85,105,91,83
112,227,215,177,79,92,80,71
96,167,156,129,97,124,107,92
99,159,147,120,66,97,90,74
151,302,285,213,85,127,116,104
133,239,222,171,75,96,86,76
115,253,237,180,70,90,78,74
98,185,176,140,89,137,127,109
133,242,227,169,69,91,82,77
99,194,182,137,95,112,101,88
122,186,170,131,104,125,109,95
114,227,215,169,85,113,102,85
126,265,252,186,76,88,75,71
129,243,220,172,87,120,109,92
82,134,121,86,61,78,70,68
141,279,256,202,82,91,79,71
81,118,107,86,78,103,94,87
148,251,230,186,97,115,103,87
107,207,190,143,81,112,95,89
103,188,173,136,78,103,94,79
152,318,293,200,62,67,59,56
135,276,260,185,65,85,79,66
99,165,150,110,75,93,85,68
128,247,231,181,88,98,87,83
146,302,278,190,74,100,92,69
90,208,195,140,95,118,105,91
126,234,221,152,97,109,96,80
122,215,203,158,99,121,107,94
113,276,258,206,86,134,121,108
143,257,239,189,83,117,110,99
153,306,293,213,102,157,140,120
129,236,226,168,79,109,102,89
129,223,207,172,75,78,67,61
88,159,148,117,83,97,86,73
165,271,246,178,84,110,98,89
153,278,259,195,87,88,78,69
95,195,179,126,82,113,102,91
136,267,253,192,83,112,102,81
149,290,279,214,72,90,78,71
144,285,263,197,55,68,64,59
126,240,224,171,79,97,87,76
116,223,207,155,69,89,76,57
117,279,270,202,71,94,90,77
110,201,185,134,97,136,121,107
135,245,226,174,82,104,93,81
127,230,213,169,74,87,75,65
135,237,219,162,103,168,154,118
124,237,224,165,70,109,103,89
135,273,258,192,74,95,86,74
114,178,159,139,79,93,82,72
110,189,173,140,81,94,84,78
108,193,179,126,63,87,78,59
105,172,156,110,76,96,88,75
106,152,141,107,78,97,83,76
98,167,158,120,69,109,99,81
113,219,205,158,84,137,125,98
148,271,246,183,76,88,81,72
142,268,257,188,93,108,97,89
147,307,290,240,72,99,88,75
112,183,168,111,91,116,105,93
113,225,216,142,89,112,99,79
126,253,241,179,95,117,108,99
147,278,259,196,85,98,90,79
120,248,234,162,84,119,107,92
177,327,305,211,58,73,65,55
92,142,130,110,94,118,106,88
141,302,283,229,83,93,87,72
104,181,171,123,68,82,75,66
126,202,186,137,68,83,76,68
150,341,321,245,87,108,95,85
121,236,222,165,105,133,122,104
131,207,193,156,94,107,88,73
133,210,188,151,70,93,84,63
120,222,204,147,75,100,95,84
105,203,187,143,74,98,89,76
121,231,219,166,76,83,73,60
107,176,159,137,84,107,92,87
134,207,190,159,65,85,80,66
152,320,300,238,81,96,89,71
127,211,198,167,80,106,101,78
134,247,234,163,75,109,95,82
124,209,195,159,82,97,87,72
121,214,199,156,62,71,64,57
133,209,199,153,84,109,98,90
71,127,120,94,90,121,105,92
121,200,188,142,80,112,104,81
113,251,233,183,77,96,84,83
149,279,268,187,82,120,112,91
121,212,194,160,84,114,98,91
94,138,125,98,75,99,89,71
161,310,290,221,89,133,123,98
111,227,211,179,84,101,94,78
103,216,198,158,76,113,107,88
130,212,198,163,79,101,86,79
117,239,222,163,103,136,125,105
133,228,217,165,69,82,66,68
157,274,252,193,69,86,75,65
119,179,169,133,77,85,79,65
100,200,182,140,82,118,106,89
119,277,261,213,75,77,68,65
111,196,182,157,69,89,81,66
133,240,221,168,71,96,89,66
117,203,186,129,66,93,83,75
102,194,175,146,89,119,106,85
165,283,267,196,85,116,109,88
156,280,264,194,69,86,79,72
110,190,175,155,99,132,120,108
144,214,196,140,92,112,96,84
95,174,162,127,76,98,90,83
183,388,364,271,73,84,78,65
143,241,219,176,99,117,109,91
100,177,162,140,72,92,86,74
130,229,213,174,73,97,87,75
156,299,282,199,94,134,123,101
144,272,260,194,79,113,103,78
123,279,267,204,62,67,63,46
147,315,296,211,85,117,111,82
154,259,237,169,73,100,90,85
137,273,251,199,104,129,118,95
79,143,130,111,87,116,106,91
159,289,276,210,68,100,91,73
128,295,273,200,72,85,76,71
120,246,229,187,70,83,72,66
132,240,223,181,84,115,102,83
142,252,232,199,71,104,98,85
127,223,201,152,80,110,100,87
155,317,299,237,48,51,38,38
95,140,123,100,70,89,81,68
109,182,162,134,75,102,92,74
142,262,248,188,62,70,63,62
130,278,267,203,80,87,78,71
150,289,273,204,77,105,94,74
108,192,172,136,59,79,75,66
112,209,200,162,76,105,94,88
130,210,197,149,81,92,83,72
129,266,251,200,93,117,109,86
108,199,181,150,70,90,80,72
106,201,188,152,86,98,86,78
137,260,250,189,71,94,80,71
149,312,289,225,91,132,117,94
119,205,195,150,80,95,85,76
108,218,206,169,71,100,91,80
110,238,228,170,91,126,117,93
137,235,210,160,76,90,80,78
111,194,182,133,88,138,128,106
154,251,223,180,77,96,88,74
153,303,289,216,71,106,101,90
128,247,231,148,88,122,116,97
107,236,220,178,69,85,74,70
123,283,265,203,91,124,119,97
131,262,247,189,72,83,73,66
137,307,290,229,70,84,75,66
110,183,167,127,76,87,78,72
122,225,203,142,63,73,65,61
126,224,210,174,73,97,87,79
171,349,327,242,83,113,100,88
121,166,148,131,80,111,102,88
113,213,195,153,90,107,101,89
125,254,239,179,76,109,98,82
132,240,221,184,78,93,80,73
144,243,227,178,63,76,69,62
117,181,159,128,98,113,103,91
122,218,201,160,95,120,111,92
118,236,224,159,70,105,96,83
133,281,265,191,87,107,97,83
140,263,248,203,62,65,55,43
145,287,269,208,69,91,79,74
143,277,263,183,72,91,86,77
125,228,210,153,89,105,92,84
102,198,181,146,82,99,87,79
75,183,169,128,82,98,90,68
118,224,207,161,84,101,91,84
143,251,229,178,77,105,92,73
93,164,148,126,80,84,76,70
98,183,175,129,66,88,84,71
98,161,145,127,91,119,110,101
172,339,321,252,64,86,80,75
111,220,206,172,90,114,105,92
97,140,125,102,69,86,75,64
117,213,199,159,77,98,90,81
122,193,182,134,98,137,124,109
108,185,174,134,80,104,91,87
108,190,183,131,72,95,84,70
139,253,240,170,70,105,97,78
119,216,198,147,94,125,113,90
121,188,172,139,85,109,98,86
128,255,238,190,76,97,85,76
127,227,215,161,82,97,92,74
129,274,263,205,78,84,69,65
147,293,265,207,68,88,77,74
108,171,156,131,66,76,68,63
104,176,163,119,62,90,84,74
128,197,179,137,81,83,69,67
142,315,297,217,77,104,99,80
159,306,290,236,91,119,108,91
128,210,198,153,88,101,86,82
114,186,165,115,77,89,79,64
115,247,231,184,94,133,111,104
71,92,83,81,99,134,126,95
133,249,232,190,63,78,66,63
126,285,269,197,55,63,55,52
127,232,212,157,98,111,96,96
90,158,143,115,78,91,84,73
108,200,187,149,64,83,77,69
126,331,312,228,91,108,92,87
110,212,200,149,76,81,74,67
128,250,235,194,65,71,57,58
119,183,172,145,74,98,88,74
121,216,203,160,76,96,89,74
114,200,184,138,72,104,91,84
108,220,214,169,77,111,99,85
159,300,285,210,78,97,89,76
106,177,164,127,71,81,76,72
141,290,268,201,79,84,76,73
96,146,133,108,71,91,83,70
115,201,185,145,101,124,117,92
107,191,178,144,72,96,90,72
121,237,224,169,90,129,113,100
117,187,179,138,89,139,125,117
123,186,171,132,84,133,117,102
101,152,144,114,90,101,93,74
114,199,184,154,80,92,80,76
109,203,192,149,75,106,100,86
140,286,265,193,85,105,99,80
117,213,199,164,87,114,104,89
103,192,181,143,79,90,84,73
137,227,213,153,66,93,85,67
137,245,230,163,90,131,119,105
130,221,202,151,75,87,80,72
127,245,224,167,86,123,118,96
148,268,254,206,70,103,93,81
119,212,198,133,96,117,100,95
123,246,231,188,85,120,107,96
125,251,236,186,85,93,87,74
135,311,295,225,87,128,116,99
121,205,198,160,70,78,66,65
139,262,244,178,86,116,110,90
100,206,198,168,71,81,68,58
141,249,225,178,82,120,113,89
157,269,251,185,76,111,101,81
114,221,207,143,88,110,97,87
136,256,242,169,103,134,121,99
92,180,167,114,87,106,96,81
147,305,285,207,81,108,101,77
120,213,198,152,78,101,95,80
128,266,252,203,83,118,104,89
133,253,238,186,95,117,106,92
129,286,267,198,76,86,74,70
90,171,159,121,91,134,118,102
152,308,280,205,90,105,92,82
156,348,332,249,82,94,86,75
110,207,188,160,66,87,79,65
156,315,291,221,117,169,152,142
113,208,194,151,88,105,94,87
131,236,211,180,93,111,96,83
138,292,274,206,67,96,81,71
127,227,213,165,84,119,106,96
139,334,316,247,64,74,67,57
106,190,174,138,76,81,71,64
92,166,158,133,86,105,97,73
153,264,249,173,89,121,109,97
117,208,196,150,90,124,106,102
131,268,247,195,76,114,98,84
106,168,153,132,85,95,82,80
97,171,158,119,64,82,75,69
126,208,196,155,104,135,124,104
107,186,168,133,71,88,77,76
160,380,363,268,63,81,77,67
128,231,216,150,92,121,109,89
116,207,196,135,93,107,97,84
113,242,229,169,104,142,124,107
113,228,215,164,85,110,100,89
101,160,146,114,66,75,65,66
119,248,234,158,95,120,109,91
114,182,169,127,84,105,94,81
124,240,227,163,53,53,42,44
97,170,159,111,94,123,112,99
112,152,140,108,91,120,109,96
125,217,199,155,76,113,105,86
139,228,207,152,62,77,72,59
159,265,245,184,81,106,94,88
93,179,161,132,89,110,100,82
128,225,215,160,91,116,103,91
140,276,257,193,81,93,84,77
123,243,231,181,96,140,134,117
104,215,195,159,71,105,99,78
163,340,319,231,69,69,61,59
119,260,246,201,78,84,81,63
136,280,261,186,90,128,112,99
114,196,180,132,100,117,108,95
127,229,205,161,106,156,142,118
129,221,201,166,94,117,101,85
88,201,195,136,88,100,87,82
96,221,209,155,74,91,90,72
130,243,229,176,78,108,104,84
110,174,156,131,80,95,81,73
113,209,188,138,65,96,89,75
136,266,243,187,85,101,87,76
106,263,250,168,115,150,137,119
148,251,236,179,74,97,91,69
118,221,206,162,94,133,115,103
111,205,191,152,78,91,80,75
102,142,132,93,63,82,72,66
113,240,224,164,81,104,96,75
125,239,225,178,95,150,143,108
149,247,231,174,76,102,92,81
122,213,201,153,79,112,103,83
145,288,273,208,85,95,88,73
113,248,237,153,66,69,63,60
97,170,150,115,76,84,74,66
113,216,209,164,69,88,78,72
123,229,213,157,75,92,81,77
120,225,210,159,61,63,55,51
98,195,185,142,86,116,104,91
109,202,191,134,95,137,125,106
123,227,209,151,78,99,93,80
140,245,231,191,89,111,101,82
127,240,222,179,108,139,124,100
121,230,216,161,81,111,97,79
123,221,207,150,65,69,61,61
160,298,283,220,50,57,52,47
136,233,218,158,84,111,104,89
141,263,242,178,92,146,137,109
112,185,171,126,49,53,44,46
115,221,207,167,69,98,92,71
120,216,202,136,71,98,88,70
126,230,217,157,83,106,95,75
126,247,227,162,105,126,116,99
123,213,198,144,58,79,77,67
161,299,282,219,65,91,85,65
118,187,170,136,91,130,121,94
142,314,300,218,89,130,120,86
124,233,211,162,95,123,111,91
139,272,262,200,70,71,61,55
119,189,177,145,88,100,92,75
132,239,227,181,91,106,98,79
118,239,231,178,76,95,86,79
151,270,258,203,81,127,116,79
129,244,228,166,66,93,86,73
146,278,264,211,78,105,97,93
148,325,311,231,88,120,104,94
102,176,161,126,86,106,96,80
117,221,202,160,80,92,81,73
121,252,238,185,78,93,78,81
120,198,178,147,83,107,102,86
150,252,235,167,104,143,134,109
101,170,158,116,68,103,96,82
158,267,241,174,98,126,111,102
145,235,222,173,68,98,87,83
101,180,167,138,81,106,97,88
115,226,210,172,81,99,85,72
110,206,183,130,72,77,67,64
84,163,151,117,63,82,72,70
121,205,189,142,70,90,87,62
114,187,171,140,65,72,69,58
117,205,195,158,79,100,89,79
113,180,170,139,68,94,81,73
131,235,220,159,83,93,86,74
127,243,220,170,92,133,116,95
123,208,188,146,100,127,116,103
127,227,210,172,77,107,93,78
132,254,237,187,95,113,104,81
164,291,271,184,66,79,70,66
110,220,206,146,82,92,81,72
97,161,151,108,72,115,109,95
118,224,210,167,88,97,86,77
146,284,274,204,75,98,85,70
130,263,248,201,85,104,91,77
126,243,230,151,80,114,103,88
125,215,203,158,89,110,101,83
128,252,243,167,99,104,90,81
151,310,294,230,102,131,117,103
123,218,198,173,64,95,87,63
132,250,233,174,72,86,79,67
134,221,207,155,73,95,89,73
136,281,258,223,100,137,127,109
120,216,205,161,93,107,96,89
156,322,300,223,96,128,117,90
133,253,231,169,79,98,92,81
137,262,246,186,92,111,102,90
98,158,137,101,56,59,49,48
111,230,215,141,92,120,104,91
114,203,190,116,69,75,67,68
115,232,220,164,98,154,141,127
142,242,224,165,91,111,107,86
167,296,273,214,93,126,118,95
138,254,236,188,79,112,98,93
143,223,207,156,70,77,72,62
133,245,231,173,80,112,103,86
115,231,209,173,67,83,79,64
140,204,190,138,85,105,91,76
125,179,160,129,61,72,66,50
138,222,205,154,92,124,107,98
93,135,125,100,82,120,114,84
120,232,218,176,102,119,103,89
110,195,183,144,77,105,98,88
139,219,203,150,74,98,90,79
135,271,256,201,60,82,75,76
84,143,133,113,90,126,120,92
95,186,168,122,73,82,70,58
79,102,93,81,79,121,110,93
112,229,210,149,66,71,66,51
179,330,311,228,69,80,70,66
125,205,191,138,91,104,97,83
113,177,164,130,74,103,97,75
95,165,155,115,75,83,73,63
128,243,229,176,90,119,112,91
92,180,169,126,80,86,74,69
108,170,157,123,68,91,85,71
106,239,228,185,96,113,100,79
124,230,217,160,74,89,81,71
163,330,314,211,79,99,91,79
161,360,340,255,94,117,107,97
141,242,230,155,79,90,77,79
167,379,358,250,91,123,109,97
120,222,204,159,72,99,87,76
165,351,331,251,70,96,88,67
133,209,192,141,88,127,116,97
135,246,232,184,68,84,75,58
109,189,171,136,66,89,82,67
109,197,188,143,86,106,97,82
110,177,162,124,91,140,128,104
132,232,213,177,78,94,83,69
116,235,220,161,62,69,61,56
138,223,205,158,75,104,97,88
87,167,153,118,88,94,79,77
139,285,261,189,73,92,84,73
103,172,158,120,88,101,94,80
137,250,236,186,63,78,70,63
116,200,193,150,96,131,118,96
110,143,134,99,72,102,98,79
148,290,274,213,83,96,90,76
130,240,222,184,79,121,113,101
135,254,236,178,102,128,120,98
139,263,246,178,96,124,109,101
125,183,172,128,65,66,61,52
139,229,211,160,87,104,95,81
95,185,175,131,90,134,121,99
160,313,282,219,73,93,83,74
95,182,167,149,65,82,73,62
153,339,323,231,91,113,97,88
121,272,255,188,93,134,121,102
139,276,262,187,71,96,88,79
116,240,225,166,65,78,69,65
134,282,269,206,76,100,91,76
106,229,219,150,89,109,92,83
127,215,200,163,81,103,89,86
132,254,235,179,79,103,92,79
165,305,282,212,85,107,92,91
95,151,138,112,87,103,98,75
121,207,193,135,90,99,85,79
135,237,219,168,94,114,106,88
132,212,193,146,86,115,98,86
160,340,322,225,73,105,96,76
107,201,185,138,83,102,92,80
104,227,214,160,95,127,115,98
105,235,218,159,80,110,102,74
94,180,167,145,94,121,108,91
136,233,211,170,79,114,102,95
131,262,244,184,93,134,125,108
128,307,290,203,91,125,116,100
98,157,145,107,87,109,93,90
113,168,151,120,86,93,78,70
148,252,228,187,90,108,93,87
124,199,180,147,78,90,74,75
89,165,157,135,63,80,74,60
104,182,165,133,89,130,118,93
118,218,206,166,71,96,86,78
129,265,250,196,91,96,84,78
119,186,163,133,93,123,106,95
122,194,181,134,72,93,80,73
131,251,235,189,60,87,80,74
142,270,246,180,103,144,126,106
134,289,267,213,99,153,144,113
150,325,307,236,82,108,94,89
136,215,199,156,71,78,65,61
181,340,327,249,66,77,73,56
130,237,218,161,80,97,87,70
134,262,250,199,94,126,113,104
151,290,272,192,89,138,128,115
122,178,156,127,97,150,137,119
135,219,203,147,80,117,104,99
110,219,204,147,71,106,98,82
168,300,291,205,61,76,63,64
114,158,144,107,110,172,156,132
122,195,179,156,96,135,125,110
89,159,153,111,80,91,73,71
104,159,153,108,86,111,101,86
108,199,180,135,81,115,106,88
129,231,213,164,99,118,106,89
106,171,157,119,77,84,74,69
100,190,179,125,112,184,168,139
117,238,228,166,85,101,89,78
128,219,194,135,105,133,120,104
163,328,306,210,108,144,134,109
145,234,211,168,69,64,56,53
146,263,248,186,82,100,88,80
136,265,254,197,67,75,65,57
131,253,235,166,56,78,70,66
116,249,230,173,74,104,94,88
111,210,194,148,70,78,65,66
142,266,251,189,73,100,90,74
121,214,200,154,85,104,92,81
136,257,246,168,75,97,94,79
116,192,176,128,78,88,76,64
110,197,187,146,96,109,103,93
120,282,269,191,85,111,103,84
121,188,174,126,83,116,105,98
94,176,163,109,102,126,115,105
139,320,304,219,55,58,51,52
131,258,246,179,81,122,111,90
148,268,245,185,88,110,100,95
140,243,223,176,81,108,94,86
145,274,257,201,81,92,85,69
99,217,203,162,77,93,82,73
91,143,130,107,92,114,104,84
167,317,295,228,88,105,95,86
136,269,249,179,100,144,130,107
108,190,175,147,74,96,84,70
106,157,146,118,74,95,83,79
124,247,233,184,90,123,111,93
98,148,129,106,82,101,88,80
106,205,187,155,87,97,84,78
148,291,271,208,90,133,122,97
136,250,234,181,65,85,77,67
94,206,192,129,80,91,78,66
127,221,203,148,69,78,71,62
155,278,263,193,79,122,115,98
144,300,282,229,79,103,93,73
132,222,210,151,94,138,124,106
121,241,219,167,82,112,104,87
91,145,136,111,92,101,95,73
122,211,196,131,91,112,101,83
135,262,249,212,86,115,107,96
158,297,277,218,97,135,120,90
136,247,234,174,70,70,62,54
142,238,211,175,64,80,76,64
109,192,184,144,71,95,81,69
131,282,268,199,85,91,79,71
135,293,277,204,66,80,70,56
105,209,190,145,77,96,84,85
103,197,186,135,77,103,95,85
134,256,239,180,104,127,112,102
