123,206,186,142,66,75,66,61
112,168,156,124,75,87,75,65
88,169,158,125,74,101,89,73
129,238,224,172,84,112,98,100
99,181,171,136,52,62,58,52
148,281,263,191,66,82,75,61
111,206,191,150,67,81,70,70
120,206,200,148,90,109,99,82
142,280,259,218,109,145,138,103
131,210,192,163,78,88,79,79
92,140,126,100,80,103,88,75
135,237,221,169,59,66,62,51
115,182,168,134,63,64,54,55
137,234,219,156,77,111,102,92
118,228,215,172,58,70,61,53
127,252,238,174,86,106,93,84
80,118,106,92,57,66,59,52
94,152,139,108,76,81,74,68
92,162,151,111,55,64,59,50
142,245,223,159,66,78,71,58
121,201,191,153,76,105,99,83
127,209,201,160,68,101,97,76
85,124,113,92,78,92,81,73
89,164,151,111,79,94,87,75
90,133,120,90,74,78,72,62
119,183,172,126,72,70,62,53
122,219,205,154,64,68,61,50
124,197,182,141,95,103,92,83
133,244,233,166,66,73,64,61
104,190,180,129,75,86,74,71
127,196,189,145,65,77,69,61
131,248,232,188,69,84,77,71
106,200,188,138,69,83,75,66
87,121,111,89,72,94,88,78
112,212,195,146,69,91,85,68
81,143,132,109,77,104,91,90
128,207,186,142,91,136,127,100
105,209,195,149,61,87,83,68
106,196,174,132,75,101,93,75
150,293,278,230,79,92,79,79
97,148,136,106,53,67,62,49
124,236,216,174,73,86,80,72
119,209,196,148,60,72,68,54
107,189,175,135,74,79,73,64
131,218,201,145,58,65,60,57
112,183,173,130,70,96,89,81
151,309,303,208,79,86,78,62
107,169,160,123,45,51,43,44
85,161,149,99,54,58,55,50
88,166,152,116,74,99,92,73
111,190,175,135,63,70,67,61
128,228,217,171,63,71,64,58
129,271,255,187,66,73,65,55
144,263,244,199,68,77,69,59
65,106,96,73,71,105,95,77
136,277,262,203,75,90,82,74
97,118,106,87,87,93,85,61
116,159,147,102,81,102,94,82
143,251,234,182,69,79,72,57
98,159,151,123,52,78,69,62
135,261,242,182,59,77,69,65
103,169,160,124,95,109,95,91
82,110,97,87,59,68,62,57
94,148,137,107,63,72,65,60
113,179,167,127,76,100,92,81
127,246,230,170,77,110,101,87
154,287,270,201,76,80,72,73
107,225,211,160,69,78,68,65
112,156,143,100,51,56,52,46
109,156,146,109,89,99,90,74
95,197,185,149,87,111,103,76
151,238,219,147,80,105,92,75
115,178,166,129,87,86,72,65
96,169,159,121,63,68,61,50
114,161,151,108,70,91,84,66
147,222,208,152,66,77,67,67
109,192,181,131,82,97,83,80
96,158,150,116,82,87,80,71
78,90,83,76,62,70,62,57
121,178,165,134,61,92,87,76
101,171,159,125,66,78,73,57
152,296,280,226,89,113,100,82
126,199,178,141,82,109,98,91
121,280,266,194,71,90,79,72
111,163,152,122,74,103,96,83
81,111,98,84,68,94,85,66
107,196,181,135,87,95,77,75
98,134,124,101,73,101,94,80
112,210,199,149,68,76,71,61
84,136,128,105,52,71,63,50
134,266,248,175,82,98,85,81
129,275,261,191,72,76,70,63
71,115,110,76,58,59,56,49
109,200,190,139,83,101,89,79
99,206,192,146,76,95,89,72
131,210,194,154,74,110,100,91
122,212,198,146,68,69,64,52
130,206,196,153,88,105,95,84
93,170,162,121,72,104,97,75
105,143,132,101,61,82,76,67
89,139,130,101,93,108,95,84
103,238,224,160,50,72,68,56
116,178,173,137,67,81,69,71
99,213,200,140,68,80,74,71
92,171,163,112,61,71,66,54
100,176,166,127,82,102,97,69
97,178,170,139,69,86,78,67
123,245,233,181,66,81,72,69
121,182,170,123,76,81,78,55
69,137,128,84,59,66,54,57
89,141,131,100,90,122,116,99
99,181,163,114,97,113,102,87
116,201,187,150,74,78,66,60
88,143,132,100,63,77,69,66
123,174,158,122,67,97,84,69
121,181,168,129,67,84,80,70
100,192,184,133,74,98,86,79
104,193,183,134,66,71,61,49
74,109,100,83,61,70,60,56
87,145,138,119,62,75,70,56
124,202,185,142,67,73,62,56
121,222,215,170,61,90,81,78
156,252,235,177,81,105,89,89
129,248,224,165,68,76,70,60
105,146,139,105,73,86,72,69
112,184,170,135,58,76,66,63
128,240,224,173,60,69,64,55
120,195,182,142,81,101,94,84
112,206,193,161,79,116,107,93
119,212,198,148,77,95,88,83
111,189,176,144,71,83,76,72
163,288,273,217,82,96,88,81
87,133,120,102,68,90,80,68
98,140,128,103,70,99,92,81
93,173,164,117,56,69,57,59
81,115,107,86,69,74,68,63
108,204,195,153,85,107,100,82
97,129,116,94,69,81,75,63
107,189,176,142,82,115,101,89
115,153,136,117,82,90,85,75
120,254,242,178,76,94,88,73
152,276,258,202,54,68,60,59
115,200,185,148,60,67,61,55
175,325,303,223,53,52,47,48
105,212,198,168,58,60,55,52
84,127,117,98,86,102,95,87
118,212,198,144,64,92,84,76
77,94,85,61,78,89,88,76
82,163,157,113,65,58,52,48
148,280,258,183,76,101,95,80
114,202,189,132,65,67,58,55
96,172,162,122,68,76,71,61
116,200,184,147,70,105,99,82
103,198,183,129,74,79,68,59
89,118,109,87,74,90,83,75
132,267,253,177,56,61,55,49
112,269,258,197,78,100,92,80
105,189,177,135,74,89,79,75
115,174,164,122,60,59,50,50
103,164,159,114,56,58,55,48
133,231,215,181,65,74,67,68
107,193,178,128,81,119,113,88
105,189,170,131,62,65,59,54
115,183,169,136,79,79,69,71
129,271,254,177,53,68,65,52
80,127,117,106,52,62,55,53
100,138,123,86,77,92,81,81
96,129,118,99,76,87,74,75
130,250,241,176,88,110,98,81
88,184,176,129,71,95,94,71
100,145,129,106,87,100,88,77
91,140,133,103,80,87,73,75
131,217,208,145,67,76,75,56
84,135,124,100,57,77,68,67
79,135,127,92,68,65,61,53
121,195,182,153,66,103,90,83
167,305,293,230,69,76,68,57
132,238,224,181,69,78,66,60
112,217,207,154,63,84,80,65
86,120,108,83,55,66,54,45
149,263,243,172,61,78,73,62
108,175,167,121,62,76,70,65
135,225,216,145,65,86,79,68
100,168,158,128,50,51,43,42
137,243,230,173,65,75,67,65
120,193,179,134,68,82,70,64
123,205,188,131,78,107,96,87
87,136,126,102,65,84,76,67
130,255,241,176,78,101,95,76
115,185,178,144,85,118,108,92
115,176,159,113,71,101,93,85
106,222,211,159,76,82,79,64
98,198,189,147,65,74,69,65
118,179,165,117,70,81,77,63
118,172,155,120,79,95,78,72
96,177,166,134,49,49,46,42
127,222,206,160,83,94,81,77
118,193,181,130,80,107,99,83
100,141,126,95,75,103,92,74
125,210,191,152,72,87,78,79
118,267,256,207,67,90,83,72
119,215,204,149,74,89,83,72
146,251,236,177,69,83,75,68
80,161,152,110,67,75,68,54
145,274,260,184,71,95,92,75
112,179,162,126,73,78,69,62
101,196,185,137,66,65,58,53
135,276,258,215,61,71,63,62
61,76,70,59,63,84,81,71
93,171,163,136,78,82,75,59
135,224,207,157,75,75,68,58
138,263,243,186,85,103,91,84
95,146,138,123,84,101,94,86
110,213,203,160,58,59,52,50
110,193,178,138,66,87,79,65
122,232,202,172,45,47,39,41
94,136,128,96,82,102,94,80
103,180,171,138,76,102,85,78
110,241,228,178,69,87,79,66
112,245,227,154,63,72,65,60
101,168,160,126,64,67,57,48
88,156,146,104,67,83,74,66
107,162,149,108,58,60,56,50
106,177,157,118,63,71,62,55
128,231,221,168,63,77,71,67
84,134,122,113,69,87,83,59
131,181,167,131,71,92,89,77
99,147,134,109,64,90,86,72
129,227,214,167,81,89,78,71
110,166,154,120,81,103,91,74
89,138,132,97,76,93,81,71
123,275,259,193,84,96,89,71
115,190,174,138,75,99,95,80
115,210,196,127,70,96,88,80
96,166,147,125,63,93,87,71
112,193,184,135,66,76,71,65
86,136,122,107,78,116,108,95
132,273,256,195,67,91,82,73
111,200,189,133,76,90,78,70
85,126,119,98,75,87,80,76
124,240,227,167,54,74,65,63
82,126,113,92,59,54,47,44
119,201,183,139,67,74,66,69
91,190,183,143,61,69,60,62
113,187,175,137,73,90,85,75
112,169,163,113,68,97,90,77
114,189,175,136,70,80,74,59
107,167,151,118,73,99,88,76
87,129,117,100,93,102,87,83
118,244,228,182,75,100,93,83
125,204,193,139,69,81,75,57
145,241,227,171,67,78,73,57
123,220,201,152,69,69,57,56
126,171,163,123,65,78,72,61
118,208,195,156,57,73,65,54
138,265,249,184,64,72,67,59
102,179,170,129,71,101,94,77
135,277,257,192,71,93,84,67
109,194,179,140,62,92,87,67
93,161,149,123,68,87,77,73
104,219,209,170,63,76,69,60
115,184,167,129,73,94,85,73
100,161,151,119,96,124,107,91
110,179,165,130,59,65,55,54
117,176,167,130,76,91,85,73
86,150,138,95,68,86,73,75
121,180,166,113,77,92,84,71
133,219,203,143,75,97,89,75
107,161,150,116,74,69,61,50
98,141,128,104,95,120,114,98
98,148,138,98,71,99,91,86
109,189,178,144,75,90,79,71
162,275,260,212,71,76,66,62
128,268,253,200,49,67,65,58
116,259,251,167,67,79,74,62
110,137,125,101,67,90,81,76
133,219,207,149,70,79,70,68
99,157,144,116,57,66,61,57
133,254,248,188,69,87,82,67
114,207,201,168,58,56,50,49
166,300,277,220,69,86,81,64
79,160,148,101,59,77,69,58
81,120,112,86,75,93,88,66
139,270,249,182,85,86,79,66
151,282,265,207,78,114,102,79
96,186,177,140,84,110,100,79
131,246,228,176,73,78,73,62
113,221,206,156,54,58,51,46
92,175,160,132,79,97,86,69
118,187,174,140,71,104,94,72
117,251,238,160,76,97,83,67
70,80,74,56,66,66,60,49
123,215,207,160,74,93,77,70
120,197,187,132,70,75,72,63
140,312,303,240,59,85,78,65
114,190,183,133,71,88,77,74
112,211,199,155,63,77,71,69
118,198,180,135,74,85,76,70
140,259,249,185,72,96,90,79
114,225,210,141,64,97,87,79
117,265,250,173,65,77,70,59
108,193,178,145,66,69,64,60
130,214,196,167,77,101,84,75
125,214,199,143,68,89,84,80
99,160,145,122,71,90,83,77
107,175,164,128,71,85,80,70
113,217,207,164,56,76,71,58
137,297,283,221,55,69,67,55
100,196,187,145,60,66,62,60
103,201,186,151,67,74,66,63
111,193,178,151,68,78,70,61
121,235,215,165,66,76,70,64
117,214,202,150,69,88,80,73
70,109,100,71,65,74,70,62
86,126,115,88,75,93,80,71
139,214,192,145,53,52,45,48
88,142,130,102,86,102,90,94
143,195,184,158,77,97,91,75
137,292,276,205,59,80,73,66
80,114,106,92,74,106,98,83
133,241,225,175,62,67,60,54
95,161,151,120,51,48,45,42
107,177,163,118,82,97,90,75
73,123,114,79,112,155,143,121
111,178,163,124,71,79,67,59
87,175,163,117,61,78,72,58
118,251,240,179,81,85,79,66
84,129,120,96,75,83,81,70
109,210,195,144,64,78,71,61
139,274,252,183,68,93,87,66
142,243,234,186,68,85,76,75
123,215,201,141,60,98,91,74
130,201,186,128,69,76,67,60
79,124,116,89,71,100,92,74
139,278,263,194,92,112,94,94
118,200,190,152,63,92,87,69
113,209,200,149,87,112,102,92
119,187,176,134,66,76,68,64
84,131,117,94,77,81,66,64
142,253,239,181,59,67,59,55
79,111,102,87,64,73,64,60
106,196,185,152,75,94,84,79
117,183,171,135,72,80,74,63
93,201,187,150,72,85,80,69
104,156,146,110,65,100,91,83
124,236,220,179,76,99,94,81
112,178,169,119,72,79,72,62
144,222,200,154,84,107,96,84
107,165,148,117,69,85,75,69
106,168,152,123,60,86,81,67
110,234,225,176,55,67,62,53
104,145,135,114,58,79,72,62
148,254,238,181,65,79,73,62
102,168,152,128,73,111,101,95
101,165,149,122,68,99,93,62
112,226,216,178,81,97,86,85
118,202,189,135,77,97,88,79
83,123,117,90,62,81,75,68
124,234,220,157,69,92,92,71
107,153,137,109,80,96,88,74
129,235,222,167,62,85,79,64
93,189,175,137,85,99,90,73
131,250,234,186,70,82,74,70
85,107,96,80,67,73,65,60
150,292,276,219,100,129,119,104
76,128,113,97,80,96,89,75
143,231,216,153,70,70,59,58
107,201,191,144,65,94,84,70
165,326,308,242,64,71,66,59
125,252,231,185,62,75,66,63
106,148,135,102,71,99,88,72
123,248,234,184,86,93,81,80
139,238,221,170,69,76,72,62
99,158,148,115,79,96,85,79
157,265,246,181,71,82,77,64
123,216,203,162,79,113,106,91
139,271,251,199,57,60,52,56
82,136,127,99,74,91,84,72
117,239,226,163,63,63,58,56
114,204,188,136,75,93,82,79
140,247,232,175,65,73,63,56
119,211,200,141,63,72,66,56
86,206,195,158,41,53,47,39
89,158,142,111,68,70,63,54
110,192,177,127,57,65,60,56
95,123,113,86,64,64,60,53
77,157,148,103,90,111,103,87
111,208,195,157,66,81,77,68
117,194,180,135,104,126,117,95
140,270,250,190,77,94,89,73
121,204,192,137,63,61,54,51
131,222,212,152,65,83,77,62
139,249,232,178,76,94,88,72
99,201,194,139,81,88,77,72
107,188,170,129,66,90,82,65
116,177,167,136,68,77,72,56
169,319,298,224,57,61,57,49
123,210,198,148,63,76,70,59
83,139,130,113,74,79,74,64
130,222,209,162,71,99,90,81
143,320,296,217,74,89,79,68
130,228,210,156,84,92,86,77
84,162,148,116,80,103,91,80
105,185,179,153,78,97,91,74
193,382,354,278,62,63,56,56
98,170,158,126,75,93,87,71
97,152,137,115,65,81,71,61
109,195,182,134,68,75,69,64
121,239,227,169,84,115,107,82
111,205,190,136,74,89,78,74
167,296,284,223,59,68,65,56
123,166,157,122,57,81,77,63
119,221,212,178,83,111,105,88
112,164,149,112,70,88,79,76
131,253,245,190,51,55,50,46
129,226,210,152,65,93,84,80
98,194,183,135,58,66,61,47
115,256,238,168,56,73,66,54
121,242,227,185,96,131,120,94
110,147,135,109,68,80,73,65
134,211,195,158,67,76,63,64
143,243,228,182,55,81,75,68
92,167,157,122,76,80,70,64
129,267,250,191,75,77,67,64
144,266,250,189,49,62,52,48
114,219,198,168,70,75,67,58
82,124,113,85,75,81,71,65
161,305,291,233,64,68,55,57
88,152,143,113,75,83,71,64
151,258,239,160,67,73,63,61
139,258,247,193,75,97,88,78
154,273,252,201,65,74,63,56
122,237,226,183,94,124,108,97
90,157,144,119,66,88,86,73
124,222,213,168,81,106,99,82
154,315,296,218,74,88,83,71
114,183,168,128,66,77,68,70
95,203,197,139,64,66,59,55
98,120,108,90,55,75,68,63
112,219,208,172,68,76,62,63
94,116,107,96,68,88,77,64
105,216,204,154,78,87,78,66
84,153,141,99,71,83,73,66
144,251,239,180,83,94,83,70
137,251,239,190,93,96,93,74
105,172,157,124,67,78,74,67
87,140,127,97,46,65,62,54
109,233,217,160,79,104,98,77
109,210,200,162,57,78,72,55
147,258,245,213,80,88,79,64
83,129,110,97,89,105,98,77
134,229,213,156,65,77,70,57
141,281,264,202,74,91,84,74
152,237,225,184,73,84,73,66
100,155,141,120,78,89,77,71
126,181,167,120,66,78,74,62
131,211,199,156,83,114,101,84
100,166,158,124,64,80,75,69
126,189,181,141,65,80,74,63
111,194,179,132,68,79,69,64
112,186,175,121,79,88,76,65
107,237,226,173,80,92,82,71
96,142,135,93,80,90,79,64
78,112,102,76,87,113,106,90
92,162,150,111,68,88,83,67
139,239,219,158,68,85,78,67
114,202,193,157,72,93,85,75
131,245,228,162,53,69,62,58
124,195,187,132,77,85,75,67
123,218,207,160,67,84,77,59
89,131,116,103,80,99,90,80
132,226,210,159,71,79,73,65
103,151,130,118,64,69,64,52
105,208,191,145,68,94,85,73
109,208,193,150,60,64,63,57
142,203,189,145,66,72,64,55
98,151,137,108,76,102,97,79
119,216,200,168,70,70,62,61
139,233,220,165,69,77,72,61
100,134,121,104,83,107,95,88
121,233,217,146,76,92,84,70
78,136,127,110,78,85,76,71
112,198,185,136,83,102,94,77
99,179,166,116,54,57,50,48
145,293,276,188,72,95,88,75
116,204,186,140,66,89,84,69
104,175,164,133,72,84,77,66
97,177,171,130,69,77,70,54
121,188,179,136,72,89,77,67
114,199,194,145,68,84,79,70
83,124,113,80,66,75,63,56
122,208,200,151,79,75,68,61
110,195,188,151,65,75,66,63
105,141,129,108,90,93,85,73
92,152,143,123,86,97,89,79
110,195,183,137,56,56,48,48
74,112,96,83,58,63,58,46
105,177,165,133,76,92,84,74
136,279,265,212,77,96,88,80
109,191,177,140,78,91,83,70
110,173,158,119,61,78,73,61
93,179,165,130,64,74,66,65
68,105,93,86,66,87,84,68
99,180,171,140,76,91,79,65
106,209,196,152,72,99,91,79
99,169,151,122,53,57,51,47
119,173,162,131,75,90,77,71
99,162,145,132,69,80,74,72
111,193,182,129,65,75,67,60
149,328,308,241,76,107,93,81
113,175,166,126,53,58,54,49
127,213,201,158,65,59,57,53
92,144,134,96,61,70,64,54
87,160,149,115,85,112,106,88
118,239,230,180,55,54,51,46
112,214,201,157,58,83,76,72
102,183,169,127,68,85,78,71
99,147,137,100,59,83,72,70
117,213,199,142,65,71,65,56
143,259,246,188,81,101,92,75
87,189,174,134,70,76,68,60
143,254,240,199,84,106,95,74
75,150,141,109,72,87,75,67
114,146,129,100,63,73,66,64
133,222,210,154,67,88,76,69
116,203,195,142,75,87,74,77
111,191,178,140,92,115,105,94
121,212,195,151,65,81,75,59
89,158,143,112,81,104,92,84
103,214,205,165,73,82,75,63
110,209,200,150,74,76,67,65
112,185,171,125,67,68,60,59
129,233,215,164,89,115,103,92
125,189,171,137,73,71,63,63
99,126,113,86,70,87,78,61
103,168,160,124,64,86,75,74
90,134,125,99,82,95,88,75
111,201,190,157,73,90,86,82
120,213,201,152,62,82,77,63
99,188,181,122,53,60,54,52
117,205,194,147,79,95,82,79
129,228,215,165,64,79,68,62
133,234,220,153,71,75,70,60
108,203,192,148,75,94,88,74
101,175,165,114,67,79,73,64
128,187,174,135,57,69,66,48
65,96,85,71,66,65,60,53
115,202,182,148,77,99,94,82
124,204,192,155,87,109,100,80
102,153,139,107,66,85,77,70
120,210,192,147,73,94,81,70
80,145,136,102,58,67,58,61
91,173,166,119,73,102,95,86
141,261,243,177,65,85,76,75
105,198,189,134,59,71,66,58
137,216,203,149,69,69,63,56
107,167,153,125,60,61,55,51
132,215,198,139,77,111,99,84
99,169,153,134,70,77,68,63
106,165,151,104,54,59,53,49
108,199,186,145,75,91,79,79
101,191,183,129,70,67,60,58
116,215,202,134,74,83,77,66
94,157,146,108,73,104,97,76
113,193,175,142,76,110,101,83
125,203,191,145,59,56,45,47
157,236,222,166,66,86,76,72
85,152,141,109,73,90,82,79
126,204,197,153,58,58,49,49
89,116,105,88,66,106,99,79
112,205,192,133,58,53,41,40
125,241,230,174,66,90,86,73
100,160,149,120,69,83,75,65
117,190,179,124,72,82,70,69
85,120,113,91,71,84,77,70
100,189,181,141,82,116,111,91
143,257,234,179,69,87,85,68
108,209,195,163,51,72,65,54
107,148,137,109,53,54,51,47
129,246,232,154,64,77,68,64
139,256,243,181,76,101,94,81
139,252,236,181,53,60,53,51
122,240,223,164,84,105,89,79
119,170,153,118,74,102,90,78
110,190,174,121,92,109,98,87
155,291,273,217,80,84,73,72
93,143,133,101,55,65,54,52
99,213,203,148,88,129,117,104
121,262,249,200,66,76,67,59
140,278,267,181,55,67,63,54
102,194,184,132,87,113,103,90
94,170,159,135,70,90,78,79
105,224,207,154,84,114,101,87
168,315,298,222,68,70,64,56
126,242,233,182,69,81,75,71
87,127,122,97,90,102,94,79
83,136,127,87,60,71,60,62
115,196,186,146,86,99,93,79
147,288,273,202,69,94,87,73
104,211,196,146,70,95,82,72
180,320,297,223,66,71,68,56
117,201,184,137,57,71,63,62
114,209,202,152,83,96,88,71
135,239,229,171,75,98,92,78
135,196,179,140,68,78,67,62
117,219,208,150,79,93,87,72
114,196,185,133,67,71,63,60
84,159,150,106,65,85,77,69
139,222,206,155,80,109,97,93
100,179,167,130,65,94,85,70
103,202,196,153,84,97,93,78
149,264,248,196,77,94,87,65
121,204,190,154,66,71,67,57
68,103,97,87,99,128,124,105
115,170,158,120,74,99,89,80
131,208,189,148,74,101,97,77
92,164,156,118,64,70,66,52
101,175,159,129,80,99,84,81
80,99,86,75,73,86,78,66
107,172,165,129,61,82,73,71
127,187,160,140,71,89,79,74
147,317,297,234,70,95,91,73
136,239,229,172,69,87,84,68
116,170,160,121,74,83,77,67
117,235,218,154,71,104,96,73
125,216,203,158,60,75,71,64
115,181,168,130,68,83,75,60
126,219,212,154,76,89,81,76
128,207,195,143,77,103,97,81
110,170,155,123,82,108,99,90
137,238,216,171,59,77,69,54
127,196,182,140,57,73,66,61
109,189,173,140,71,84,75,73
122,204,189,137,68,87,79,74
110,227,213,160,60,69,64,59
99,195,181,132,76,91,84,68
102,192,176,144,63,77,68,62
119,210,194,155,64,82,77,65
100,178,164,115,72,90,82,76
99,158,146,125,56,73,68,53
141,256,237,182,76,94,84,73
90,135,124,108,90,113,100,96
115,201,182,135,65,71,62,56
77,113,103,96,77,97,85,77
102,163,148,112,75,96,88,78
89,124,112,85,70,92,86,74
62,82,71,65,48,53,50,39
108,173,161,129,60,65,53,53
133,228,213,142,80,96,83,75
127,225,206,155,56,63,56,52
94,141,136,105,63,77,69,62
123,197,182,145,59,79,75,67
121,205,197,148,70,94,88,77
109,191,179,147,88,130,123,96
154,314,289,233,54,57,55,50
81,132,126,87,62,77,69,59
141,247,234,163,75,106,102,85
115,215,200,153,72,93,84,73
116,233,221,158,62,79,72,60
132,218,197,155,60,67,59,59
108,153,141,115,60,67,57,59
117,221,214,164,76,87,77,70
88,138,127,86,92,103,96,81
106,181,167,137,71,86,83,68
144,286,264,195,60,62,57,49
104,171,160,123,66,79,72,68
123,194,183,117,71,85,75,68
101,190,175,127,70,84,76,66
130,292,268,196,55,61,53,52
139,253,244,174,83,105,97,85
128,197,180,144,82,110,103,89
106,222,214,156,77,92,76,65
151,276,263,187,72,92,83,80
131,230,213,154,77,91,84,68
122,225,210,155,81,116,107,90
118,226,215,153,84,114,102,87
121,227,216,176,65,86,78,70
116,197,178,135,69,85,80,70
108,207,196,153,69,69,60,54
89,165,157,117,69,79,74,67
123,219,207,151,72,87,81,68
132,244,229,168,58,64,58,56
118,208,191,160,71,80,70,61
110,199,188,157,56,69,61,54
125,179,163,138,68,80,74,57
100,180,173,125,76,88,82,72
114,178,159,133,69,81,74,66
105,163,149,112,82,88,81,77
68,71,65,51,66,87,77,62
95,164,156,120,69,81,77,62
88,162,150,107,82,108,104,84
99,140,128,108,77,82,76,65
101,170,164,113,85,114,108,89
129,226,209,167,78,110,102,82
124,192,180,129,80,97,89,74
105,192,185,151,62,81,71,64
141,266,248,195,70,80,70,63
84,171,154,119,86,104,92,84
100,232,220,160,73,101,95,77
103,203,189,147,86,100,94,75
104,177,166,134,61,73,70,62
104,166,150,109,60,64,59,55
80,118,109,80,71,75,69,66
132,194,178,144,69,81,66,65
98,158,147,114,85,97,88,75
131,198,190,140,61,72,68,58
162,296,282,215,60,70,64,56
106,178,168,128,68,78,71,59
95,156,146,116,78,85,79,70
131,202,189,142,67,70,62,58
92,164,155,134,91,95,88,69
176,361,330,265,74,78,69,63
127,239,227,181,70,84,76,72
109,171,157,121,75,94,82,73
99,152,137,109,66,79,73,65
98,132,119,93,77,105,97,80
95,146,133,113,79,102,93,79
107,186,175,134,64,66,58,53
106,170,159,116,67,92,86,75
110,186,175,149,73,100,95,77
91,150,142,119,66,66,60,54
128,229,214,161,69,75,68,61
107,193,186,127,67,66,62,54
102,194,181,146,69,83,73,68
94,129,116,97,63,55,47,47
128,211,199,145,65,76,69,59
72,181,175,118,84,99,91,77
107,171,164,121,74,85,79,69
120,209,191,141,81,112,103,92
86,168,156,110,66,69,63,61
96,174,167,116,82,98,88,69
98,166,152,127,72,83,78,70
93,177,160,125,76,88,80,62
148,294,283,218,56,59,54,50
124,253,240,185,78,89,83,76
154,296,275,222,79,97,86,83
113,199,189,148,71,83,72,63
116,240,232,161,67,87,79,73
137,187,177,123,62,70,61,53
140,334,318,247,70,89,86,69
83,91,81,76,74,77,67,57
115,230,217,183,65,82,70,66
86,135,126,105,64,74,65,63
85,126,120,96,69,81,75,64
142,293,277,206,72,90,81,75
138,249,230,169,79,87,84,68
107,192,178,129,70,84,75,71
115,187,172,142,76,95,88,71
107,204,185,154,48,52,48,45
123,230,213,158,54,60,54,47
100,144,135,88,52,60,53,42
132,230,213,163,63,71,62,62
101,169,155,137,72,95,91,79
136,215,200,155,77,94,86,75
133,233,218,172,71,75,69,61
143,280,265,196,73,104,98,80
85,137,128,91,64,67,58,55
111,211,193,166,73,88,76,71
96,124,113,96,81,87,79,67
85,141,131,101,83,105,98,82
151,251,230,170,72,90,86,60
107,162,149,121,74,75,63,60
120,194,182,143,94,97,82,75
129,197,177,136,79,92,77,67
113,176,162,129,58,57,51,50
118,189,178,150,65,71,60,61
99,144,133,111,69,83,76,64
106,152,140,112,99,122,113,98
107,246,237,179,77,89,82,79
120,192,185,140,64,85,78,64
112,251,244,186,83,110,97,92
142,213,196,153,64,77,68,59
117,217,202,138,69,68,58,55
124,211,200,143,51,63,56,53
109,208,195,134,78,97,92,79
87,121,113,77,66,79,74,60
128,185,170,146,81,87,79,69
107,163,154,112,60,64,60,50
115,203,188,149,87,88,82,70
90,139,129,107,62,78,72,53
83,146,132,107,67,72,66,53
106,187,177,148,81,102,95,81
110,188,175,127,72,76,68,61
114,220,207,157,73,99,86,82
136,254,239,179,76,88,75,72
116,201,189,142,63,72,66,62
176,301,287,211,84,105,99,86
112,190,174,127,50,59,56,50
91,125,115,81,78,106,99,89
91,137,126,97,58,67,57,51
115,163,148,126,55,80,78,61
110,178,164,126,72,88,84,78
153,284,266,193,84,113,101,83
94,132,123,100,81,111,99,87
117,218,204,172,72,90,84,74
120,199,188,151,65,71,67,64
81,130,124,90,55,66,60,55
111,198,189,148,64,75,69,59
119,191,177,129,76,98,95,79
113,184,176,138,74,91,84,68
131,233,216,166,56,81,78,59
130,315,301,226,65,83,74,71
105,136,121,93,79,121,113,102
107,214,200,154,66,68,65,61
112,186,170,137,71,87,83,62
146,255,239,180,58,65,57,63
157,320,305,224,79,112,106,84
148,267,254,185,76,94,86,73
128,227,212,160,80,96,90,67
81,142,132,104,61,70,61,51
101,169,158,114,56,71,60,62
94,156,139,114,65,68,64,60
88,118,109,91,63,70,62,61
98,193,177,131,77,114,107,80
116,181,169,122,65,84,75,70
138,251,237,164,71,103,94,84
72,97,91,74,68,93,89,78
125,203,183,137,71,87,81,66
116,216,207,149,73,90,83,79
78,111,105,86,70,85,75,74
110,189,179,141,79,97,89,77
99,155,146,108,66,61,56,50
132,244,228,165,67,104,95,81
130,197,183,147,60,64,57,50
109,167,159,118,68,84,75,60
105,140,130,94,68,72,62,57
113,168,158,126,60,86,78,63
149,277,268,198,63,86,78,66
118,200,183,133,61,75,61,60
118,206,196,140,53,66,59,53
119,177,162,113,60,79,75,60
94,182,170,138,68,74,67,58
155,251,236,174,80,89,77,74
104,156,138,118,68,88,84,69
83,143,132,111,66,85,74,59
90,146,139,109,85,105,98,89
160,339,317,245,70,85,79,77
116,182,166,120,73,98,88,72
127,230,217,160,69,78,68,64
95,177,169,118,66,66,56,51
81,139,130,104,72,93,85,66
119,196,178,138,75,76,67,63
107,157,144,113,62,66,55,56
114,205,191,145,71,76,73,58
124,161,152,109,61,74,64,61
99,170,158,126,72,80,75,63
147,305,292,226,62,70,60,62
117,244,228,165,62,91,87,81
94,139,128,92,61,64,55,54
111,219,200,168,58,71,69,55
110,182,165,132,82,94,81,77
147,244,232,164,69,87,80,62
107,212,198,142,93,130,118,100
121,193,173,134,59,81,73,63
122,197,184,140,74,90,81,72
107,199,189,143,68,70,63,54
120,207,202,134,76,106,98,86
144,276,258,179,86,95,86,72
121,217,200,155,71,92,85,70
127,230,222,137,61,64,55,50
149,290,265,197,88,99,93,68
77,118,110,92,69,83,78,67
92,141,125,102,70,75,69,66
135,296,284,209,75,87,78,70
119,182,170,121,69,109,102,85
120,194,181,144,81,99,93,76
89,166,154,129,78,98,95,76
101,200,194,154,68,75,66,57
109,211,200,150,58,62,52,52
97,182,172,131,69,104,94,75
113,201,192,135,54,61,55,48
130,230,215,167,70,85,76,70
112,213,201,152,78,104,96,88
119,208,197,134,95,100,85,86
101,184,170,125,62,77,72,57
88,156,144,121,51,55,50,50
76,128,118,99,71,88,83,72
99,154,141,111,74,94,87,73
100,184,170,124,55,76,71,65
149,291,281,204,88,110,97,87
149,259,238,179,79,91,83,77
128,260,244,189,71,75,64,61
81,127,117,94,72,101,96,84
78,111,103,81,63,90,82,68
85,140,129,108,71,82,69,68
99,177,157,125,86,94,89,76
87,135,126,101,55,65,62,52
139,300,286,207,66,66,60,54
125,250,233,190,68,109,104,91
105,174,159,126,75,85,77,66
128,167,155,120,76,101,94,77
104,133,122,102,74,103,96,84
137,310,289,235,69,83,75,69
75,120,114,88,76,108,97,80
139,269,257,203,83,98,88,78
99,162,155,117,65,74,64,61
112,185,177,143,47,51,48,37
105,153,137,114,89,111,104,87
107,206,187,164,81,115,100,93
91,173,163,139,75,86,69,66
135,232,214,167,78,98,92,83
83,144,134,102,77,91,84,68
143,224,209,167,78,91,78,70
99,132,122,110,74,76,65,61
132,235,222,180,82,92,80,70
144,252,236,181,93,139,131,112
120,258,247,209,56,65,58,55
98,188,179,124,76,97,85,77
106,173,159,121,68,82,72,67
116,211,203,150,59,83,77,69
103,158,147,117,64,72,65,59
81,105,97,76,74,92,86,72
98,161,151,108,87,117,108,92
120,184,167,134,65,95,88,78
144,273,255,204,70,82,73,59
92,139,133,93,79,118,108,95
98,147,133,112,85,125,120,96
137,254,241,171,75,87,77,77
165,328,306,231,70,74,68,56
107,154,144,110,50,70,61,53
123,216,206,156,83,90,82,61
142,287,272,213,61,69,64,58
118,198,187,136,76,81,70,60
117,169,158,132,65,83,79,67
132,176,160,136,66,78,73,63
130,262,249,189,55,60,49,48
134,228,208,163,87,119,106,100
101,162,152,120,70,91,81,71
162,323,309,207,65,78,70,68
121,256,240,183,77,93,81,79
121,239,232,159,78,89,80,70
96,203,190,160,64,85,78,70
167,300,282,202,79,89,80,72
118,180,167,125,74,76,75,63
110,172,158,121,56,62,57,50
113,184,175,128,79,98,90,77
82,130,122,100,65,77,69,64
94,159,147,111,76,78,67,63
84,136,124,101,81,95,89,77
125,194,185,137,79,103,89,87
102,182,169,132,68,68,59,57
120,206,197,156,74,94,86,82
159,343,330,263,59,64,59,56
92,139,130,101,68,79,70,67
132,258,243,197,89,121,105,90
79,104,95,83,70,85,72,73
141,228,211,151,51,54,51,50
154,326,308,228,70,83,77,65
123,239,227,167,62,89,86,76
85,148,138,108,67,88,78,71
105,171,161,119,81,85,74,68
97,119,109,91,67,88,80,72
120,214,205,165,56,82,77,63
133,235,215,165,87,111,98,82
118,182,168,138,68,71,65,54
156,323,307,244,79,97,91,76
116,224,217,160,78,105,100,90
83,132,122,97,79,95,84,83
108,205,196,146,53,57,51,46
107,172,153,132,74,91,86,75
111,170,163,120,86,109,101,87
129,236,220,157,64,88,85,68
100,175,167,138,85,113,106,85
75,97,84,70,61,70,65,54
98,169,159,125,49,46,40,39
170,358,337,247,62,80,67,62
115,194,176,130,66,72,65,59
107,171,153,131,77,92,84,68
126,249,238,171,65,83,76,64
130,228,215,149,71,76,71,66
145,269,256,194,70,78,76,64
90,134,126,102,65,78,71,60
125,211,198,138,49,81,76,58
116,162,142,112,68,76,67,62
107,201,194,151,82,102,95,81
150,316,307,244,66,85,79,69
98,193,181,135,68,84,75,65
115,234,222,172,66,112,108,90
130,209,197,150,68,100,91,77
136,231,214,160,86,106,102,82
116,206,192,144,59,64,59,54
144,281,262,206,88,99,91,75
96,176,167,134,71,90,80,74
119,208,200,142,71,82,73,67
127,225,213,158,74,93,86,78
115,168,154,127,55,65,62,54
119,235,227,154,83,88,79,75
146,271,255,181,67,78,72,65
79,129,119,100,55,75,69,58
81,155,142,99,71,117,112,91
120,253,238,175,70,94,87,74
107,166,152,114,88,107,91,79
134,250,239,163,79,109,100,92
108,196,189,134,85,96,85,76
130,234,221,171,83,95,91,72
160,263,246,182,70,76,67,57
85,152,140,117,83,106,96,79
113,206,193,148,58,71,64,56
91,114,106,87,76,117,107,89
131,240,223,189,77,87,78,71
119,174,162,131,65,68,58,57
117,216,200,139,81,104,93,81
135,258,243,180,77,96,87,73
73,137,127,100,75,85,75,68
133,205,195,147,78,88,80,67
72,112,98,84,60,85,79,74
130,263,248,191,63,71,64,58
148,225,209,158,54,61,53,51
144,267,253,197,86,109,97,75
83,105,96,75,57,73,68,54
116,200,189,143,71,85,75,61
84,123,115,96,58,73,69,58
126,191,173,134,86,103,89,77
80,115,109,79,66,86,78,72
113,200,188,151,64,74,63,59
77,114,104,85,73,81,73,70
94,190,176,133,70,65,58,47
106,204,187,150,71,79,70,64
65,73,59,55,78,116,109,89
117,190,178,146,58,69,62,47
148,217,205,158,81,96,85,77
90,139,126,102,78,87,81,68
129,227,213,164,72,96,84,82
113,192,177,142,67,74,67,56
101,174,166,127,61,76,69,61
106,206,196,159,55,62,55,54
139,281,266,215,65,72,67,65
134,256,237,166,84,109,99,88
83,156,142,119,86,94,86,72
97,174,168,120,66,87,80,66
123,228,211,154,74,87,82,69
139,249,231,175,69,85,72,68
120,264,250,198,89,116,107,90
74,138,131,100,84,104,91,85
129,218,198,153,67,73,67,55
109,177,160,131,68,74,68,61
101,184,174,137,85,87,79,70
105,175,159,130,76,103,96,79
113,204,191,149,61,70,58,66
136,279,263,194,54,60,56,50
111,210,195,143,79,102,95,82
110,199,189,146,65,88,78,74
80,134,124,101,70,81,77,59
104,184,172,142,66,77,71,59
91,153,143,112,62,75,67,60
131,231,216,176,62,69,63,59
86,129,121,104,85,99,87,85
160,275,252,189,58,59,53,50
136,245,230,160,64,66,62,54
128,251,239,164,69,91,86,75
162,324,313,216,76,103,91,75
88,145,133,103,76,100,92,75
97,146,137,104,79,102,95,81
95,146,133,104,68,68,60,55
88,173,166,130,54,56,48,46
107,230,223,143,62,61,56,51
128,210,195,140,65,69,61,48
148,337,316,253,52,71,68,58
112,176,165,127,55,71,62,60
104,190,178,129,94,108,92,89
129,244,226,160,89,108,95,87
112,243,236,179,84,101,89,82
111,190,177,148,71,96,86,80
117,206,196,144,73,96,90,75
79,103,92,77,50,64,52,53
166,286,265,200,71,75,69,69
105,186,171,136,63,81,74,66
128,237,220,165,76,78,68,67
104,160,153,113,67,84,77,69
72,132,126,100,60,72,67,54
104,158,146,121,82,105,95,83
99,154,141,105,77,79,67,60
109,148,140,107,61,67,58,55
87,152,142,108,74,102,95,80
150,267,251,177,101,121,110,93
114,185,176,131,72,96,93,75
107,187,175,132,85,110,101,91
125,190,173,141,72,74,68,56
93,148,132,91,65,76,70,55
98,179,163,120,70,78,71,59
103,161,151,123,67,76,63,62
100,158,142,109,71,86,76,67
119,200,186,144,79,105,98,79
127,214,195,150,77,90,81,73
83,127,116,92,49,48,43,41
86,159,151,112,74,92,87,78
97,191,182,150,58,63,53,52
93,163,156,116,57,65,60,56
95,138,128,99,52,67,57,53
112,160,145,113,69,71,62,54
131,278,263,194,70,100,90,78
107,153,146,108,83,111,98,78
124,194,185,135,70,83,78,67
101,185,175,133,63,79,71,63
100,190,175,134,67,81,73,62
127,246,230,176,74,88,79,68
137,283,262,213,63,64,58,53
95,152,136,108,71,85,73,71
149,349,335,250,81,85,78,73
111,181,169,124,63,78,69,58
84,127,119,97,68,88,80,74
94,170,159,127,96,118,111,88
120,214,202,163,79,94,87,77
72,119,107,96,95,111,99,85
131,220,205,169,75,83,73,71
134,282,267,209,66,93,86,75
112,164,152,120,74,89,81,72
140,270,251,183,98,119,109,88
130,257,246,193,60,65,60,53
91,134,123,106,68,83,75,66
99,157,148,119,73,71,65,61
77,122,113,87,83,130,121,105
98,135,124,95,80,88,82,69
116,166,154,117,81,89,79,70
109,215,202,166,69,98,87,73
104,152,139,109,63,87,80,72
123,218,207,152,63,80,72,66
148,245,226,171,64,71,64,64
108,184,170,130,56,64,59,51
110,165,156,131,79,100,92,71
135,245,234,176,69,86,74,71
123,177,163,126,73,91,82,72
118,234,221,158,86,106,100,81
101,164,151,114,56,63,57,56
110,176,163,120,82,97,88,72
127,222,204,160,65,78,73,58
126,208,191,137,77,105,93,85
85,131,120,97,75,95,83,74
85,131,115,83,77,91,82,79
101,159,149,106,90,114,104,94
126,223,203,151,78,101,89,83
118,227,215,145,81,98,85,72
109,174,155,125,88,107,99,84
102,182,173,143,84,105,94,87
97,189,172,139,63,79,72,64
136,254,239,179,63,71,62,59
103,159,147,107,83,104,95,86
127,229,219,171,68,89,81,70
101,169,154,109,68,84,72,70
135,256,237,183,85,90,78,75
130,226,209,157,68,84,75,70
102,185,171,125,74,89,75,69
95,125,117,89,64,63,52,50
119,190,179,122,59,65,59,52
117,205,194,141,53,56,50,46
112,208,190,148,86,95,85,72
112,179,170,123,58,60,52,54
116,181,171,112,60,76,74,64
110,179,167,132,69,96,88,78
116,196,181,139,82,79,66,69
118,161,149,131,62,74,63,62
110,153,142,118,54,54,48,46
108,141,131,111,84,95,86,78
97,125,114,92,85,90,81,79
112,166,155,114,49,55,50,51
131,205,189,153,70,96,91,75
110,204,192,155,63,71,63,56
98,127,118,91,62,63,56,53
104,178,166,130,57,63,52,55
91,140,133,99,67,82,76,62
101,199,190,144,76,89,85,75
59,82,78,65,81,126,119,97
95,129,123,99,70,100,90,79
110,189,176,115,72,81,70,67
97,159,143,115,86,107,93,76
120,202,191,144,62,72,66,57
143,244,225,168,58,90,81,70
107,215,204,156,74,80,73,66
107,203,192,138,61,67,61,59
120,243,231,178,67,97,87,75
97,207,193,140,55,64,54,54
132,213,199,141,58,75,73,60
114,163,150,119,62,67,59,55
92,144,134,94,77,105,98,87
144,259,248,173,73,88,81,69
139,302,290,213,79,87,77,66
140,233,220,177,77,83,72,67
132,274,254,186,61,71,65,57
144,244,224,182,69,98,86,82
101,168,156,123,69,91,85,72
98,181,169,121,89,104,95,82
151,273,259,202,69,80,72,66
108,191,176,135,79,106,100,83
124,231,219,148,62,79,71,73
141,251,226,171,90,107,96,87
116,197,180,137,83,102,92,76
97,192,179,133,61,81,76,67
83,131,125,92,61,65,55,51
132,260,242,200,46,47,43,36
106,185,175,138,57,53,46,45
136,212,198,168,74,87,85,65
136,248,230,177,62,71,64,63
125,243,231,169,52,64,58,53
96,161,150,125,85,98,94,82
154,305,290,222,62,77,73,59
93,121,113,86,79,94,88,82
140,259,248,173,64,75,64,61
84,119,109,97,75,86,76,66
115,223,214,163,62,76,70,66
148,261,242,193,63,69,62,56
136,260,247,203,83,103,93,83
88,144,135,100,75,95,90,76
118,211,197,136,82,121,108,92
117,198,183,154,68,71,60,64
103,186,173,133,80,99,85,80
114,204,197,134,58,66,61,54
109,177,168,133,71,85,71,61
90,130,122,94,75,80,76,65
119,200,191,143,75,87,78,71
123,206,195,146,80,91,83,76
118,208,197,142,95,109,98,78
92,143,127,113,57,73,67,60
91,168,159,134,80,103,92,77
111,178,171,132,77,92,83,75
124,214,205,137,65,69,57,62
86,139,132,104,74,89,78,70
107,177,166,130,82,93,82,72
115,208,201,148,70,88,82,76
105,171,158,122,65,69,59,54
99,188,179,146,67,75,65,57
139,224,205,151,77,77,65,67
142,251,239,188,84,110,95,92
99,165,154,120,58,61,55,50
95,180,165,135,66,81,75,61
89,166,150,117,77,103,96,83
118,178,161,128,78,88,78,66
120,215,195,155,59,75,68,65
129,248,240,166,60,88,82,76
168,305,286,213,72,80,73,63
118,190,176,135,70,70,61,55
115,206,198,137,71,107,100,81
89,152,140,107,51,60,52,43
105,187,182,142,68,81,70,71
123,192,174,151,68,76,66,60
136,275,256,202,80,99,82,71
71,110,100,85,88,115,104,95
107,178,168,129,82,95,84,72
172,329,309,233,73,89,79,72
101,124,117,95,67,77,74,60
97,137,124,104,74,85,79,65
123,193,179,142,76,87,78,74
119,188,173,144,82,92,86,71
115,180,163,123,70,87,80,72
108,172,154,111,86,108,99,90
144,222,197,149,79,88,82,66
135,226,215,155,74,84,74,69
118,204,192,150,60,62,56,45
98,194,183,144,63,82,74,62
124,221,209,152,84,105,91,87
120,256,248,178,69,72,65,59
110,189,179,147,83,113,101,90
110,222,214,159,60,70,66,55
83,158,148,97,64,90,84,75
118,184,166,122,55,58,55,49
94,150,139,108,74,92,85,75
141,254,238,180,59,70,65,49
103,204,200,151,73,93,85,79
139,288,273,213,72,90,83,79
110,211,192,153,61,66,61,55
128,207,197,135,67,91,87,71
139,214,201,145,77,119,112,90
122,219,206,176,57,62,55,51
139,225,212,165,64,77,67,62
127,193,179,137,64,78,67,61
99,179,168,131,63,75,65,61
80,109,95,79,72,99,94,74
148,275,263,190,70,83,79,70
116,188,179,145,79,89,81,76
117,218,205,135,71,83,76,72
163,292,269,200,62,75,68,53
102,133,119,102,48,58,51,49
139,271,252,189,74,77,67,64
103,175,165,131,86,125,112,99
130,232,213,174,76,93,83,76
114,175,166,130,64,64,58,48
87,122,112,93,65,82,78,61
97,180,171,136,69,82,70,60
142,243,227,177,71,81,77,65
81,127,119,82,57,67,60,56
125,201,187,157,77,93,81,67
137,215,208,172,68,89,78,74
130,234,224,172,71,100,97,71
87,112,99,84,68,79,70,63
103,170,158,121,80,99,86,78
80,151,143,108,48,61,57,44
134,214,202,146,84,91,77,77
125,223,205,146,81,116,108,90
118,179,166,128,83,106,97,80
112,197,184,143,68,85,79,66
107,164,154,123,74,80,74,63
80,124,113,92,82,92,85,74
104,135,120,106,61,87,72,77
111,260,250,186,71,102,93,89
122,194,182,140,74,75,69,63
107,205,192,162,65,68,57,50
97,112,106,88,79,85,74,72
157,302,280,203,80,112,105,85
126,218,210,127,63,67,61,55
94,123,113,97,80,99,91,84
102,178,160,118,72,92,84,79
128,210,186,127,65,75,70,66
121,207,191,127,72,93,83,72
123,215,206,154,59,60,56,49
117,188,173,128,60,70,62,63
112,195,183,147,68,77,67,64
146,271,256,202,83,102,95,80
90,112,106,79,58,92,84,75
113,196,191,161,53,62,61,46
111,189,180,143,78,81,72,68
127,200,185,139,73,102,94,83
95,158,150,117,70,95,86,75
103,165,157,122,64,81,71,66
129,308,294,227,70,90,82,70
81,144,135,91,62,62,56,50
186,355,330,234,60,69,64,59
148,251,234,179,90,121,106,93
131,252,236,174,68,82,76,61
111,179,173,120,80,85,73,60
69,98,89,84,76,86,70,67
87,108,96,81,52,47,39,42
122,183,168,120,79,90,83,77
105,203,193,150,61,65,57,52
106,209,196,152,85,116,105,95
129,216,199,149,63,90,83,75
135,246,231,164,73,86,78,69
101,171,151,133,92,103,93,86
142,216,200,153,64,89,78,72
91,147,141,111,69,68,60,65
95,166,154,123,76,87,82,70
116,228,219,172,82,97,86,82
93,176,167,126,86,97,86,76
131,238,223,186,62,74,71,60
121,219,205,155,71,75,65,64
132,240,226,181,63,84,80,67
93,168,154,108,70,75,66,61
126,226,210,155,69,76,68,65
134,264,251,179,62,80,66,66
93,140,131,100,61,62,56,51
99,156,141,104,84,107,101,79
120,267,256,184,65,83,75,70
115,219,205,148,76,80,69,58
93,163,151,98,77,104,98,78
99,175,161,130,72,101,94,74
55,67,65,49,67,79,72,62
105,241,229,158,72,79,70,66
102,159,147,110,67,85,82,59
133,273,264,198,73,87,79,66
88,203,193,132,69,76,67,69
92,172,157,99,84,118,104,90
135,201,184,151,82,103,96,77
129,173,160,130,67,85,78,70
95,159,152,121,55,69,62,60
118,207,199,151,88,105,95,85
116,201,187,135,65,82,74,67
143,267,251,185,74,90,80,71
103,172,161,115,75,72,65,56
96,158,147,121,62,69,62,59
111,177,163,131,52,58,46,49
130,211,194,139,77,86,78,68
97,179,167,120,76,75,69,61
153,289,272,209,60,84,73,67
99,158,154,106,67,67,58,51
119,207,195,140,91,107,101,83
144,249,235,195,81,103,93,80
91,151,139,111,86,98,89,69
151,286,268,210,86,128,116,103
134,243,229,181,59,72,68,55
121,193,179,141,62,68,59,63
136,259,243,176,54,73,64,63
135,264,248,181,63,80,76,60
121,214,198,159,94,113,105,85
125,210,193,149,68,79,75,68
109,219,205,153,62,81,76,64
148,294,276,200,77,100,92,75
94,231,219,151,75,86,81,67
114,195,182,138,71,95,82,71
144,261,245,190,79,96,84,75
121,232,220,175,77,82,74,64
139,270,257,202,75,91,79,74
130,220,211,160,81,104,98,82
77,135,123,91,72,87,81,69
92,165,160,120,78,86,73,64
97,160,148,110,73,85,77,65
108,187,176,128,73,93,85,73
120,222,210,163,65,78,71,60
102,192,183,127,84,124,118,96
137,252,239,195,56,67,59,51
133,223,206,163,72,87,82,68
97,168,158,118,74,84,77,67
75,111,101,81,71,97,90,74
143,236,221,165,74,90,79,70
103,196,183,117,89,131,121,101
102,160,154,120,64,76,65,57
121,251,235,169,69,73,67,60
114,215,209,169,79,108,98,86
167,335,317,241,63,62,53,52
140,224,209,144,57,61,55,53
126,266,253,188,81,95,89,68
114,219,202,169,77,89,77,69
92,186,176,144,73,85,71,64
109,187,175,134,68,95,89,73
133,228,215,162,63,67,61,50
129,199,186,141,67,75,65,58
116,197,181,146,95,105,99,92
132,244,226,169,79,101,93,80
140,247,240,177,80,85,76,71
110,181,169,137,72,85,78,68
137,262,244,194,90,113,106,81
88,194,188,139,65,83,79,65
115,178,162,124,83,96,87,76
119,203,192,148,76,84,79,68
125,233,226,153,75,83,68,71
112,209,203,146,65,71,62,58
140,282,270,199,101,126,114,94
112,200,182,141,63,86,81,58
119,277,265,200,63,77,68,67
116,239,222,187,57,78,75,67
114,221,207,156,66,94,81,76
114,174,160,121,91,124,112,102
104,165,161,124,75,86,78,71
102,177,167,131,68,91,86,74
86,137,126,95,81,110,104,80
110,163,157,113,68,71,62,57
112,207,195,150,77,94,88,78
88,126,114,103,78,93,87,75
86,130,122,94,75,89,78,69
75,129,119,97,76,99,93,78
103,204,196,138,52,68,58,60
159,391,375,284,57,80,73,67
118,204,191,138,70,82,71,63
101,168,156,129,60,70,65,51
127,194,181,153,72,87,81,71
111,172,163,110,64,65,59,57
136,219,207,154,68,79,69,63
115,225,208,149,78,101,97,70
108,207,193,138,84,116,104,95
125,229,217,160,82,104,95,82
102,150,136,105,87,117,111,97
107,197,183,148,59,79,71,69
135,278,264,186,61,67,60,48
102,146,133,105,57,67,60,59
131,286,273,208,81,99,90,82
129,240,232,181,76,88,82,67
173,356,331,267,66,61,56,55
95,162,155,129,67,73,71,59
142,258,246,187,64,69,60,56
188,363,350,258,84,112,105,86
112,170,155,129,74,77,64,60
147,256,239,193,57,65,60,54
112,191,176,144,65,70,59,53
110,174,164,123,75,114,105,86
133,215,200,153,73,95,89,79
91,187,169,131,71,78,69,67
85,133,123,113,77,84,79,69
116,195,178,145,74,70,58,56
125,205,195,143,72,94,89,77
107,181,164,125,69,72,61,67
105,179,170,120,70,96,88,70
102,193,181,135,83,89,85,73
109,166,155,116,60,76,69,59
115,177,162,108,69,85,78,66
102,213,202,140,77,80,72,67
145,260,245,190,69,87,83,66
111,272,252,184,72,88,82,75
103,166,156,116,72,94,87,78
107,188,174,131,64,82,75,62
132,244,229,178,61,87,84,73
134,237,224,182,58,80,73,63
93,142,131,97,80,101,93,71
111,185,174,133,61,65,60,55
103,167,151,133,59,73,69,65
113,179,162,130,79,96,89,74
126,232,217,160,56,61,57,49
135,225,213,159,73,88,80,66
100,158,149,117,66,90,85,72
137,188,175,130,61,57,52,45
168,305,279,206,63,99,92,79
132,257,244,195,68,74,63,55
187,310,301,217,85,109,99,82
117,212,200,156,91,107,91,79
88,133,127,94,64,81,73,65
96,160,149,103,68,81,71,68
123,230,215,176,82,90,76,67
115,185,169,131,66,76,70,66
107,156,145,109,64,76,70,63
107,159,139,120,71,75,67,60
102,189,179,138,61,67,61,58
119,231,221,161,72,96,87,79
92,217,206,165,70,82,74,62
144,283,274,186,77,85,69,69
111,188,173,140,77,100,94,84
111,174,158,121,77,96,89,74
106,192,183,141,75,87,77,65
126,213,199,152,68,88,77,73
82,131,125,87,63,71,63,56
89,167,160,125,67,91,83,74
152,315,295,228,71,82,72,66
92,129,125,95,46,50,47,38
119,242,225,164,64,67,59,59
118,201,189,154,61,76,64,54
101,153,140,108,60,82,73,68
118,226,214,144,74,88,82,64
116,188,176,126,67,76,64,63
129,206,195,151,81,92,82,73
136,212,197,144,64,89,81,74
147,321,303,235,76,82,73,67
136,238,223,180,59,78,67,65
72,85,79,62,71,87,76,71
117,169,154,118,70,91,86,70
99,190,180,137,79,88,71,63
84,151,138,117,68,85,74,64
145,247,233,173,73,110,99,90
122,253,234,176,64,81,73,60
123,160,145,129,67,86,83,65
145,260,237,179,76,91,86,69
115,166,156,125,84,108,98,84
159,299,284,207,67,92,87,76
99,163,154,118,68,81,72,66
135,211,195,150,78,92,84,84
118,173,161,123,77,100,90,88
115,168,160,112,66,66,57,48
111,182,167,123,67,86,81,58
106,148,136,95,58,66,56,57
85,158,146,114,64,83,79,71
112,216,202,144,73,89,81,70
130,231,211,166,75,89,80,65
115,247,237,182,79,83,74,70
102,215,203,164,86,111,98,86
109,206,190,149,76,93,82,78
107,164,147,114,58,70,64,55
138,212,197,147,66,75,70,66
125,226,214,161,92,126,118,101
109,182,166,128,59,70,64,49
101,175,162,139,71,80,70,69
133,259,235,179,73,62,54,52
95,130,115,85,69,76,70,55
147,247,236,185,63,66,60,47
118,188,175,138,64,66,58,47
107,188,173,139,92,102,96,80
111,213,198,151,67,86,79,67
114,215,210,155,91,110,105,82
98,172,162,136,91,113,107,93
119,237,226,180,78,108,95,83
159,297,278,225,74,84,78,69
112,173,165,115,82,109,98,80
121,215,197,165,67,84,73,67
106,179,166,118,85,102,96,87
81,107,93,83,62,76,65,59
101,157,141,109,70,106,96,77
106,169,156,112,57,52,45,49
105,171,155,121,67,91,83,63
116,187,170,139,61,84,73,60
104,164,157,119,86,112,103,87
141,241,229,172,75,90,85,71
100,132,119,98,72,90,82,69
102,171,156,124,72,76,64,63
127,225,215,155,68,81,68,59
87,157,146,123,75,82,70,57
92,165,153,113,52,81,75,61
127,206,199,133,49,78,74,55
102,150,142,111,72,87,83,77
103,170,163,119,69,78,72,63
129,224,207,158,63,69,57,52
126,197,180,131,53,66,57,51
114,208,195,150,86,102,91,74
127,278,263,195,73,87,78,74
87,147,139,98,59,72,62,59
133,211,197,161,70,84,71,71
89,172,157,130,65,77,68,62
100,196,182,140,62,77,64,62
103,204,194,157,66,93,82,67
114,194,187,149,66,73,70,58
146,288,275,206,73,99,93,73
133,200,183,137,75,82,74,72
96,189,176,130,69,84,75,69
109,208,197,148,85,113,104,82
117,185,168,127,88,90,82,67
94,217,205,158,70,86,78,65
116,208,191,163,57,63,57,42
101,174,164,117,92,115,105,83
126,276,260,202,83,103,89,84
128,193,171,147,76,91,82,63
128,219,212,162,74,87,82,71
101,167,158,113,64,82,75,67
100,163,149,130,60,79,69,58
93,176,160,133,62,70,63,55
109,195,181,146,79,118,113,90
101,173,163,112,55,63,61,56
140,260,243,190,65,68,61,56
148,323,308,225,70,85,72,60
92,145,138,99,49,60,56,46
95,156,144,126,85,94,87,78
130,220,202,151,62,79,72,69
125,225,213,151,70,78,70,55
137,248,233,175,61,67,62,48
97,182,170,129,45,42,36,36
120,243,229,188,56,74,66,57
134,262,246,193,71,90,81,70
107,170,159,126,79,81,73,67
154,237,226,168,72,90,84,65
121,243,226,195,79,98,84,80
108,219,207,171,84,94,88,83
132,274,259,192,85,99,88,76
116,197,188,145,55,69,63,57
135,193,180,131,62,62,50,51
100,193,180,137,65,64,58,51
104,196,181,142,74,79,71,64
118,227,212,170,59,71,63,51
115,182,171,136,64,77,71,61
114,245,233,167,92,112,104,92
117,199,179,144,70,98,88,76
97,124,116,97,69,91,84,82
80,129,116,97,76,91,83,75
78,116,113,92,59,77,70,63
118,186,177,125,70,81,75,66
83,122,114,89,65,71,59,62
97,153,141,108,62,78,66,68
133,241,225,180,64,90,84,66
122,213,193,133,69,70,63,58
90,182,170,137,64,65,55,54
99,160,150,115,96,119,112,103
104,144,134,102,70,82,73,67
136,240,223,162,72,81,77,61
100,176,162,118,70,87,79,66
91,163,154,122,84,102,85,79
98,160,146,115,53,56,52,43
102,165,155,114,54,58,50,47
138,286,275,186,72,74,63,56
144,270,257,180,71,93,83,71
103,152,141,121,68,90,84,74
144,315,290,230,67,74,72,58
122,210,194,147,71,72,58,57
117,231,215,152,67,89,78,68
108,192,179,127,77,81,69,65
149,288,270,200,69,85,79,67
122,216,199,166,62,70,65,58
95,155,142,108,64,73,68,60
155,320,302,230,69,69,59,56
99,141,125,112,86,102,96,77
123,184,170,125,64,81,72,69
102,157,149,103,80,109,98,86
97,190,183,138,76,84,79,62
119,201,188,137,89,118,108,80
132,256,237,192,49,66,58,55
105,207,193,153,73,84,76,65
87,138,125,88,68,75,72,59
139,282,268,188,65,73,67,59
88,135,122,102,79,86,76,66
108,166,155,123,77,87,71,72
133,281,261,197,67,85,79,68
129,211,194,153,73,85,75,73
98,174,169,119,70,83,73,71
105,192,177,138,76,99,92,81
152,297,287,223,97,110,100,88
108,169,160,119,68,95,87,77
142,200,189,156,81,96,92,70
92,162,149,102,66,96,91,80
109,194,174,132,60,67,56,49
72,115,107,90,62,72,63,56
103,205,197,159,64,62,56,47
89,130,119,89,76,96,85,74
123,206,193,143,72,86,76,70
141,243,224,159,83,117,112,95
115,236,228,175,59,63,52,48
97,152,143,111,90,112,101,93
91,148,141,101,92,136,117,103
106,180,167,119,70,94,88,69
98,144,133,90,85,101,90,82
161,324,305,220,78,92,84,79
109,171,155,103,63,76,66,61
113,237,225,150,65,80,69,64
141,284,260,193,74,78,67,62
107,161,146,119,70,73,65,58
100,185,173,126,67,63,55,54
94,189,176,133,73,83,73,68
105,180,166,129,84,94,82,78
95,157,148,117,68,85,76,67
81,118,108,82,90,122,108,98
97,137,128,96,97,114,108,89
78,145,138,88,45,49,45,46
121,228,218,165,59,63,56,49
74,101,93,80,74,92,82,75
131,241,232,171,62,76,70,59
90,145,136,106,64,64,58,58
108,174,163,124,74,79,72,63
90,179,166,140,76,107,96,86
126,289,273,209,78,84,75,67
127,249,243,156,69,72,63,62
106,166,150,119,93,105,98,82
139,273,257,197,84,111,105,86
100,193,184,138,80,94,82,78
98,136,124,97,63,63,52,52
103,179,164,124,85,109,102,84
120,181,170,138,99,132,123,101
126,245,235,174,67,79,70,64
108,175,162,123,71,81,77,65
114,212,198,142,58,66,63,57
112,218,211,152,66,91,80,75
111,205,193,144,76,116,106,89
100,176,165,137,89,105,95,74
158,221,203,171,58,94,87,70
100,157,146,106,87,107,99,84
101,191,178,131,86,106,94,90
145,263,246,180,77,89,85,78
143,296,277,220,81,111,105,87
135,227,212,169,60,77,73,56
111,201,188,140,64,78,68,58
147,296,277,205,70,84,76,66
108,187,172,126,79,87,82,67
108,176,166,126,72,86,75,66
104,163,148,122,65,70,63,58
107,219,210,163,64,75,69,58
77,123,117,81,77,86,80,69
141,219,202,157,74,94,89,77
142,258,243,162,87,111,96,85
96,168,153,128,81,94,88,72
145,258,239,181,76,79,73,68
115,185,174,129,68,77,70,65
208,354,329,253,72,99,92,84
118,197,189,133,65,71,62,63
110,174,159,122,69,79,69,66
145,260,248,188,77,106,100,85
115,162,145,125,75,91,81,75
99,173,162,121,54,59,54,52
186,343,327,249,62,84,80,72
114,196,183,128,63,76,69,66
121,236,220,136,86,136,125,101
106,190,173,134,62,80,73,67
116,213,195,157,67,83,73,69
107,187,176,139,75,94,81,72
118,217,199,166,84,107,92,85
121,270,258,189,84,107,102,78
108,186,181,139,86,104,94,82
126,212,201,147,64,64,55,46
126,165,152,122,54,52,47,43
100,141,129,103,89,104,92,84
97,166,159,123,86,105,99,85
113,223,202,160,72,86,82,71
129,248,229,176,77,97,89,85
95,166,153,115,59,69,63,62
100,129,115,102,64,74,67,58
143,232,220,152,79,83,73,72
92,201,192,147,68,83,69,72
102,168,165,128,93,123,119,86
94,155,139,115,79,88,76,70
130,240,229,185,66,72,66,63
105,231,218,189,83,99,92,82
113,175,165,142,63,72,68,64
132,254,241,177,78,109,108,88
66,85,76,63,63,83,75,61
125,262,246,191,86,111,100,88
119,238,224,173,85,100,88,79
98,137,122,102,72,101,89,78
153,271,257,202,93,123,114,99
115,244,226,166,70,94,85,71
115,211,192,149,70,98,86,78
85,138,124,97,88,113,102,90
155,284,271,208,73,87,81,68
84,136,123,104,90,95,81,71
125,225,203,152,68,73,63,58
112,197,184,134,69,84,73,67
145,269,249,194,89,103,99,87
123,228,218,161,74,93,87,78
135,242,224,168,52,75,71,55
99,151,144,101,68,78,74,56
76,107,89,82,71,83,81,66
116,178,169,134,59,62,54,45
117,221,207,177,81,85,76,68
96,140,134,104,82,98,89,71
94,186,175,132,73,89,77,66
113,268,263,190,66,75,71,61
127,246,233,169,81,90,82,73
108,168,157,127,66,71,67,56
107,156,147,115,79,98,84,73
123,199,181,145,76,88,82,76
134,227,208,168,80,96,87,71
123,201,187,148,99,115,107,83
112,161,146,111,85,92,80,70
116,200,189,148,72,84,74,70
59,69,62,58,76,97,91,71
126,227,212,164,66,92,82,74
102,193,180,121,64,70,65,55
111,188,171,122,56,59,53,46
123,235,223,163,91,110,93,84
87,115,110,90,68,78,70,67
109,212,201,160,46,59,53,53
89,183,166,117,69,109,103,86
88,142,134,108,73,91,83,63
104,172,156,123,69,81,74,58
97,127,116,81,76,98,90,81
104,217,202,172,61,83,77,64
118,205,192,158,68,85,77,70
142,217,204,158,59,67,58,58
119,204,194,140,75,100,84,78
88,142,129,93,66,89,79,78
136,259,245,178,69,75,70,61
91,154,141,104,69,82,76,67
100,147,127,111,52,62,58,54
119,226,215,165,58,63,55,55
82,127,120,101,79,96,85,78
87,146,134,105,59,75,67,67
156,294,271,207,67,90,86,73
100,188,182,137,54,61,55,45
123,275,258,197,53,58,53,49
98,161,150,118,68,89,78,67
81,137,124,93,63,65,59,54
137,270,251,210,65,67,64,52
96,146,138,109,60,71,60,57
108,143,127,114,66,57,47,50
110,175,162,131,61,64,60,51
132,250,236,177,82,88,85,74
107,190,179,146,76,87,81,70
124,204,190,146,66,89,83,69
82,138,126,106,81,91,83,76
103,143,130,115,82,84,74,67
104,140,129,98,76,88,82,74
108,179,167,130,68,87,78,73
114,222,208,163,74,93,84,75
107,161,147,110,76,103,96,77
88,181,170,134,66,91,85,67
103,204,195,157,63,88,78,73
117,235,224,187,76,84,76,65
149,231,213,163,63,89,81,71
83,115,106,84,56,67,59,57
103,211,203,155,56,73,63,58
98,142,135,114,74,96,80,74
150,278,267,206,69,89,79,74
72,124,118,76,75,95,83,78
122,183,171,125,55,67,63,55
108,210,199,146,66,83,74,66
115,221,207,154,71,81,67,63
72,114,106,71,71,80,71,69
123,253,240,179,82,95,88,73
143,288,268,201,81,96,86,69
115,194,176,140,89,107,99,85
183,306,279,226,69,69,61,57
86,131,125,92,68,99,96,82
135,251,232,194,59,70,60,53
138,241,223,166,82,100,95,79
132,233,220,162,75,92,84,75
139,283,270,190,77,99,88,76
134,223,199,169,73,97,95,77
94,151,142,119,68,75,66,57
154,256,235,195,91,114,105,87
106,208,197,138,81,121,110,96
123,204,195,151,62,85,82,67
114,193,181,141,64,76,72,68
102,167,151,125,44,48,44,41
170,273,263,190,59,69,62,55
134,247,231,164,61,67,60,56
139,262,255,203,82,94,85,69
100,168,154,114,52,75,69,63
134,267,247,184,61,60,53,46
122,208,197,145,88,106,99,83
77,121,111,93,67,68,58,56
125,212,196,151,67,73,68,64
87,120,106,95,70,82,75,62
104,163,145,128,52,70,63,54
136,260,242,187,75,87,76,76
105,186,177,156,65,79,70,64
149,227,210,155,67,76,68,65
121,171,155,127,71,77,69,61
93,170,152,126,71,76,69,63
118,176,165,125,58,80,74,68
99,159,151,127,67,78,70,65
94,168,156,119,51,51,42,43
69,106,97,81,68,86,77,69
121,236,225,189,78,94,83,75
86,141,122,114,73,84,76,69
114,195,187,134,71,97,86,83
115,190,171,142,74,87,81,72
104,224,217,163,61,83,73,69
131,252,236,186,89,112,105,84
103,176,164,130,63,74,63,53
70,110,104,84,68,66,58,62
81,126,114,97,75,85,78,75
98,145,133,105,84,107,100,85
141,268,250,191,57,66,61,54
132,258,247,178,60,74,68,63
121,236,221,181,57,67,64,58
133,230,212,171,62,81,74,56
100,167,157,116,64,79,71,65
94,138,129,103,88,107,99,80
116,254,247,168,73,84,76,69
113,173,158,124,73,88,85,67
97,153,142,125,75,76,70,60
113,186,169,127,100,114,101,92
121,187,179,124,69,108,100,85
89,136,119,111,71,109,100,89
124,220,209,164,87,100,85,76
90,149,138,98,71,75,67,57
122,181,170,136,71,77,69,67
110,185,175,144,84,97,90,79
121,221,204,146,52,58,53,46
100,182,172,126,68,75,68,63
148,285,267,190,103,122,117,99
80,136,130,107,75,92,86,72
107,205,193,155,64,75,69,63
146,256,242,190,55,65,58,49
107,195,187,147,86,110,101,89
127,223,208,159,64,76,71,57
118,194,179,130,80,89,81,72
81,117,110,96,71,74,66,58
94,143,133,107,63,82,74,60
104,157,143,113,78,99,86,81
109,202,186,141,74,85,76,66
92,133,124,100,96,121,116,91
68,104,97,84,65,77,67,64
84,147,135,110,56,70,62,55
97,151,139,115,70,82,79,64
91,164,158,127,53,69,58,59
134,271,260,224,68,79,71,68
100,203,188,162,75,78,70,59
133,255,236,180,90,114,108,89
112,233,217,160,66,77,67,65
100,138,119,99,63,74,66,61
126,216,207,151,74,79,74,61
156,312,297,241,76,90,82,69
119,213,202,163,58,74,68,63
104,190,178,135,81,120,111,85
99,118,104,80,87,107,99,89
92,172,164,116,70,72,64,59
151,287,274,207,72,85,73,61
102,136,127,98,71,85,77,65
117,220,209,146,68,75,63,61
89,125,115,86,72,83,74,67
77,149,141,114,61,63,59,53
139,247,234,167,88,99,84,80
102,217,210,156,88,100,93,74
125,234,221,168,53,59,56,48
108,172,161,130,78,76,66,58
120,196,188,140,95,112,100,87
73,113,100,73,67,94,87,75
139,255,243,176,86,99,90,79
94,175,165,133,74,82,69,62
105,191,182,127,60,77,66,50
122,216,197,153,59,69,58,56
126,207,194,159,76,106,100,90
143,250,238,176,60,75,68,61
151,249,233,188,55,62,53,54
99,182,171,136,45,50,48,44
85,143,131,97,66,77,71,65
148,269,240,171,61,66,57,55
145,294,277,223,65,75,65,58
111,169,158,122,77,76,67,64
158,328,307,221,64,65,58,52
110,217,204,142,53,58,49,49
117,185,178,144,66,90,84,72
89,138,124,101,74,84,78,65
115,183,169,131,76,86,76,72
129,239,225,175,86,98,91,78
107,186,175,113,58,60,50,50
87,140,129,110,72,93,88,74
119,187,178,134,91,114,102,83
88,159,151,114,65,85,77,70
104,163,153,109,80,95,87,72
122,231,216,154,73,72,64,55
102,191,177,154,71,80,75,71
115,199,187,154,77,102,95,85
116,208,196,169,69,90,80,77
116,228,216,158,65,71,66,58
91,159,151,118,65,78,69,67
122,257,242,191,75,85,78,70
142,244,235,167,84,96,83,82
112,232,218,165,69,79,72,71
93,128,114,96,68,85,77,68
147,307,289,199,66,86,80,72
139,255,240,162,76,84,76,69
121,224,208,158,66,86,76,68
111,196,184,129,90,110,104,94
130,216,203,162,89,109,100,84
114,177,169,128,49,65,61,53
107,188,181,137,77,87,80,70
114,212,194,151,86,98,96,79
145,267,254,188,65,80,65,69
129,206,191,159,75,96,85,78
136,262,247,168,74,101,93,81
134,217,201,139,74,80,67,66
136,235,216,169,90,118,106,103
143,246,230,194,51,64,55,51
119,221,211,159,65,81,72,64
163,273,247,185,68,110,106,86
101,169,155,123,60,72,65,59
102,176,162,125,66,90,83,77
100,178,172,137,62,70,62,56
177,292,279,210,84,115,105,87
119,209,198,142,63,70,63,52
115,193,178,138,64,80,69,67
79,127,123,93,65,83,72,62
113,189,172,130,58,70,62,58
121,215,198,155,54,49,42,44
126,191,171,124,77,92,86,72
120,224,211,162,71,93,84,70
103,171,159,121,56,71,67,55
115,167,156,130,85,106,88,78
123,199,181,143,62,80,73,55
131,289,277,206,72,87,75,76
88,134,127,97,82,94,84,76
140,224,208,168,68,88,84,71
89,127,114,99,75,92,82,69
