140,248,228,170,67,90,84,73
89,135,120,102,75,78,74,62
91,122,110,88,49,46,42,38
88,135,122,111,72,72,64,61
146,270,246,206,56,67,57,56
118,186,171,129,78,79,66,64
130,239,222,168,58,66,60,52
107,175,162,136,55,78,70,57
138,279,265,178,85,85,69,72
141,242,223,169,73,83,71,68
114,204,194,140,62,81,74,64
96,150,142,119,78,104,90,84
90,116,110,80,65,79,73,63
129,209,196,131,59,66,60,52
140,216,204,167,64,94,85,75
130,294,274,212,79,88,80,72
132,261,250,206,73,93,83,80
142,228,212,143,62,76,70,61
119,202,192,146,83,94,90,68
96,153,144,115,80,89,78,68
91,164,154,111,75,96,83,73
102,147,135,108,75,113,102,83
84,146,136,116,64,79,70,64
110,239,224,144,66,84,76,69
93,189,181,148,71,75,67,62
138,266,251,190,63,72,66,61
159,342,328,246,75,102,95,86
167,327,309,245,87,104,97,80
163,354,339,254,64,72,65,62
114,222,205,142,80,92,89,68
111,199,186,154,62,79,73,71
122,188,172,138,76,85,78,65
125,269,256,192,80,108,102,86
110,181,171,134,61,59,52,50
102,197,186,146,59,61,53,51
110,235,221,174,61,65,55,50
110,198,184,146,52,63,54,53
90,125,113,89,63,71,68,50
127,238,226,167,102,137,123,107
114,163,150,121,61,78,70,67
156,305,287,207,61,68,64,55
105,165,153,115,62,72,59,57
84,127,121,95,75,107,95,79
119,206,189,158,63,81,78,67
83,155,146,126,76,90,86,73
141,252,243,170,73,81,76,67
143,257,242,187,70,99,92,84
132,210,194,160,62,84,78,65
105,149,139,109,69,73,60,64
90,129,115,97,64,74,70,56
123,223,206,156,65,63,56,54
151,251,237,177,74,84,76,68
108,176,162,126,64,61,56,50
83,139,128,88,70,77,71,61
143,293,268,223,68,89,81,69
99,156,149,115,74,98,91,84
88,171,163,113,74,77,72,62
103,169,155,110,78,85,76,70
106,181,169,106,81,92,85,74
95,123,115,92,83,103,96,76
128,206,192,134,69,77,71,58
119,243,232,172,75,92,83,74
110,257,246,195,53,49,44,34
139,236,221,178,72,108,103,90
126,194,184,143,63,72,66,62
124,226,209,151,61,67,59,58
89,143,132,108,65,72,69,59
106,186,173,130,66,72,63,53
88,142,135,98,79,79,69,67
113,235,223,167,77,85,82,67
97,154,150,108,73,92,85,76
83,146,134,108,71,82,72,73
106,184,175,144,54,54,50,46
113,214,202,144,97,111,101,79
104,145,133,102,55,78,75,60
146,246,232,175,70,73,70,57
110,231,219,177,69,101,96,81
94,153,141,115,87,101,95,89
124,202,175,140,49,72,68,62
121,235,227,179,71,88,81,74
97,161,150,113,56,82,80,67
114,209,195,157,77,83,78,61
136,245,236,183,72,82,77,65
185,374,355,264,65,80,76,63
109,202,192,159,64,76,71,64
149,313,299,219,96,108,102,87
98,175,164,131,81,92,75,76
137,228,211,164,62,64,61,52
112,171,160,127,69,80,71,63
116,205,191,146,80,96,89,68
94,141,127,112,70,80,69,64
115,196,187,139,74,115,105,91
105,140,124,97,73,92,82,76
100,182,170,120,67,80,73,61
90,142,133,106,62,88,83,73
129,238,227,161,90,105,99,73
100,180,171,131,68,74,68,57
134,213,200,159,61,76,73,58
145,253,236,178,53,61,55,45
99,161,151,111,69,84,74,72
118,215,203,170,69,71,67,59
110,169,160,116,47,48,40,41
158,329,316,220,90,99,84,77
132,288,274,201,74,77,66,66
79,125,115,90,76,81,75,59
140,257,241,181,73,81,75,65
101,150,144,115,76,78,66,67
91,133,129,103,76,91,83,72
119,200,188,142,60,64,57,53
106,182,174,121,82,80,77,65
182,385,360,288,49,45,40,39
116,191,172,150,71,88,81,67
102,182,168,115,79,97,92,74
126,268,251,193,83,110,101,93
130,235,228,134,90,91,77,74
139,222,209,165,82,94,81,71
80,128,114,91,65,56,44,49
109,191,169,151,70,101,94,78
85,147,140,107,57,52,43,46
119,200,186,155,64,79,72,69
114,207,195,150,66,89,76,70
86,117,101,83,77,96,88,85
70,113,105,87,59,63,59,50
109,182,174,120,60,66,57,51
142,317,302,254,58,63,59,52
102,182,171,122,51,68,61,61
115,182,168,126,82,106,99,82
116,142,127,100,67,78,69,60
106,171,159,134,66,77,71,63
138,250,236,167,60,64,55,53
132,226,211,158,88,104,92,89
106,207,197,135,75,86,78,75
129,218,203,138,64,65,57,51
105,154,146,112,71,69,64,59
114,155,147,106,70,75,62,61
134,192,178,140,66,65,60,51
73,107,101,78,66,77,66,64
98,205,195,142,70,82,77,69
94,218,201,140,65,76,69,63
119,219,201,156,72,85,78,67
73,147,137,108,68,85,78,68
97,138,130,103,92,94,91,76
113,201,190,142,70,80,72,67
99,176,166,130,76,93,79,79
86,117,109,90,55,68,63,56
108,176,161,128,73,91,80,68
117,230,217,165,87,100,88,83
99,142,132,103,71,84,75,71
82,128,115,101,69,78,73,66
104,194,179,153,63,92,82,75
119,215,202,154,75,84,75,67
112,186,169,141,67,76,69,63
163,290,271,221,60,81,77,69
91,163,157,122,61,76,70,64
122,208,198,148,76,90,74,72
89,151,136,107,66,78,71,61
85,149,141,108,57,74,64,58
120,203,193,149,73,98,88,82
157,283,259,204,70,93,86,78
98,182,173,129,65,72,67,67
125,241,228,168,72,82,70,64
103,230,207,130,88,119,108,97
105,216,201,157,80,93,84,71
112,248,241,190,69,79,70,65
116,220,210,171,74,79,68,64
126,211,194,152,57,67,58,52
90,156,147,112,66,81,73,65
106,207,193,152,77,105,98,88
99,171,159,126,58,79,73,64
90,137,127,90,76,82,73,73
137,255,234,187,55,57,49,47
106,172,153,127,76,94,86,74
137,260,244,201,76,89,80,75
111,188,179,136,75,95,83,69
140,270,252,203,64,72,63,61
128,242,223,178,62,63,54,50
120,229,212,168,60,69,59,59
124,209,196,154,69,87,75,71
116,232,220,166,70,72,64,59
111,171,161,109,60,79,71,66
136,266,254,199,67,87,76,69
125,227,210,162,63,83,75,67
133,203,193,151,74,82,72,69
132,219,204,162,51,63,61,50
105,189,179,155,68,80,74,64
118,212,195,168,71,82,74,71
102,173,162,119,67,76,70,67
94,129,118,102,80,87,82,66
108,169,153,109,72,85,77,69
96,181,170,133,54,60,53,48
117,198,184,142,69,82,72,56
124,190,172,137,70,73,68,63
117,173,165,135,85,90,79,70
100,162,154,137,63,77,68,66
109,179,166,125,63,74,65,60
102,180,167,129,60,68,53,52
118,220,211,160,55,52,45,41
112,202,190,136,71,67,59,56
121,235,220,173,62,72,65,55
123,210,191,135,66,82,76,64
103,208,195,139,64,87,83,62
113,218,209,140,56,59,56,47
128,232,222,156,72,76,66,59
165,342,325,234,50,60,52,55
86,143,135,95,64,77,65,66
114,232,216,157,48,51,46,38
132,212,196,141,57,68,60,56
134,183,165,132,80,94,83,69
117,174,158,125,60,75,69,62
126,199,189,142,69,78,71,70
109,247,233,189,55,74,68,68
108,191,180,144,49,53,48,45
130,234,222,181,82,109,101,91
110,189,176,143,76,98,87,79
107,166,149,106,62,70,64,57
96,159,139,118,68,72,65,56
143,297,280,212,51,72,65,56
105,182,166,137,83,94,86,75
102,162,155,120,61,79,73,69
123,229,215,156,67,74,61,63
91,166,156,129,54,59,53,50
112,202,188,154,64,82,76,64
84,144,133,114,66,67,59,54
111,196,179,151,59,72,64,62
126,212,197,149,74,84,73,66
135,259,241,191,79,90,79,75
146,231,213,171,72,77,65,60
104,158,148,98,62,69,62,61
135,240,227,152,82,101,91,79
97,148,143,110,61,67,55,55
103,164,153,123,76,100,93,78
91,182,172,117,67,69,58,54
102,183,178,145,56,60,53,47
129,202,190,140,64,71,61,56
98,146,136,109,89,112,104,88
109,198,186,143,69,76,66,61
141,241,228,159,77,102,93,79
118,252,245,193,58,60,56,43
132,238,227,161,75,87,76,70
115,173,165,127,67,95,83,68
110,211,202,161,76,87,74,73
122,233,220,165,66,69,64,63
120,185,173,128,73,94,88,66
142,238,222,170,74,99,92,77
150,282,272,208,68,75,68,61
98,133,127,98,81,109,98,87
100,159,146,123,60,74,69,60
135,226,214,160,61,75,66,63
108,222,208,155,61,72,65,59
124,222,208,155,70,90,82,69
85,125,111,96,64,79,67,63
96,135,127,98,63,78,67,57
122,263,245,186,70,86,75,73
102,149,135,101,85,103,88,82
75,134,128,97,75,90,80,70
130,227,219,171,63,84,76,70
126,184,169,125,73,85,77,74
124,242,229,153,76,88,80,72
107,231,221,158,59,76,73,63
132,218,207,164,55,66,59,54
112,240,229,191,82,101,94,73
127,208,191,147,69,75,65,61
140,289,269,212,85,88,76,75
113,189,180,144,68,81,71,70
98,175,167,121,74,77,69,62
112,184,169,134,70,79,72,68
99,161,149,110,64,88,80,74
104,158,147,121,83,113,107,89
100,190,174,116,82,98,90,76
132,279,266,204,83,107,97,79
99,160,153,117,62,71,61,62
78,135,125,94,66,79,72,70
120,240,224,187,74,81,74,67
110,227,214,152,69,88,86,64
94,163,155,133,70,81,76,60
144,283,267,173,71,63,51,50
109,204,195,142,60,65,58,54
118,204,184,141,80,104,90,84
111,168,153,120,62,68,60,56
115,184,176,128,68,76,70,59
113,202,189,153,79,81,71,67
128,259,247,197,74,83,80,73
118,177,163,124,56,66,58,54
120,226,208,174,68,72,67,59
110,220,210,151,64,74,65,60
110,161,143,116,78,78,69,59
90,170,163,106,73,86,78,71
112,203,196,140,87,97,92,77
111,182,170,138,51,54,52,51
121,209,195,134,71,89,84,73
143,314,294,217,81,102,95,84
85,161,151,115,68,85,81,73
81,119,105,91,63,77,71,70
89,151,140,110,49,58,53,41
105,147,135,118,79,89,82,74
150,262,244,177,72,95,81,79
142,253,237,192,68,66,54,57
130,238,222,167,77,98,93,74
95,124,111,89,80,76,70,64
125,208,194,156,80,92,85,80
116,203,189,155,67,67,63,51
129,215,199,162,69,85,78,63
126,279,264,196,78,103,89,78
96,157,145,116,99,108,100,89
96,144,130,104,57,67,62,54
117,203,192,130,72,75,72,67
115,182,170,135,68,78,69,63
95,183,171,130,62,86,78,74
114,212,188,153,58,68,58,54
120,202,187,148,61,84,75,71
108,231,214,169,78,87,83,64
100,145,133,106,62,84,77,69
178,308,287,217,73,90,83,79
117,250,236,170,64,73,69,54
92,167,159,119,53,63,54,55
109,125,111,89,66,78,67,70
89,160,149,139,79,81,78,62
120,240,225,167,63,72,62,59
141,223,206,166,66,77,67,66
101,196,187,156,49,65,58,58
118,208,198,157,77,98,89,81
96,169,153,116,73,84,74,67
129,279,261,212,65,69,65,54
151,284,267,210,86,95,86,77
111,192,183,141,77,83,73,62
110,180,171,128,70,89,86,63
120,211,199,138,67,68,62,56
125,226,213,135,70,78,73,59
93,152,144,115,59,72,64,65
103,166,152,104,65,67,57,57
120,196,185,148,77,102,93,82
114,208,194,153,69,80,67,66
109,219,201,153,54,53,49,45
143,246,234,169,78,94,87,74
138,218,202,153,55,56,50,49
107,195,189,137,47,59,52,48
121,209,194,155,52,53,47,46
87,133,124,94,73,102,90,82
100,131,121,96,83,99,90,75
96,153,145,119,75,84,78,70
133,258,242,195,44,52,49,42
86,136,125,105,84,98,97,77
108,156,147,105,77,97,88,82
131,233,219,147,69,84,77,68
124,209,192,137,69,88,79,70
117,230,218,172,60,63,60,53
89,114,102,90,69,74,65,68
110,196,188,159,54,61,51,49
82,111,97,86,72,86,76,64
119,234,221,187,63,80,73,68
100,155,146,109,72,92,87,70
116,207,190,140,62,61,55,52
87,175,161,125,67,80,74,66
90,119,107,87,68,77,69,61
118,240,225,183,63,73,68,61
86,151,144,118,83,94,88,77
94,139,130,94,73,99,91,83
110,167,155,121,65,84,75,63
140,263,242,201,69,74,67,62
78,159,148,106,53,71,64,58
127,203,192,158,56,65,56,54
124,220,205,162,75,95,88,72
82,109,98,91,70,69,59,51
109,222,215,148,64,72,64,56
100,140,127,104,72,90,79,75
105,169,159,123,77,98,92,73
116,183,167,113,79,80,73,64
121,209,199,135,60,58,53,46
122,237,226,185,71,88,81,69
138,268,256,188,58,58,53,50
97,151,139,111,52,69,63,48
130,194,182,154,60,79,74,63
110,213,196,143,67,79,73,64
99,154,138,117,62,73,66,62
136,278,268,200,70,77,69,63
130,270,254,199,78,105,91,80
88,117,105,90,71,89,79,65
111,171,157,129,76,89,82,69
114,202,189,151,73,95,86,80
90,136,121,102,75,79,67,69
104,158,150,116,52,52,48,39
140,275,267,203,62,64,54,56
133,262,248,177,64,75,73,64
106,172,164,111,72,73,62,66
124,220,201,154,77,83,73,72
123,218,213,152,59,73,65,65
114,166,156,127,71,65,56,53
90,150,143,107,70,91,86,73
126,233,220,163,67,78,71,63
182,357,332,233,63,71,65,57
85,128,118,96,78,94,88,79
86,144,132,108,52,55,49,47
117,208,194,151,83,105,94,77
98,158,144,107,67,71,61,55
148,251,232,172,72,83,73,66
108,211,203,148,72,85,78,68
105,177,168,122,71,83,74,66
87,216,207,153,64,79,70,61
103,191,178,125,69,84,75,67
117,177,167,127,69,80,72,64
110,156,140,112,72,91,83,75
119,240,221,172,75,83,78,66
116,214,201,145,57,64,59,54
138,281,262,202,65,72,64,61
106,145,136,116,58,54,44,44
177,300,286,226,54,68,60,54
105,180,165,138,85,91,81,72
96,140,129,102,72,86,80,62
96,150,139,106,53,53,51,41
116,183,173,126,58,75,70,63
121,196,177,138,65,94,85,72
159,284,272,196,89,120,109,98
98,170,160,113,64,58,52,48
82,114,107,87,70,75,65,67
145,219,210,154,57,69,66,61
112,228,218,151,64,78,72,64
118,189,174,140,62,70,67,57
145,227,203,149,76,109,99,87
103,157,151,112,81,107,100,87
98,174,162,112,65,70,58,58
116,194,182,142,54,53,45,47
149,307,293,223,64,71,65,55
125,246,229,175,77,80,71,64
119,224,218,175,50,55,49,48
114,176,158,119,77,84,75,76
133,230,216,164,77,89,80,81
104,165,156,120,63,84,80,68
127,241,223,167,70,77,72,62
112,210,197,164,56,58,52,49
117,167,157,119,72,87,80,66
95,160,145,108,55,61,56,47
107,156,141,105,71,88,74,65
81,110,95,85,60,76,70,64
126,252,235,183,71,87,79,69
122,228,210,181,68,80,71,65
112,217,201,149,65,79,72,57
114,194,184,136,60,67,61,52
108,201,192,137,57,61,55,50
95,155,146,108,65,74,64,61
113,195,187,138,61,61,49,49
91,159,150,104,83,80,68,66
97,155,142,119,64,80,75,69
117,220,208,170,70,85,78,73
160,340,327,253,80,92,85,68
120,176,164,116,63,85,78,70
135,230,206,159,66,66,58,54
121,170,156,133,95,102,96,81
127,237,228,170,64,79,72,56
128,230,221,155,47,54,47,48
78,127,119,100,69,80,73,65
149,241,228,170,56,62,56,53
73,139,128,96,60,83,78,69
110,208,192,160,61,68,62,49
126,217,202,157,79,89,81,75
95,167,153,115,66,76,67,63
65,91,83,57,62,72,64,64
124,203,190,146,76,72,64,57
90,123,115,84,68,81,78,63
151,284,268,201,67,81,75,68
135,247,232,171,80,101,89,77
128,208,188,144,72,93,81,74
110,209,193,164,60,68,59,54
109,229,220,154,58,70,63,56
111,224,215,165,67,80,69,64
118,207,195,129,73,92,85,72
111,173,159,126,65,78,72,61
116,226,217,160,65,68,59,58
136,315,297,202,59,64,54,49
118,223,217,140,64,88,80,65
124,210,198,137,71,82,73,69
106,184,170,120,63,74,65,57
109,197,186,134,77,89,77,72
99,219,205,165,70,84,73,72
191,374,349,260,67,81,75,65
153,321,307,247,71,82,74,70
117,243,229,167,70,84,77,72
102,178,162,126,70,76,69,63
172,285,263,200,71,77,67,59
111,218,207,132,70,87,80,71
100,162,156,127,69,73,68,61
127,214,206,151,79,102,93,86
152,263,254,184,50,62,57,52
100,155,141,114,59,66,60,55
113,191,185,131,55,67,61,52
130,249,239,168,66,70,65,58
139,278,267,203,66,78,74,61
99,171,159,124,76,95,82,76
158,301,279,192,64,78,69,58
113,194,186,122,73,67,59,59
95,150,137,105,64,59,53,48
100,180,171,115,72,89,81,75
96,159,147,110,77,95,88,71
115,177,165,118,68,75,66,63
120,225,213,164,56,57,52,49
114,185,170,133,71,80,71,63
113,167,160,123,66,95,89,77
98,130,116,90,69,74,67,67
70,116,108,84,63,84,74,74
157,302,287,220,65,73,67,65
95,156,138,111,74,86,76,73
142,258,246,178,62,75,68,66
125,213,203,153,75,92,82,71
130,254,237,190,76,110,100,87
103,167,158,122,82,92,86,72
113,207,194,156,92,112,101,82
134,227,215,156,65,82,75,72
113,178,165,117,74,101,92,73
134,247,227,164,81,88,77,70
136,214,196,153,74,75,65,64
120,202,185,149,49,56,47,49
107,190,177,125,63,75,67,63
135,231,221,187,69,87,76,67
107,189,179,133,53,50,41,41
95,175,166,133,93,98,86,83
126,200,185,123,77,89,79,74
108,175,155,132,68,80,72,64
118,214,198,149,76,80,70,60
118,229,218,175,79,99,93,80
146,293,272,207,52,66,56,58
80,146,133,104,65,79,73,65
135,257,238,173,59,68,65,53
139,270,256,189,62,70,65,59
108,195,183,149,60,62,53,48
87,140,125,100,58,79,74,56
105,203,191,143,76,91,81,79
96,173,156,126,62,72,65,58
112,172,162,138,63,75,69,58
119,191,176,129,59,65,61,57
115,198,187,138,71,86,77,69
146,337,318,254,62,100,93,83
92,167,153,113,62,82,77,67
132,186,172,131,61,79,70,63
132,190,175,141,64,88,79,73
163,313,292,227,51,60,57,52
119,212,198,149,66,86,77,75
106,158,147,115,75,79,71,68
107,205,188,147,79,103,95,84
94,148,132,97,60,63,56,49
110,197,185,145,75,73,67,52
102,167,151,124,54,59,53,51
79,93,89,66,78,80,67,72
153,308,284,216,45,49,47,37
111,232,220,163,78,89,82,68
126,227,207,177,74,98,86,85
141,245,230,181,68,93,86,78
98,142,128,97,79,97,87,68
108,153,145,116,80,77,66,62
132,194,180,136,74,79,71,67
102,148,132,103,79,94,84,76
110,187,176,140,61,73,66,59
93,150,143,111,68,81,74,65
99,185,176,124,64,61,50,44
94,141,131,105,73,92,83,81
92,133,123,88,76,88,80,69
126,205,191,148,55,77,69,63
123,227,218,161,60,75,69,65
134,269,254,182,69,78,73,64
97,151,139,116,67,79,67,66
170,300,280,220,63,75,67,68
152,261,238,185,84,108,97,74
127,245,230,157,71,76,71,56
137,240,226,158,59,62,51,47
119,227,214,163,69,87,79,76
78,125,116,83,58,63,56,49
151,310,289,206,52,65,57,54
112,150,138,109,72,79,65,60
88,120,113,88,73,86,77,69
115,209,200,153,76,87,75,74
169,310,293,223,84,94,87,74
150,283,267,205,78,88,76,70
136,266,246,188,83,96,85,74
126,191,179,150,77,82,75,73
124,255,242,201,87,112,106,83
117,210,198,147,73,82,78,60
88,124,105,95,75,93,91,74
113,197,182,130,61,75,67,61
101,172,154,111,58,67,62,55
133,284,271,203,64,71,65,55
128,233,214,162,73,82,75,70
121,221,203,157,72,83,75,65
139,266,253,176,70,82,79,59
90,177,171,123,75,95,86,80
128,198,181,140,61,72,67,59
138,213,200,160,95,107,94,80
98,169,158,121,81,99,93,73
102,185,166,131,52,55,46,48
97,183,171,124,77,88,82,75
88,148,138,100,65,71,61,54
125,172,161,127,70,75,73,54
104,168,158,117,61,71,64,63
109,209,197,155,61,62,59,48
104,188,176,143,76,84,76,71
112,228,209,150,69,77,68,67
135,266,252,197,77,91,84,73
102,198,186,146,70,75,67,55
113,212,192,145,82,105,96,83
93,170,159,114,72,89,85,69
89,147,136,105,74,112,104,94
109,178,161,129,63,76,67,62
123,217,201,138,79,108,104,86
154,320,301,246,63,83,73,62
125,234,222,176,55,60,48,50
104,187,170,129,65,66,62,54
122,194,181,129,73,75,64,61
103,226,215,141,65,79,72,62
108,180,173,124,67,79,68,56
126,232,224,173,55,60,57,49
94,172,150,114,70,74,67,61
118,180,161,133,61,65,56,50
102,180,168,138,76,88,81,67
114,210,200,156,60,69,64,59
89,153,143,96,68,79,71,60
104,133,122,104,67,84,78,71
121,224,212,167,50,54,52,49
96,154,145,105,54,62,59,53
95,156,149,110,65,75,64,56
128,281,266,200,97,118,109,99
126,258,246,208,75,102,95,86
126,261,246,186,74,98,95,77
93,165,153,127,59,67,63,51
125,222,213,150,66,73,68,60
85,163,146,110,62,72,66,62
79,94,85,69,72,89,81,75
108,164,157,120,60,68,60,61
77,120,108,95,55,57,53,46
113,178,165,122,59,55,50,47
87,138,125,105,75,91,78,76
105,167,151,109,79,94,87,64
109,199,179,135,82,83,71,68
132,220,204,162,67,77,70,65
128,227,204,156,68,81,72,53
105,198,182,139,56,64,59,50
132,248,235,172,66,90,82,66
127,221,208,142,82,92,88,70
134,218,200,155,71,76,65,61
137,256,239,191,84,102,91,81
85,165,151,110,62,73,65,58
140,245,229,183,63,73,64,63
177,314,297,206,70,93,80,79
105,149,135,105,68,84,73,69
116,202,190,152,69,66,56,55
131,217,203,139,69,72,64,63
91,171,157,127,66,67,61,57
86,136,128,100,75,84,77,64
144,280,262,200,57,70,65,60
95,142,131,100,71,76,66,64
84,137,125,98,97,95,88,76
129,259,241,204,72,77,69,56
94,177,165,136,86,108,102,89
97,166,154,113,70,96,90,78
139,235,224,169,94,107,96,84
104,186,172,138,84,93,82,75
113,203,194,153,61,80,74,65
119,149,139,110,55,67,61,55
106,190,170,132,83,106,94,83
100,161,148,107,65,73,66,60
105,161,145,113,68,86,81,66
80,112,103,86,70,80,70,68
116,195,183,127,69,70,61,58
109,209,199,151,74,83,74,67
110,182,171,137,72,86,78,73
108,191,174,136,71,80,73,66
104,137,124,105,65,67,60,59
163,315,296,228,64,74,62,63
131,244,233,186,62,80,76,64
151,274,260,183,80,111,104,91
143,268,249,185,74,102,94,91
111,187,172,136,67,79,74,70
115,176,162,124,59,65,58,58
106,170,153,117,64,69,59,57
97,172,159,120,71,82,73,61
129,182,170,135,68,69,65,58
90,185,180,125,68,79,73,64
105,175,167,123,61,70,58,51
100,183,167,122,83,92,83,80
142,290,273,222,50,55,45,43
97,142,135,96,64,67,61,59
92,150,134,116,100,128,119,108
115,208,196,149,62,62,53,52
105,164,149,117,66,85,78,70
110,170,149,120,66,69,64,56
113,201,189,150,52,61,53,48
126,219,204,150,67,76,68,70
152,239,226,168,65,78,72,68
119,212,198,144,69,72,65,56
116,238,225,160,85,99,90,84
105,167,159,123,89,105,100,82
117,235,211,171,84,100,90,80
137,259,246,180,74,86,75,72
92,121,107,95,67,71,63,57
132,249,229,165,71,75,69,58
102,162,153,125,83,103,96,84
100,170,157,117,70,84,75,65
110,205,195,152,64,75,70,62
133,259,246,186,68,68,57,57
97,151,134,111,81,118,111,84
118,200,190,155,58,72,67,61
112,224,216,163,74,72,67,57
163,298,279,212,83,92,81,71
96,153,144,112,80,94,76,72
124,194,180,146,70,78,70,61
118,220,201,141,73,80,75,56
116,158,147,113,45,48,42,43
87,163,150,109,66,69,63,53
116,191,172,123,63,79,71,62
87,113,105,78,63,67,58,53
118,232,213,165,53,75,64,60
97,142,136,103,74,78,71,67
98,156,139,112,89,91,80,73
85,106,91,77,71,81,73,67
110,175,166,135,76,80,70,67
98,216,203,163,68,85,80,59
104,162,153,113,62,56,51,47
143,320,303,239,68,90,83,70
111,206,194,144,62,67,61,58
97,147,136,108,71,70,60,59
184,279,254,184,66,82,72,70
103,166,156,123,49,61,52,52
119,238,225,178,61,66,60,55
133,244,227,177,79,90,81,75
135,233,217,162,70,90,84,75
102,180,170,129,58,73,64,61
134,220,206,156,75,90,83,72
136,260,252,197,65,77,70,60
117,166,150,123,74,96,87,75
89,141,128,99,54,53,44,45
109,164,141,117,80,111,99,81
105,171,156,115,74,82,73,67
117,187,170,139,60,75,67,60
107,128,113,90,77,107,96,79
152,242,224,182,57,78,74,60
95,166,153,109,59,63,54,49
84,145,138,108,72,77,72,64
98,176,163,126,59,75,67,58
91,185,175,136,70,74,69,56
80,105,95,79,64,64,57,59
104,164,157,109,80,88,76,72
138,248,233,187,61,56,48,46
166,321,302,222,61,78,65,67
150,247,226,177,61,75,66,61
106,172,165,122,65,78,70,66
153,322,315,231,58,71,64,58
78,129,122,93,92,106,94,86
106,194,172,146,77,94,84,75
98,183,167,115,65,65,59,55
105,181,169,129,63,73,69,62
96,147,139,108,69,94,89,82
83,127,114,86,66,70,61,56
110,227,203,179,87,95,86,74
124,194,184,142,80,89,81,62
136,223,204,150,64,79,72,66
113,187,176,145,74,93,87,74
140,217,202,156,58,67,61,49
131,235,220,177,72,90,82,73
93,164,153,115,85,88,78,68
72,119,109,94,97,105,100,80
141,298,285,233,63,74,69,64
142,230,214,168,83,93,85,75
84,92,83,72,69,85,78,68
126,227,214,174,65,77,69,64
111,205,195,162,72,98,92,79
97,188,179,128,77,96,90,82
100,182,169,136,71,82,72,66
151,265,248,170,72,100,91,76
90,131,122,102,66,70,65,54
125,208,199,156,69,78,68,59
136,295,276,215,55,70,65,52
99,165,152,127,65,78,72,57
125,256,247,181,76,82,72,68
135,269,257,185,65,76,67,58
142,265,255,203,53,54,42,44
112,213,204,140,67,73,69,65
108,163,147,116,59,64,58,57
133,228,216,161,53,66,63,46
148,301,284,209,104,107,97,80
160,344,323,252,63,86,79,68
142,291,278,219,75,92,87,74
112,172,160,121,66,92,84,73
99,139,129,106,52,64,56,50
124,238,222,187,66,76,66,66
80,137,127,106,63,87,82,74
116,201,181,128,72,73,67,55
96,208,193,146,61,60,52,52
133,282,271,199,73,89,80,70
96,149,139,115,72,91,82,67
104,172,162,136,80,97,86,75
84,119,109,86,79,86,78,71
101,195,181,134,66,82,72,69
125,250,233,171,62,59,50,56
93,158,147,108,61,68,59,59
107,180,168,126,105,124,115,92
107,181,166,121,60,70,61,60
83,129,120,89,64,74,67,60
92,156,143,116,72,69,60,55
125,214,199,162,72,95,85,81
124,198,185,152,84,92,81,76
191,345,327,245,75,85,70,67
100,167,156,115,66,70,62,56
102,167,155,113,88,112,103,89
106,193,181,142,58,60,52,49
114,255,240,175,75,95,86,75
75,136,128,100,102,123,114,95
104,151,139,109,53,65,61,55
93,127,109,90,55,62,53,53
103,202,191,158,68,84,77,64
137,249,236,163,78,89,79,75
111,194,179,147,69,76,63,63
115,192,180,126,61,75,67,66
98,187,169,129,73,93,85,77
103,152,139,111,66,70,61,55
130,283,265,217,68,81,72,61
125,270,260,173,68,76,65,62
122,210,196,154,70,81,76,62
79,135,131,100,77,94,80,73
84,121,113,80,45,48,44,38
84,102,91,67,65,76,70,70
112,194,179,132,55,79,72,69
125,238,223,169,68,77,72,60
110,182,171,139,69,97,91,78
113,196,183,153,76,82,72,67
129,224,207,155,64,86,75,78
113,210,203,154,70,80,69,63
106,151,140,116,56,70,65,53
99,155,142,114,68,70,58,55
92,127,110,85,60,80,72,64
91,131,117,90,87,106,98,78
107,180,170,126,58,57,53,50
118,194,182,145,55,50,45,42
79,123,112,102,63,81,76,69
100,171,158,133,87,103,91,80
110,188,172,135,63,71,69,58
149,273,257,189,81,111,108,88
187,361,337,250,69,91,82,74
103,180,175,134,90,123,115,100
95,181,172,138,65,71,64,62
86,96,82,74,73,78,67,64
148,295,279,211,57,57,50,44
105,206,196,155,72,82,76,66
101,163,152,120,76,84,76,70
119,234,220,161,59,68,61,56
81,122,109,82,74,75,58,64
104,162,151,114,71,75,65,61
117,188,177,128,91,97,89,82
108,243,224,190,97,128,119,97
110,179,166,133,60,71,66,51
129,199,180,149,67,90,80,80
84,187,180,131,70,78,73,64
137,274,257,186,55,77,72,55
124,187,168,133,69,75,70,61
86,137,123,97,71,73,67,59
98,142,132,105,74,82,75,71
93,173,166,136,74,81,73,70
90,169,157,127,100,120,112,96
113,174,158,120,59,69,60,56
77,139,125,104,66,97,96,78
101,198,183,140,73,83,73,65
141,273,260,183,68,91,84,70
106,147,136,93,63,77,71,62
136,246,230,185,73,85,75,74
106,206,192,140,80,85,73,70
100,147,136,89,92,110,96,91
99,160,150,125,78,107,101,83
143,311,292,209,75,86,78,72
127,206,195,135,80,84,78,66
90,129,117,101,66,75,67,64
129,215,203,152,80,96,85,80
115,195,185,148,63,72,64,61
136,214,200,143,63,65,55,50
128,191,179,138,57,73,65,58
105,187,171,135,57,72,62,56
106,191,180,126,60,78,71,65
155,298,276,208,73,80,66,68
115,200,187,135,49,66,57,54
81,105,94,82,65,83,77,64
125,222,199,162,64,84,79,69
129,274,266,196,63,76,71,68
126,239,223,152,71,69,65,56
114,192,177,135,65,83,77,59
106,174,165,124,77,84,73,71
84,140,129,103,68,76,67,65
153,232,222,156,67,73,61,63
148,280,263,190,82,96,90,81
100,156,149,110,95,109,96,88
100,131,121,105,78,76,64,60
134,235,218,153,96,113,105,86
85,110,98,81,78,97,88,73
96,123,115,80,92,99,91,82
115,208,196,135,72,108,99,82
117,215,205,157,69,75,65,54
132,217,206,166,82,91,83,81
126,278,264,192,67,69,63,58
108,210,194,141,56,65,59,55
101,171,158,118,68,75,65,64
110,176,161,133,74,71,63,60
114,206,192,143,83,76,68,61
89,142,137,101,67,85,80,68
126,261,245,165,66,73,66,59
117,216,196,157,55,75,70,63
102,184,174,146,64,90,83,74
87,117,109,91,63,75,68,60
124,269,249,196,55,58,53,49
96,140,126,97,62,73,69,65
136,195,181,144,82,90,82,71
124,173,159,129,63,69,64,56
144,245,223,172,64,77,68,67
134,283,267,212,63,66,61,58
133,291,270,194,87,97,87,79
92,164,152,117,65,79,75,64
97,186,170,116,69,67,53,57
122,210,198,153,60,81,79,62
114,221,208,161,44,43,35,36
110,173,164,129,83,83,73,66
106,173,158,134,89,102,89,85
112,192,181,148,66,76,69,64
86,105,96,78,81,100,92,86
84,142,133,99,81,96,92,86
102,179,164,126,50,63,52,46
109,182,171,143,85,98,83,71
125,187,176,140,56,69,58,51
129,239,225,172,73,78,68,66
140,243,231,192,61,62,57,53
124,179,164,144,73,84,69,69
96,156,145,121,69,77,69,66
172,350,327,241,70,88,81,66
93,200,188,139,79,87,80,67
96,184,173,128,61,65,59,55
132,240,220,183,71,77,68,66
91,186,176,144,82,91,83,72
130,226,209,166,60,63,60,58
104,160,146,113,65,74,72,63
100,156,148,110,82,90,75,81
96,172,156,123,67,88,80,70
118,205,191,126,62,81,74,61
96,174,159,126,65,68,58,63
106,161,153,128,58,74,65,59
97,132,119,94,63,61,57,50
97,169,160,117,81,92,84,75
91,136,129,109,64,78,68,63
142,221,207,165,69,85,81,70
125,231,218,179,80,93,90,69
114,203,197,151,82,91,83,72
122,258,242,175,71,75,67,53
116,199,187,129,66,70,64,57
127,271,251,184,57,66,60,54
142,258,242,202,85,107,93,87
104,190,182,143,72,86,79,64
118,185,172,137,65,75,73,61
124,260,244,193,70,73,69,55
123,181,172,127,70,67,61,55
121,230,217,159,56,82,70,64
110,204,188,141,68,89,76,71
141,293,275,203,75,91,86,74
136,208,187,146,71,98,87,75
119,211,197,163,67,76,67,63
119,193,179,132,75,92,82,66
113,184,166,125,59,71,64,53
114,192,174,141,63,77,71,69
122,219,210,167,77,85,74,64
130,233,224,160,50,58,53,46
119,169,160,127,61,58,51,51
99,157,147,126,81,94,88,72
117,173,165,139,52,50,46,37
107,137,123,104,77,103,97,79
134,239,222,166,75,75,66,66
123,216,206,141,85,105,96,85
114,281,264,201,53,61,57,51
133,204,198,141,68,78,72,67
110,168,157,128,78,76,68,65
116,170,156,124,72,88,80,70
109,210,200,143,69,81,70,69
112,163,147,115,83,91,77,71
157,303,285,223,71,80,70,66
112,173,161,119,62,75,67,64
110,190,177,137,87,109,101,84
102,148,139,107,69,82,72,66
122,213,200,161,73,88,78,75
158,345,327,259,73,81,73,71
169,281,252,192,73,85,77,71
108,200,181,154,61,63,60,58
88,135,123,95,54,70,62,55
112,194,173,139,73,85,77,70
162,321,308,246,73,85,75,74
110,157,142,110,66,78,75,64
132,251,234,183,57,66,57,55
109,175,167,141,70,91,79,71
137,257,236,176,65,86,75,73
101,159,149,126,75,76,70,64
105,177,165,142,63,75,68,65
88,165,158,114,64,64,53,55
132,251,231,162,74,81,71,66
115,232,221,161,62,81,77,67
93,128,121,90,66,73,67,63
93,152,139,118,66,69,60,60
110,178,168,126,77,87,76,74
134,250,236,192,67,78,71,65
126,250,239,171,70,75,66,65
116,183,171,144,83,107,94,88
86,128,121,100,85,122,111,95
118,246,235,174,56,59,49,46
129,209,190,151,65,86,79,68
112,186,170,126,79,89,81,72
144,234,215,154,73,94,85,72
117,229,209,164,75,85,75,68
101,174,163,115,53,57,53,47
93,130,121,97,71,79,69,60
146,264,245,196,70,77,71,63
115,187,171,132,60,65,54,54
121,227,212,164,71,79,72,65
118,200,192,144,66,84,74,66
114,222,211,159,69,73,66,64
163,350,334,247,57,75,65,57
86,148,133,113,82,98,88,78
136,213,193,154,62,76,69,64
131,231,201,161,78,85,74,67
83,130,122,87,67,79,71,62
126,206,194,146,71,89,81,62
101,192,183,133,73,84,76,65
104,189,176,134,52,63,55,51
107,214,210,150,77,90,79,77
121,226,211,167,80,78,71,63
111,234,220,165,53,55,43,48
116,253,234,162,64,73,62,62
119,206,191,147,70,73,65,63
125,196,185,153,84,93,88,73
99,162,146,114,67,89,82,68
128,171,156,125,83,93,82,75
106,159,149,124,50,53,44,44
95,145,139,88,52,53,44,48
123,222,211,153,74,84,72,79
110,167,150,126,75,86,80,70
117,243,225,163,84,92,85,79
128,239,224,169,77,88,77,74
154,304,283,217,67,81,70,66
153,281,266,209,56,70,66,60
131,227,213,170,60,71,65,60
132,254,242,171,82,101,96,74
95,137,129,96,78,79,68,67
103,163,149,117,69,75,70,62
137,222,204,145,69,73,65,58
121,208,192,157,90,118,106,99
113,196,188,149,55,69,62,54
107,138,126,93,77,84,76,65
74,157,144,110,66,87,81,62
116,191,179,151,69,73,63,54
93,154,142,112,88,118,112,93
112,174,164,126,50,54,49,45
121,197,185,137,74,79,71,61
89,134,121,95,81,104,97,80
110,209,199,137,55,72,64,52
113,169,159,114,68,88,78,73
113,214,204,156,71,86,79,78
150,320,297,243,59,70,65,57
120,212,195,150,84,107,101,78
102,153,142,110,72,87,78,69
152,286,263,216,68,86,78,67
117,207,191,150,68,89,84,71
96,161,148,106,70,67,62,58
89,140,130,100,72,87,77,68
98,174,162,127,65,74,73,55
118,199,187,136,82,88,77,70
141,280,270,215,64,81,74,70
105,172,164,117,69,99,89,79
83,147,141,105,76,80,75,68
148,266,253,198,89,100,93,81
133,198,191,147,62,77,73,63
101,166,158,125,67,93,84,69
126,258,251,188,71,76,68,60
106,152,145,112,55,87,81,65
91,136,124,100,68,76,67,58
102,183,169,127,72,92,87,70
118,194,176,139,58,60,48,47
102,209,198,148,78,88,79,72
109,180,166,141,86,99,91,86
134,319,299,219,100,145,131,111
79,133,122,111,61,66,63,54
118,204,191,147,69,68,62,56
120,229,213,151,64,64,59,49
151,330,301,232,82,112,106,94
92,149,145,92,72,80,69,62
121,175,168,120,72,96,86,75
136,259,241,193,77,89,80,73
85,113,106,83,72,75,70,55
111,167,150,128,48,51,44,43
96,152,145,111,67,77,71,65
107,223,203,163,62,70,62,57
114,211,196,158,82,102,87,77
94,129,116,103,67,81,70,56
129,197,182,156,73,79,70,65
92,125,117,97,57,63,56,52
112,241,229,179,63,70,64,51
97,151,139,108,74,86,78,71
87,165,157,119,66,81,76,65
124,205,196,141,60,69,61,51
106,220,213,151,80,90,85,65
97,139,122,103,70,78,68,66
98,176,161,113,70,94,84,78
89,144,136,102,56,55,49,44
112,175,165,121,74,77,69,63
96,144,133,116,69,89,86,79
97,181,167,141,55,62,55,50
121,211,196,142,73,92,83,73
122,231,220,170,66,76,68,66
120,236,219,184,55,67,60,64
90,152,146,109,63,81,74,66
98,161,148,125,57,64,54,51
75,104,93,77,68,68,63,57
89,156,147,98,55,62,59,49
130,184,170,121,74,108,100,76
125,222,209,162,77,82,77,64
86,137,128,95,52,60,51,46
86,134,119,97,76,91,81,71
124,219,204,156,64,67,60,57
110,148,136,102,70,83,73,65
129,217,205,145,66,74,69,62
122,175,165,128,68,78,66,64
72,148,137,122,64,76,72,59
94,156,141,111,74,101,97,82
103,195,183,128,57,66,59,53
124,226,209,165,69,79,74,63
100,166,153,109,84,99,91,86
148,262,245,182,72,77,69,63
108,197,185,139,67,66,57,55
111,200,188,149,58,62,56,56
159,337,322,243,52,56,51,46
130,221,204,162,72,68,58,51
84,120,114,91,73,87,75,70
76,111,104,80,75,86,77,65
115,223,207,145,67,76,67,60
89,156,148,105,81,95,83,70
128,210,197,143,61,79,71,64
115,172,160,128,66,81,76,66
120,217,205,168,71,79,72,65
106,175,156,107,67,71,63,59
146,253,234,170,52,78,70,67
119,203,185,146,71,92,88,72
106,179,174,146,75,86,73,73
107,176,164,121,64,69,54,54
111,178,167,127,65,79,70,69
105,173,154,127,82,103,97,82
84,133,122,93,60,65,59,57
110,186,177,126,86,120,116,94
115,195,185,139,75,92,80,68
107,205,190,133,66,72,63,61
167,326,304,227,75,88,79,78
112,221,211,163,69,79,71,63
113,189,174,133,51,62,53,53
112,187,171,139,64,74,70,57
122,205,195,148,65,76,74,63
93,163,149,106,64,75,65,54
146,232,216,180,63,74,69,61
105,193,178,141,78,82,72,66
126,226,215,162,88,110,93,81
51,60,55,46,57,81,76,65
135,270,247,194,73,84,78,70
104,230,210,169,73,87,70,72
91,156,148,106,67,76,68,63
134,216,197,152,63,81,70,73
129,219,198,171,68,93,82,72
121,192,181,142,70,78,70,67
116,202,183,149,77,82,76,71
77,116,103,79,64,67,53,56
86,143,132,92,72,85,75,65
142,266,251,194,44,52,50,47
103,199,192,136,68,93,88,68
113,206,189,137,65,68,63,56
90,127,121,88,66,79,71,68
89,168,158,130,71,104,98,81
107,206,191,160,88,111,104,80
121,195,176,141,81,84,77,69
129,183,169,136,81,91,84,72
108,188,173,126,74,80,69,67
118,212,196,152,67,69,60,59
97,172,162,121,62,74,70,64
143,234,218,168,80,97,84,80
130,269,258,203,62,86,83,69
97,194,182,119,49,55,51,44
112,205,195,137,63,74,69,63
121,237,225,172,67,70,62,55
104,174,158,131,54,63,58,56
114,176,168,117,54,66,54,53
122,212,200,149,63,67,52,56
157,322,312,225,65,87,80,63
99,144,131,107,63,84,77,72
88,153,146,104,75,102,87,76
92,127,116,92,75,93,87,79
142,228,209,170,64,71,64,56
93,135,127,91,58,73,65,59
130,226,220,161,89,106,94,81
107,218,212,159,68,83,72,70
90,136,129,97,85,110,102,83
85,141,130,102,71,75,70,61
98,147,134,100,72,69,57,53
103,175,163,123,60,71,67,60
78,104,93,75,75,96,84,77
121,201,183,147,71,76,70,61
103,165,150,107,68,74,65,58
95,124,114,90,71,73,67,58
131,242,227,175,66,58,48,44
107,169,157,125,70,90,80,72
115,183,170,139,62,64,55,52
106,189,173,148,66,89,77,73
120,199,184,144,56,66,59,56
130,224,203,154,87,109,100,86
147,264,243,179,61,71,64,57
108,204,193,149,49,55,44,49
104,203,195,151,71,82,77,67
98,170,155,118,76,90,78,78
124,236,220,165,79,108,97,78
126,207,184,149,89,114,103,86
95,143,138,99,72,80,72,66
153,301,287,229,60,75,73,64
107,188,184,128,70,99,92,76
111,187,171,145,78,86,75,69
97,175,159,133,51,52,51,45
107,150,137,120,61,75,65,58
121,203,191,145,70,92,85,76
120,214,200,154,62,80,72,61
126,231,215,169,80,96,84,76
123,223,214,150,59,58,51,47
94,154,146,122,65,76,66,62
121,197,187,145,63,73,67,59
116,156,154,113,62,73,69,63
114,172,154,121,74,113,104,82
188,390,372,275,87,118,104,87
88,111,103,86,49,63,58,50
143,268,248,197,81,113,102,79
91,143,138,104,58,66,60,56
111,200,184,126,57,91,86,79
103,176,171,131,59,91,86,77
105,167,152,110,86,104,94,85
100,168,162,117,67,99,90,78
103,129,117,100,49,61,56,52
139,284,271,193,64,69,60,57
119,198,186,147,66,80,76,61
136,274,257,209,75,91,79,70
110,192,176,149,71,77,69,54
115,151,141,112,74,84,74,72
112,244,231,178,60,63,52,54
153,315,304,228,74,83,73,70
106,193,180,130,61,77,72,67
125,235,226,179,77,89,80,64
100,181,169,134,54,58,54,44
78,105,93,80,61,62,54,53
130,222,209,158,56,61,54,57
83,153,146,119,64,68,62,53
112,170,153,122,77,81,74,64
114,219,209,150,63,72,65,55
124,217,202,161,81,103,96,74
121,223,212,153,63,89,81,76
136,285,273,190,72,80,71,72
123,243,233,169,61,62,57,44
97,168,157,107,65,78,70,64
151,258,237,192,55,67,61,56
138,228,211,159,64,63,57,51
119,179,166,127,61,72,64,61
139,220,204,158,62,73,68,56
129,252,236,183,81,75,65,66
145,269,249,194,79,86,81,62
95,171,166,100,66,85,78,64
98,121,108,88,64,82,75,65
106,161,152,125,69,69,58,54
87,137,128,103,74,101,93,79
100,153,141,112,73,86,78,68
131,220,210,145,86,108,95,82
116,203,191,140,72,85,76,67
81,140,133,91,63,54,49,45
95,201,191,155,61,78,74,68
98,147,135,113,79,92,85,78
115,188,176,125,79,99,83,79
151,260,245,176,88,108,95,78
141,270,246,201,67,93,85,75
115,197,182,141,67,85,75,69
142,288,272,227,62,81,77,62
115,167,155,125,78,98,88,83
118,211,194,149,88,104,90,81
109,233,217,185,61,67,59,53
120,212,193,156,76,97,89,79
124,249,242,190,87,121,112,92
95,164,153,133,88,109,101,92
147,238,220,175,58,71,61,57
139,282,262,198,68,79,70,64
90,127,118,99,88,125,120,97
120,220,208,141,67,72,65,48
118,186,180,134,49,70,64,52
130,224,216,153,61,86,77,67
95,142,132,109,69,93,85,71
94,174,159,123,83,105,99,82
138,231,213,170,63,74,69,61
103,190,181,124,74,84,78,69
114,189,174,124,47,55,45,48
125,210,191,156,77,83,77,71
88,112,99,81,57,78,72,71
118,208,196,148,81,88,78,75
131,224,209,150,72,91,77,71
160,352,326,235,73,84,76,75
147,293,277,194,77,97,83,79
120,225,215,173,70,85,76,69
113,143,128,104,58,54,49,47
103,180,163,116,78,72,63,62
102,233,226,158,82,113,101,94
124,214,194,167,71,80,71,66
188,405,387,286,74,82,71,64
121,230,210,164,67,78,72,60
130,183,172,133,71,73,63,65
103,183,172,136,71,72,61,57
118,187,177,139,85,92,85,75
127,163,152,123,65,69,62,55
127,238,218,166,79,82,69,64
110,189,174,129,75,83,72,69
89,166,155,118,85,116,106,101
171,405,386,286,67,73,66,68
106,178,162,113,81,106,98,80
98,143,129,102,66,68,61,52
84,126,121,97,70,70,57,65
123,206,200,148,59,64,58,49
121,223,213,159,69,72,68,59
109,159,149,119,58,69,61,56
146,265,257,193,77,75,69,63
148,317,299,219,57,63,58,50
154,255,241,192,56,68,64,59
95,163,152,105,63,80,73,71
120,194,174,137,71,84,75,64
110,179,167,142,64,73,67,66
127,230,211,168,83,103,96,74
106,158,147,111,82,90,80,75
111,202,189,133,68,69,60,58
148,309,288,208,56,54,49,45
112,167,152,132,66,69,60,51
118,205,187,137,72,73,64,61
107,164,156,116,81,101,93,69
121,193,183,142,84,96,88,78
95,159,154,112,75,88,82,71
93,133,126,101,86,94,80,85
111,181,175,140,72,87,81,66
118,209,196,151,67,84,80,66
101,154,135,111,64,68,60,53
108,225,208,154,69,68,59,53
99,165,152,115,64,81,74,67
121,217,199,166,62,78,74,58
108,178,167,143,68,80,67,75
117,169,157,125,79,103,93,70
96,161,150,114,60,65,56,55
101,144,137,107,65,75,71,62
93,200,195,126,69,83,74,71
93,200,191,131,67,85,71,68
96,153,143,119,58,63,54,52
92,157,147,121,84,111,101,85
104,178,163,118,89,95,85,73
105,188,173,136,59,76,70,54
118,200,187,141,66,74,70,55
80,132,124,103,65,72,63,56
127,187,176,133,84,111,105,88
98,154,147,110,75,98,90,78
134,233,220,159,66,81,71,61
170,290,268,208,63,82,75,57
118,200,186,149,68,92,86,69
147,275,252,190,61,88,83,73
134,225,209,159,68,84,78,71
114,164,161,123,72,95,91,78
129,267,247,178,76,88,77,72
109,171,159,131,89,118,107,92
126,200,183,136,77,79,64,56
125,284,271,198,64,79,73,68
89,147,134,100,57,58,51,44
125,206,191,144,78,86,73,71
108,187,172,129,79,87,77,76
115,207,197,147,69,67,59,53
144,258,239,185,68,73,70,50
100,150,138,95,72,88,80,72
111,186,181,130,65,78,71,65
112,215,205,172,61,68,59,54
126,206,196,144,73,78,68,64
126,197,185,141,67,69,62,60
105,190,182,143,66,74,67,61
98,147,134,107,82,90,75,71
108,246,235,171,68,89,81,67
103,180,171,126,71,82,74,66
116,226,221,163,75,92,86,76
94,124,115,86,73,80,72,61
125,196,184,148,57,69,63,49
135,243,226,156,76,91,83,73
74,136,127,103,61,75,71,60
87,149,136,115,65,69,65,62
110,164,155,113,60,76,69,61
140,257,248,182,71,81,73,69
88,143,137,99,75,91,83,76
139,246,225,171,59,68,63,61
98,136,127,96,71,86,76,67
110,179,162,134,60,65,63,55
82,121,111,87,53,64,59,54
135,223,211,155,70,80,69,64
129,286,267,215,61,70,58,59
94,153,144,114,86,101,97,78
147,289,276,191,58,55,48,45
118,234,222,169,68,84,77,66
133,270,262,188,71,92,79,72
144,237,220,170,70,81,71,63
119,188,177,131,63,76,67,64
69,96,91,78,74,84,76,70
115,203,191,149,64,69,67,58
131,222,210,159,78,95,78,70
100,170,155,130,82,96,88,74
89,168,156,126,88,108,97,83
111,177,170,124,61,73,67,58
152,275,256,186,70,63,60,53
126,201,192,144,62,67,57,54
118,153,145,116,70,83,76,64
120,204,193,158,74,75,67,57
126,252,233,189,73,80,71,61
86,154,150,121,80,93,86,76
118,201,192,147,52,53,50,46
84,146,133,106,65,78,71,60
126,183,165,120,59,63,59,55
139,241,231,182,59,85,80,71
104,163,151,115,55,71,67,55
105,177,169,129,64,81,75,67
84,126,121,93,68,80,74,62
116,205,188,147,52,66,61,53
122,219,209,139,64,72,65,56
102,144,134,108,79,79,69,62
83,139,126,98,66,67,58,48
132,243,228,179,65,86,81,63
133,224,206,164,62,95,92,76
91,142,130,105,80,83,76,69
109,185,172,134,68,88,79,72
91,171,162,118,62,66,64,57
99,170,146,116,65,70,65,61
113,171,159,122,81,83,70,69
101,174,158,127,74,99,90,87
141,247,227,182,82,98,86,68
86,124,114,92,65,69,62,60
125,247,240,186,75,88,77,76
117,220,204,149,75,102,97,84
113,179,165,128,41,38,37,33
83,159,152,124,70,66,57,57
112,189,182,135,79,90,83,74
119,215,200,144,55,60,57,52
102,173,163,122,72,83,74,64
122,247,234,155,66,70,61,53
145,252,235,176,59,70,64,60
72,123,118,86,81,98,91,78
109,172,155,109,72,80,76,55
100,186,176,112,73,80,70,56
104,186,178,121,59,78,73,61
97,147,135,99,79,103,98,79
116,189,174,148,83,87,73,69
161,329,302,209,55,62,54,59
99,169,162,118,73,79,75,62
140,255,237,179,76,82,74,66
113,171,162,113,73,97,91,78
99,150,141,117,59,74,63,60
86,112,108,77,57,74,69,58
100,153,137,99,90,95,81,79
73,121,112,85,66,75,68,55
143,251,244,176,64,81,74,63
169,307,286,233,63,62,55,49
97,130,121,101,57,57,51,49
120,213,205,166,59,72,64,59
120,170,156,127,55,62,57,49
105,192,181,134,66,75,62,57
112,172,159,113,58,60,58,47
91,195,183,143,75,100,91,82
117,232,220,174,79,91,84,66
147,273,252,187,55,57,53,52
127,218,206,149,68,75,65,63
90,185,178,132,68,77,73,68
121,193,184,136,77,96,91,83
114,184,174,118,70,77,72,69
112,194,184,143,63,67,60,59
108,226,214,151,65,78,64,63
114,187,175,147,60,73,62,56
124,215,203,162,77,74,64,55
127,211,193,134,60,60,54,53
112,200,181,142,80,103,92,78
111,182,169,128,64,74,65,63
118,205,187,145,76,81,70,60
75,96,92,72,69,83,75,60
147,241,228,172,81,90,86,70
147,275,263,197,50,54,48,44
127,258,247,204,67,78,71,66
121,185,168,130,86,112,102,94
138,279,267,198,78,101,91,69
122,254,242,182,58,54,48,46
110,191,181,131,83,90,81,70
150,264,241,192,64,68,57,57
108,183,167,138,50,61,56,47
140,267,247,184,62,73,67,56
139,285,268,203,76,89,79,74
87,160,155,103,66,71,71,60
118,178,164,128,65,69,55,54
94,131,123,97,73,84,74,63
135,258,241,176,67,76,70,57
113,201,187,147,74,80,74,63
117,181,172,132,76,94,88,77
99,181,169,125,73,86,75,68
133,203,192,143,105,115,103,86
137,243,227,171,69,79,74,59
92,135,119,93,77,109,97,83
143,294,278,215,68,72,65,57
124,239,224,170,74,80,74,59
110,192,177,139,66,80,71,65
116,227,213,171,70,83,77,57
109,226,210,150,78,87,80,71
126,244,234,161,52,66,55,52
96,166,158,119,69,84,77,67
98,176,165,132,74,89,85,77
99,169,158,128,69,77,68,61
109,167,161,111,71,93,88,73
121,200,184,142,90,112,97,96
89,159,146,103,82,93,85,74
108,193,187,149,60,70,63,63
111,187,173,135,58,72,60,57
134,235,221,175,82,93,84,79
118,205,189,155,62,85,79,72
85,126,115,91,76,92,83,78
123,217,200,158,91,105,94,84
116,188,181,131,77,93,89,79
135,274,258,192,64,68,66,56
100,181,167,125,73,79,69,61
115,183,172,128,61,68,62,57
100,185,166,132,57,62,58,53
102,185,179,142,71,86,74,71
103,173,162,111,53,54,44,49
107,194,176,140,78,89,81,71
100,126,121,84,64,74,63,55
145,303,290,210,53,65,60,50
75,149,143,103,59,66,52,54
88,139,127,106,70,103,89,77
128,214,199,164,76,88,79,69
115,206,196,154,76,92,76,74
83,113,107,86,78,88,79,71
140,334,316,223,59,68,63,58
115,204,190,131,61,61,52,52
92,133,124,89,72,75,61,66
155,229,213,166,69,76,68,63
131,275,260,180,71,80,75,68
118,200,190,133,54,59,56,48
112,173,157,127,66,85,73,70
108,153,139,121,50,62,55,48
110,190,175,147,64,68,63,51
87,122,110,89,71,90,80,75
89,176,165,128,78,89,80,74
107,146,134,114,70,76,70,63
94,178,158,128,77,105,95,75
92,135,129,106,65,75,65,56
92,141,130,109,56,63,56,53
124,222,212,164,74,87,80,67
91,189,172,133,76,78,70,69
160,286,260,198,75,76,69,59
91,138,121,107,57,74,70,59
156,329,313,226,61,84,76,69
107,158,149,117,59,80,75,63
107,169,158,132,55,68,61,56
127,247,228,180,59,73,67,62
73,141,132,91,59,62,55,55
102,151,137,111,74,75,69,64
106,179,167,122,78,90,82,74
99,197,184,154,48,56,51,47
99,172,158,111,80,96,89,73
122,230,214,156,71,89,80,66
111,199,191,138,68,72,66,60
138,211,198,145,67,74,66,65
116,151,144,99,80,90,84,69
138,234,222,176,78,103,93,82
123,213,193,144,58,68,65,58
137,215,203,153,76,83,72,68
127,254,241,179,57,71,65,58
118,224,213,170,79,94,86,76
95,159,156,122,76,93,85,78
146,276,260,180,75,92,80,69
107,186,175,139,76,82,70,60
155,328,312,241,88,128,118,95
106,186,178,126,61,70,62,62
117,186,174,139,77,74,65,65
128,218,206,148,82,105,97,79
101,186,168,130,63,81,72,60
155,311,296,208,81,96,90,70
99,145,137,104,85,91,79,75
107,201,188,140,78,83,68,79
98,144,131,105,63,82,70,72
106,169,148,111,57,82,76,74
126,228,210,155,65,73,68,59
144,298,278,207,57,74,65,59
111,177,162,130,51,62,55,53
112,210,193,154,60,65,59,58
138,252,244,165,63,67,64,62
115,195,180,130,59,71,63,58
137,262,240,184,65,80,71,64
123,189,175,131,74,73,64,56
126,262,256,194,70,79,71,54
107,190,178,140,70,84,81,68
100,138,122,102,84,102,90,83
94,159,148,120,59,66,55,54
135,272,254,193,76,96,88,70
110,164,150,125,76,92,82,75
103,191,182,149,66,79,71,60
120,178,168,126,68,85,77,66
164,313,296,220,62,61,56,48
108,178,163,125,83,103,96,79
84,117,105,85,53,62,53,52
114,198,188,141,75,85,75,62
115,155,140,109,94,128,117,98
133,235,221,174,67,76,66,61
148,297,281,218,80,102,93,84
109,165,151,109,74,93,85,72
90,138,130,97,69,86,81,71
114,189,176,132,70,96,89,65
132,239,215,179,63,73,67,56
101,123,112,88,68,90,83,69
101,156,142,113,74,83,74,67
120,218,202,153,79,100,93,87
124,246,231,203,76,83,75,71
145,258,243,188,69,86,80,65
113,189,177,135,76,93,83,67
81,155,147,110,51,60,55,55
86,147,137,105,60,74,65,54
101,152,142,119,50,49,46,43
91,153,142,121,81,86,79,62
99,163,153,109,66,83,75,75
143,243,227,180,60,68,54,61
102,223,205,166,76,90,84,73
107,184,175,127,70,71,66,60
130,246,233,172,56,65,58,49
122,265,252,204,71,88,81,73
120,217,210,153,65,82,72,66
126,211,200,152,61,58,51,52
113,189,174,145,73,91,78,71
132,222,200,166,71,72,65,63
104,178,163,136,74,84,76,70
135,214,189,149,62,66,59,58
97,138,126,100,88,113,105,89
109,149,134,107,47,59,53,50
103,189,176,133,69,86,81,67
99,135,126,90,56,64,52,55
105,170,157,122,74,89,83,76
113,165,150,132,61,75,66,64
78,128,117,84,75,86,77,72
114,218,206,138,67,84,80,65
107,194,178,137,75,93,84,70
111,207,197,156,60,74,67,62
111,218,205,139,80,87,77,69
97,163,148,124,64,66,61,53
128,229,212,160,67,83,79,72
94,206,192,133,72,86,71,72
99,169,156,125,69,86,75,76
121,217,208,156,72,78,69,61
123,192,176,139,89,109,97,87
129,216,202,162,70,71,59,58
109,210,194,155,75,92,81,75
138,299,283,200,69,76,71,62
157,341,325,235,61,62,50,50
138,282,269,219,90,100,92,84
109,199,185,146,66,78,69,67
97,152,141,118,77,112,108,89
90,141,128,90,88,91,79,68
140,192,181,141,64,83,76,69
118,235,223,170,77,97,90,82
89,136,124,94,67,74,66,62
102,150,135,114,64,71,66,58
103,177,168,143,85,87,77,70
109,201,186,147,94,111,100,84
128,233,220,165,76,97,86,78
92,193,186,141,63,78,71,62
84,102,97,75,76,92,84,80
121,192,182,133,67,64,59,51
125,267,248,176,86,112,104,91
118,171,164,111,52,65,56,52
119,226,212,157,65,84,76,63
101,153,141,109,48,48,44,39
104,162,147,114,62,68,61,50
96,165,153,116,82,105,97,81
124,254,235,176,63,78,69,63
101,198,189,153,70,76,70,67
112,177,167,134,52,56,50,46
106,175,160,126,65,67,54,50
99,156,149,109,74,74,68,66
122,228,215,171,78,99,91,80
106,193,178,142,58,58,54,44
92,140,133,107,65,83,79,61
103,158,142,116,70,72,64,60
101,167,159,116,73,76,68,64
115,226,215,166,63,65,56,51
90,164,152,125,73,91,80,79
88,172,160,121,84,101,88,85
114,196,179,166,71,82,78,67
136,274,258,191,54,64,59,52
152,241,227,178,65,79,69,64
92,145,135,117,51,48,41,37
102,158,145,111,67,73,67,61
133,256,231,182,63,87,80,71
122,238,226,174,76,86,72,69
103,185,175,128,84,93,83,83
108,147,131,108,55,59,52,49
136,223,207,157,73,91,84,73
97,135,123,94,65,80,74,66
101,178,167,132,84,106,96,87
136,243,230,183,59,65,55,54
124,192,179,147,56,68,59,60
123,214,205,158,62,57,46,46
101,159,147,123,66,90,84,72
118,197,183,149,60,69,66,50
136,227,219,168,68,87,78,65
150,275,257,185,67,75,66,58
134,245,224,172,66,80,70,64
133,246,225,154,67,82,73,61
96,159,150,111,64,74,65,60
144,259,243,180,64,77,65,58
127,227,210,157,62,59,50,50
125,299,284,218,61,60,52,54
103,164,151,123,70,76,68,59
112,163,149,110,76,95,83,77
113,183,171,125,63,67,61,57
71,98,92,73,56,69,59,58
113,186,175,122,78,88,81,73
101,187,171,125,65,82,74,56
115,214,200,152,73,86,83,76
81,142,135,109,85,104,95,80
105,180,168,145,79,97,91,76
161,318,296,232,73,83,71,67
104,161,152,127,78,86,80,67
160,323,304,246,76,100,93,87
113,180,165,136,68,80,73,62
119,210,195,141,69,72,67,59
169,319,298,228,55,59,49,53
107,159,150,126,68,92,81,69
136,242,230,172,56,69,65,52
112,175,163,134,60,67,62,51
109,187,165,138,68,76,70,63
134,241,222,187,70,81,72,68
139,285,267,211,70,85,81,69
90,130,123,91,83,111,103,86
90,129,122,98,84,89,73,63
131,241,231,184,70,85,73,64
94,158,149,117,76,85,77,64
146,234,222,182,67,81,75,66
107,210,201,145,66,74,67,66
89,168,156,126,61,61,55,49
104,193,179,137,63,63,54,56
99,171,158,136,83,87,70,76
119,230,217,163,68,85,82,74
127,253,239,185,65,78,68,64
142,223,214,171,56,78,69,66
123,233,219,176,67,82,75,69
96,132,119,98,63,76,69,62
125,222,210,161,64,75,68,62
120,225,218,150,76,89,82,75
110,180,166,127,73,92,82,78
133,259,244,164,66,74,59,59
126,219,204,158,60,69,60,57
115,252,233,174,56,74,70,60
105,197,185,135,58,66,62,53
98,212,200,148,64,74,68,65
107,192,180,127,66,64,59,52
125,228,216,165,67,77,69,59
109,188,174,126,66,88,76,68
101,192,183,123,84,100,92,82
157,361,342,273,71,100,88,85
128,263,247,182,80,100,92,84
104,172,164,125,71,77,70,64
95,133,122,101,68,78,73,62
132,226,207,173,55,60,55,50
137,249,230,183,83,99,86,81
101,163,153,127,56,63,55,43
131,203,186,147,61,79,74,66
114,219,209,166,83,93,85,72
131,229,210,161,67,69,62,54
113,231,225,179,44,47,44,37
103,198,185,148,76,90,80,74
101,168,156,107,57,71,65,56
134,306,296,216,78,97,86,79
150,253,235,171,67,84,81,62
102,158,144,114,78,102,88,72
114,221,206,145,68,88,78,78
97,163,155,119,58,59,57,52
109,233,222,168,86,123,109,90
97,154,145,116,68,71,63,58
132,223,209,154,84,102,94,81
101,178,164,112,65,77,64,66
121,196,178,156,57,79,75,67
101,200,183,155,63,77,68,61
89,150,133,113,66,92,83,74
107,196,186,136,71,99,96,77
107,188,175,128,77,88,82,69
155,365,348,254,58,65,56,52
133,265,247,181,57,62,57,49
124,213,203,143,78,94,85,72
114,180,164,136,73,88,81,80
133,236,227,153,77,93,86,73
107,159,151,121,66,74,68,63
106,164,146,116,76,86,83,67
97,148,134,109,59,66,59,54
137,228,215,165,77,77,73,60
132,254,237,175,65,71,60,57
130,254,237,178,80,94,91,77
98,168,160,128,73,77,65,58
159,313,286,235,61,86,79,73
87,153,139,109,61,71,61,61
99,182,172,145,53,63,56,54
141,270,251,202,63,82,73,70
108,219,209,143,67,89,82,77
74,94,80,74,82,94,85,74
102,150,140,101,88,91,81,74
97,222,206,168,64,79,69,66
126,221,202,164,90,101,86,79
105,158,151,110,64,59,49,48
108,221,210,159,60,74,68,60
138,215,197,162,84,104,95,78
138,227,209,156,69,80,71,69
79,148,139,108,60,81,78,64
125,262,248,197,87,114,105,91
132,312,299,215,85,101,92,81
106,189,176,134,63,64,51,54
103,166,157,114,54,53,49,46
152,261,243,201,49,59,49,54
103,171,161,132,62,72,63,59
119,230,218,167,61,82,73,70
96,157,144,116,70,89,76,78
129,211,187,142,95,112,100,88
132,239,221,168,71,80,72,58
90,145,131,100,67,88,79,65
140,231,220,165,54,64,58,51
113,179,170,130,67,83,78,71
102,162,147,120,82,99,90,75
127,219,209,146,66,68,61,57
91,129,119,92,59,65,63,51
120,251,236,179,79,73,68,59
141,289,273,200,81,89,78,69
90,139,126,106,64,69,63,54
136,269,254,182,60,72,62,57
70,100,86,78,62,89,81,78
130,304,293,208,58,71,60,55
159,313,297,233,63,80,72,74
133,277,265,222,77,97,86,74
120,196,179,141,76,78,68,64
111,232,214,158,69,73,65,64
138,285,267,235,75,93,84,73
106,177,167,130,64,74,68,66
126,267,243,187,54,57,51,46
96,147,137,100,54,62,56,44
107,140,128,111,79,93,83,70
119,180,173,139,67,80,66,70
113,191,179,141,47,48,47,38
93,192,180,135,66,75,70,64
67,89,78,67,57,60,50,47
128,217,206,169,68,86,80,69
91,133,124,105,59,75,69,58
115,212,199,154,63,78,74,55
132,235,220,164,73,82,79,73
88,120,108,78,87,109,99,76
119,249,229,182,74,80,71,61
109,165,152,116,62,79,69,58
94,140,127,98,66,91,87,73
103,183,175,125,68,89,81,69
117,207,191,147,89,105,93,84
124,210,182,154,55,68,60,58
85,121,111,86,66,74,67,55
125,203,187,139,67,92,82,75
120,231,222,168,56,68,62,57
114,172,162,122,65,82,73,72
113,169,159,117,73,85,81,70
133,243,228,166,72,86,83,71
113,163,153,120,72,90,85,74
130,225,210,153,75,96,91,78
134,252,237,165,56,76,72,61
116,179,167,134,63,70,62,58
104,177,169,131,68,94,86,66
92,150,142,109,66,68,62,55
87,136,130,101,75,93,84,80
129,212,204,149,79,87,80,69
125,234,214,149,55,55,51,45
112,199,188,137,72,75,70,59
107,173,155,117,90,106,99,91
99,204,191,152,67,90,81,73
118,231,220,159,65,75,68,60
97,174,165,139,65,91,86,71
130,237,220,168,61,73,70,62
78,125,117,92,69,95,87,76
143,270,256,195,65,68,61,54
121,183,170,133,55,75,67,58
95,159,144,126,55,67,64,61
95,134,126,100,64,71,61,52
130,292,276,206,79,98,88,84
100,137,132,95,67,75,69,63
132,230,220,163,70,87,80,66
146,267,243,189,76,80,71,60
126,204,196,149,59,70,64,60
98,179,164,137,67,65,61,53
139,225,211,170,60,72,68,63
97,172,161,136,58,65,60,53
117,238,222,185,59,56,49,46
100,144,137,94,71,86,78,76
71,113,104,87,82,94,78,67
117,176,162,123,66,75,66,60
124,207,193,140,75,97,91,80
123,219,206,162,86,105,96,80
86,122,108,92,58,67,52,47
116,189,179,120,68,95,89,82
101,228,217,188,80,92,79,73
112,226,212,161,96,116,108,92
130,239,225,169,57,63,56,53
85,151,140,105,62,67,60,54
101,118,113,88,60,77,71,61
108,197,186,131,78,104,97,75
110,178,166,118,74,82,79,67
139,199,181,141,77,83,73,71
135,258,249,183,60,76,73,63
100,162,142,126,78,82,72,64
88,128,122,93,54,66,58,56
122,204,189,147,76,113,103,92
118,196,181,126,65,72,63,59
102,155,146,111,85,101,95,82
124,187,179,145,69,88,78,74
65,132,129,98,72,78,70,58
101,149,140,121,79,92,86,77
91,151,139,118,67,86,79,66
98,152,138,112,78,95,83,78
131,220,203,155,58,66,60,49
99,161,153,120,77,90,81,69
140,259,241,178,70,85,74,65
95,147,135,86,62,77,70,65
167,290,273,208,86,95,86,70
129,273,257,197,62,62,56,47
136,187,171,134,69,84,79,68
151,350,332,263,77,83,71,68
145,286,270,209,66,66,53,59
152,291,273,203,72,87,78,71
116,211,199,135,79,85,75,69
154,284,273,202,61,66,57,55
102,154,144,120,57,61,55,55
104,190,172,130,67,91,80,76
77,108,97,80,67,66,58,56
133,269,255,196,70,76,69,60
121,254,239,178,57,60,50,47
108,239,228,172,93,130,122,96
123,182,170,129,62,76,72,61
116,180,164,125,78,106,103,88
115,214,204,151,49,54,47,41
128,232,218,160,63,77,71,64
109,209,197,148,65,80,73,67
118,255,242,180,75,81,70,64
120,228,208,153,58,58,52,53
127,211,196,152,72,97,84,75
109,163,147,117,68,65,54,55
85,158,148,115,81,83,74,70
102,146,129,106,73,85,77,65
153,289,263,185,60,60,54,55
142,265,252,166,44,45,43,39
133,190,174,134,85,101,93,84
120,207,191,150,59,72,68,53
108,200,192,149,80,90,81,70
121,221,211,164,78,74,66,57
120,212,197,149,55,54,48,39
119,228,208,156,73,91,81,71
106,157,144,112,56,75,71,66
119,218,193,148,75,73,64,62
77,109,102,91,76,87,78,66
88,155,146,103,62,80,72,56
104,188,169,137,89,104,90,78
157,298,279,205,57,65,64,51
124,241,230,163,69,80,73,61
137,241,229,168,68,91,78,76
135,249,236,174,62,74,66,56
123,220,204,142,59,66,61,52
130,225,210,173,58,56,51,45
116,229,211,163,49,52,48,45
105,165,157,128,69,80,77,63
130,241,227,163,52,55,49,44
88,123,112,90,69,88,83,69
149,240,223,182,69,76,65,68
114,193,178,141,79,100,93,77
91,159,153,114,61,73,60,60
109,174,165,128,61,82,69,61
134,239,220,197,81,114,104,87
118,203,190,145,81,84,74,72
166,300,287,219,75,78,67,60
129,226,205,157,73,93,91,80
106,222,212,161,67,79,66,64
105,168,162,119,65,93,87,74
102,167,152,111,72,78,68,62
96,130,110,92,81,90,86,73
103,185,171,135,67,72,61,61
133,289,264,202,68,78,68,59
103,183,177,135,61,75,68,59
97,163,157,127,71,89,72,68
100,197,182,140,69,82,74,66
111,214,200,157,91,97,81,79
114,211,192,152,64,87,79,69
146,281,263,195,54,72,67,61
97,171,160,106,75,84,77,72
93,163,154,118,60,67,62,60
117,223,213,172,65,74,64,58
115,226,203,154,77,80,71,68
113,162,145,120,75,82,73,72
112,192,174,127,73,87,78,74
143,280,263,190,78,96,91,74
146,271,252,190,70,81,73,62
96,161,148,110,75,92,79,71
90,129,117,88,73,78,70,61
104,176,162,137,78,103,99,79
134,248,232,185,85,99,91,83
