151,305,287,222,117,196,179,129
132,193,182,128,107,165,151,122
121,211,194,146,129,196,182,139
161,322,305,243,99,137,127,104
115,166,144,113,81,104,90,83
144,343,324,232,108,180,171,148
149,240,222,156,98,163,158,116
114,197,178,136,115,218,204,156
120,253,238,176,92,133,121,97
116,232,213,158,79,131,123,92
107,190,174,133,80,121,109,83
101,154,146,119,109,160,144,122
142,278,268,206,130,219,203,156
143,254,236,194,122,208,193,154
117,204,188,143,138,216,199,151
117,204,182,149,97,162,145,109
136,238,224,161,92,153,137,104
101,165,150,115,112,149,140,115
97,158,148,122,94,145,134,118
76,133,119,107,111,177,165,138
110,169,155,119,114,212,198,160
160,332,311,236,113,172,156,131
93,158,142,120,105,202,188,144
127,202,188,143,109,190,178,128
99,139,128,109,138,237,217,162
121,213,199,161,102,168,156,122
130,235,218,174,102,168,148,133
140,226,213,150,82,125,116,97
138,220,200,153,108,181,164,134
85,211,197,143,103,168,156,132
127,203,188,144,97,202,194,131
149,251,235,170,124,202,181,148
102,194,186,121,92,128,118,95
110,166,151,135,94,143,124,115
151,281,250,194,117,160,144,112
95,166,156,122,111,164,154,128
81,148,133,107,93,143,135,103
125,205,189,155,118,192,183,139
122,210,189,150,94,128,118,97
118,197,186,133,96,162,148,119
146,281,254,210,102,141,130,109
130,264,247,198,124,221,201,159
117,210,193,154,94,144,137,107
109,193,184,138,108,160,151,112
113,216,195,154,106,174,165,140
120,239,223,166,96,108,92,73
129,219,201,134,87,135,122,108
103,181,166,139,113,176,165,126
145,258,241,188,121,193,170,138
97,159,142,103,105,153,135,106
152,243,226,170,116,175,163,140
94,143,127,104,99,136,124,111
137,226,210,173,82,131,125,97
130,261,240,180,110,165,157,127
90,188,177,129,89,133,114,87
132,225,206,158,105,198,177,147
143,281,264,184,79,128,115,87
125,235,219,159,92,132,121,97
132,219,202,152,107,168,157,128
129,206,193,138,94,156,139,114
170,289,275,193,110,168,158,123
143,256,236,188,108,144,124,103
83,152,139,116,125,215,194,153
120,278,268,201,128,244,229,166
138,236,220,152,98,150,137,103
139,267,246,171,106,203,191,146
133,291,278,206,122,172,157,124
114,204,191,141,91,132,121,103
109,203,192,134,80,115,105,89
138,283,270,183,111,154,138,112
98,159,148,109,124,203,185,142
104,180,168,129,86,121,113,94
111,204,187,140,119,194,179,139
158,349,332,257,120,211,192,153
110,187,169,125,90,158,147,113
97,154,142,124,88,119,106,93
126,277,260,191,108,189,178,145
127,242,226,185,109,176,163,128
102,159,150,121,118,240,225,184
125,237,216,150,124,207,187,152
139,238,220,157,76,124,118,87
116,209,199,154,85,136,127,97
135,296,281,221,98,148,137,102
131,249,228,173,109,140,132,104
110,187,170,137,75,101,87,80
117,241,227,155,82,134,121,93
135,260,240,194,60,92,86,73
125,213,201,155,115,214,201,172
129,279,257,186,124,234,221,166
117,209,197,157,104,152,141,105
156,294,280,208,91,120,114,96
123,174,161,127,89,117,100,95
142,282,262,209,77,96,86,77
147,278,257,205,106,160,149,122
109,193,174,132,110,210,193,134
134,303,285,208,91,145,128,99
125,220,202,159,91,143,132,97
103,196,183,137,83,110,99,85
128,226,212,155,90,136,123,95
101,187,177,140,96,133,122,105
94,183,161,122,107,161,145,126
143,230,215,171,109,181,177,135
97,214,199,165,123,213,195,145
121,224,210,163,77,117,106,88
117,259,248,189,117,198,182,143
108,201,190,137,135,217,203,141
164,358,341,250,85,139,131,99
148,258,246,164,112,179,159,131
127,237,220,169,89,99,83,77
155,287,271,197,97,175,164,128
119,224,207,159,94,170,162,132
129,238,228,177,90,130,121,102
139,269,251,190,90,112,97,78
167,357,335,253,112,199,185,144
97,136,122,106,84,109,101,79
116,194,184,136,87,99,87,72
152,276,256,200,89,156,147,117
138,245,231,190,95,125,110,98
126,200,189,153,125,207,186,146
97,132,119,114,96,147,130,101
112,162,143,106,103,183,165,120
127,195,177,142,114,212,199,142
126,238,225,171,104,149,137,113
155,240,234,188,128,198,183,136
116,207,192,151,122,192,174,144
146,270,255,188,112,154,136,118
96,234,227,192,86,140,130,110
119,249,230,175,95,134,126,96
119,196,179,128,99,145,126,86
84,140,131,109,127,226,205,164
126,284,264,194,85,117,100,91
135,246,225,172,74,105,95,82
121,256,240,189,138,225,209,158
110,199,187,135,87,152,146,122
141,249,226,174,103,177,163,120
148,348,329,245,84,132,118,97
145,320,302,212,76,125,113,93
120,185,167,134,106,148,133,111
103,156,141,122,88,139,125,96
135,246,228,184,125,237,219,173
148,289,269,200,126,211,196,152
135,255,230,190,101,132,118,101
154,314,295,211,114,165,156,121
135,244,221,186,99,133,119,100
102,167,152,134,98,169,157,108
134,259,245,174,87,115,110,86
129,230,215,181,92,134,120,94
115,216,203,154,53,63,52,56
98,147,129,108,80,119,108,101
106,199,188,155,122,182,167,139
141,274,254,192,92,197,189,136
131,271,256,182,111,196,176,143
121,206,190,127,86,160,153,121
126,206,193,138,118,194,181,137
87,127,113,95,114,160,146,109
128,216,199,153,72,108,97,81
143,299,282,217,87,134,125,104
165,380,363,264,137,222,210,153
162,271,252,187,100,150,142,111
82,126,113,99,86,131,122,98
159,265,241,201,132,198,184,140
89,150,137,110,112,180,167,130
116,275,260,203,65,80,73,59
123,234,219,179,96,145,130,103
120,230,214,150,120,236,221,168
112,230,213,159,117,181,164,139
125,275,261,215,114,209,190,152
116,198,183,155,93,137,121,97
97,192,180,133,119,194,179,140
123,214,199,152,113,162,153,112
108,152,138,100,94,157,140,123
84,145,137,115,96,173,162,127
139,308,284,222,87,116,105,88
151,325,305,225,100,148,133,101
121,281,261,182,119,195,183,137
155,279,258,193,117,197,182,151
156,302,273,201,111,235,219,162
126,258,245,188,94,121,107,91
119,191,177,126,108,173,159,124
154,268,247,187,100,185,174,125
144,273,261,206,109,156,150,114
111,181,162,121,95,139,133,102
135,218,202,151,137,184,169,137
137,282,267,195,135,202,187,148
103,177,166,128,68,123,117,88
119,240,228,161,96,169,162,133
141,287,264,213,98,146,128,108
153,278,257,197,111,185,175,124
89,145,134,105,98,157,145,121
141,292,274,202,89,137,133,109
128,268,257,213,127,205,188,143
164,288,271,215,93,159,147,126
100,136,131,109,111,219,203,155
109,195,179,130,105,182,170,128
160,336,315,223,93,133,125,101
113,188,172,143,126,217,210,159
136,298,284,203,100,179,166,131
122,226,209,172,72,93,82,67
129,233,215,172,82,119,107,96
132,224,215,156,93,139,129,103
129,247,226,171,132,187,174,144
81,134,122,95,122,204,191,147
121,265,248,200,126,217,200,168
105,218,207,158,71,109,103,80
113,204,190,152,118,204,191,145
122,245,235,160,73,115,103,82
138,250,231,167,111,174,161,129
130,264,248,194,75,88,76,64
125,207,193,144,136,255,235,185
126,295,281,193,78,145,131,106
142,218,204,151,69,110,101,84
162,329,314,237,104,153,135,115
124,221,205,177,78,136,126,103
141,242,220,179,103,192,180,137
121,191,177,155,129,213,192,145
160,366,352,266,98,178,158,127
135,235,226,167,84,143,133,110
125,206,194,144,118,221,199,157
175,304,288,221,99,146,134,114
142,294,275,209,98,122,109,91
119,227,206,160,103,154,138,107
118,238,221,167,118,187,168,152
147,270,246,201,88,150,141,109
161,338,317,250,74,103,96,82
120,182,168,123,78,119,105,99
134,270,255,190,118,204,188,161
125,172,157,111,103,171,157,123
130,269,258,189,105,161,150,110
131,308,286,207,98,150,136,117
136,273,255,207,121,250,231,177
101,216,193,146,82,111,101,89
132,233,215,164,97,171,162,127
128,263,251,186,110,198,185,147
111,205,187,147,114,193,188,145
100,134,118,94,122,219,207,166
112,158,145,116,102,181,172,122
136,329,314,238,137,236,226,164
130,264,247,191,104,156,141,110
133,253,239,192,111,169,146,124
119,204,190,146,101,138,121,97
133,275,255,193,97,149,137,115
130,271,257,197,69,97,90,80
151,303,282,217,100,160,145,110
135,303,289,226,108,154,137,110
182,395,364,266,125,215,202,148
109,191,169,135,103,132,115,94
121,244,222,174,102,202,185,141
148,295,275,210,118,190,178,139
153,284,263,187,102,169,157,129
128,245,229,183,106,172,163,135
93,168,155,116,80,111,97,89
108,224,214,167,76,103,92,84
140,304,286,220,101,155,142,125
143,276,252,187,133,220,208,142
149,278,263,190,76,102,91,90
115,239,227,161,93,135,128,108
90,149,132,101,110,219,204,164
155,351,334,235,83,117,99,95
90,117,103,88,123,186,172,143
106,210,197,145,104,177,169,132
108,209,193,134,105,179,166,125
85,149,138,110,75,113,105,94
99,214,201,136,107,168,149,114
100,197,177,124,102,146,135,101
122,254,242,190,100,182,170,119
113,201,188,142,111,188,175,133
131,256,238,182,119,166,150,119
118,292,276,196,103,144,135,113
106,187,167,123,127,216,203,146
101,207,193,154,91,148,134,111
100,202,193,156,104,178,165,138
147,262,239,202,112,172,159,128
87,152,143,96,88,144,136,103
98,129,115,95,95,113,102,84
135,286,270,213,107,213,204,163
100,176,162,110,80,118,110,86
120,163,151,121,101,183,173,134
135,279,265,192,134,224,210,153
118,220,203,165,98,158,143,115
93,149,141,98,98,178,164,139
164,306,281,208,112,198,179,139
129,271,257,176,83,122,107,89
152,292,273,229,106,181,170,143
138,272,254,173,116,166,150,118
105,213,203,157,128,185,167,132
125,241,224,182,119,172,161,129
105,197,180,147,101,165,153,108
113,245,228,156,118,233,219,178
104,143,135,108,93,139,131,99
172,345,314,243,108,173,161,128
156,353,338,268,87,119,104,98
130,295,283,213,82,144,135,103
109,160,143,98,114,192,172,137
160,313,288,216,113,198,187,151
135,286,265,182,102,166,154,128
152,301,285,209,92,111,100,84
162,305,289,218,99,158,145,113
157,265,246,179,91,135,121,89
108,189,178,127,89,151,137,106
149,283,269,185,96,189,180,142
109,227,213,161,87,114,102,89
113,189,173,128,108,170,158,117
136,241,224,173,84,139,127,96
108,205,191,156,117,207,198,144
134,258,242,163,72,104,92,78
140,228,210,157,86,108,97,84
135,246,226,192,102,160,148,106
118,230,222,166,86,125,118,88
131,242,231,159,124,205,189,142
100,175,167,123,98,139,126,108
115,248,233,167,90,166,152,109
198,364,347,252,64,85,76,64
79,138,130,103,130,231,215,169
126,269,257,210,86,110,96,88
122,312,292,232,84,126,111,92
152,271,252,206,114,194,176,150
91,153,143,108,97,163,152,124
118,189,175,126,152,218,199,157
118,223,201,149,109,183,165,132
119,263,248,169,120,218,206,161
82,152,145,103,106,178,170,124
134,259,245,176,98,141,132,101
137,226,218,156,90,152,138,114
110,210,198,161,109,155,143,111
107,179,162,124,86,130,122,103
135,230,210,163,97,155,143,118
161,278,261,185,89,146,134,107
103,188,177,138,108,164,158,104
105,174,159,131,109,182,169,138
123,250,236,174,110,169,154,120
104,200,185,113,96,141,127,108
91,187,176,122,98,173,161,119
129,242,226,172,121,213,196,150
140,295,281,204,90,151,133,105
90,174,166,124,119,155,130,109
159,285,264,198,102,134,121,96
102,205,194,145,107,161,149,113
126,268,255,189,82,128,120,93
115,227,208,169,109,182,166,127
86,146,135,94,102,168,153,115
124,242,223,173,110,148,132,109
151,272,254,196,126,208,186,160
112,263,245,170,115,166,149,111
144,290,281,203,115,184,167,118
132,247,224,182,120,185,168,127
131,224,207,154,90,148,134,113
139,280,260,206,76,140,125,114
111,154,140,119,100,175,163,131
136,270,247,183,88,126,117,99
138,236,213,162,98,154,140,114
124,202,185,140,90,166,152,110
151,280,262,195,107,202,189,147
89,189,178,126,101,186,173,140
117,210,197,143,91,158,142,113
134,213,201,141,121,179,168,120
131,208,188,150,108,192,183,143
130,253,238,183,97,138,126,101
108,225,208,145,90,106,91,82
112,185,170,125,83,137,128,107
98,215,200,143,88,123,109,86
116,205,189,160,98,178,157,139
127,246,234,183,119,230,220,173
142,275,260,214,97,154,144,114
133,277,266,193,105,145,137,104
106,179,161,142,104,159,141,107
116,205,194,153,92,134,118,102
91,140,128,100,97,149,138,110
120,216,199,133,94,137,120,98
124,245,229,190,91,141,130,111
108,166,153,126,117,203,192,142
103,163,154,120,89,128,117,94
110,167,157,115,85,118,106,94
92,179,168,125,87,152,139,95
104,197,185,142,106,199,189,139
113,212,196,162,101,140,128,90
124,216,200,154,102,137,124,102
110,188,174,133,103,171,159,130
117,216,196,159,74,100,92,79
138,235,214,152,110,203,186,158
107,202,190,129,125,187,173,146
166,334,301,247,91,147,134,114
106,150,141,114,130,237,220,178
123,221,205,143,73,96,85,73
134,279,258,198,100,181,165,133
116,247,233,167,114,198,180,147
102,152,140,107,86,107,96,75
124,241,227,158,85,107,98,83
125,215,194,137,98,155,145,117
99,193,179,129,107,173,160,131
103,190,178,134,75,111,106,86
114,207,196,140,117,192,178,138
167,326,306,222,95,167,153,105
93,138,120,88,106,130,115,98
113,211,199,148,97,125,114,102
100,216,208,157,65,98,87,72
123,250,234,180,95,136,124,104
128,214,201,140,105,179,163,132
140,277,260,202,98,139,125,99
74,165,149,114,104,158,151,123
123,195,177,138,111,161,151,123
137,262,248,175,101,191,174,132
101,161,147,120,81,110,92,83
93,146,135,104,98,176,167,129
131,235,223,181,102,178,163,130
106,281,271,226,101,162,152,124
136,254,239,192,116,167,153,118
114,242,229,165,128,237,223,173
154,317,288,223,104,188,175,133
95,155,142,121,100,188,172,116
126,209,198,152,86,126,117,92
106,193,181,122,92,142,127,107
104,197,188,144,113,212,200,163
156,278,263,213,116,175,164,128
108,218,203,167,82,142,130,100
149,281,266,183,93,147,133,108
116,179,170,133,93,144,134,107
104,216,206,159,103,162,154,118
125,218,207,153,78,117,105,97
104,191,181,143,112,192,175,143
112,190,173,147,131,218,206,159
155,318,299,216,125,182,157,127
163,309,292,218,122,215,204,160
87,154,139,117,101,174,162,124
121,238,218,150,70,113,109,81
152,290,264,202,105,176,158,117
113,202,184,141,125,199,188,151
130,225,200,146,110,205,196,136
88,199,186,145,106,139,127,93
141,257,247,180,82,121,114,98
111,154,142,119,119,186,168,136
108,187,172,128,89,144,133,111
114,218,202,159,101,171,155,120
142,277,253,195,110,193,183,140
111,222,211,162,101,163,152,136
119,212,194,128,114,206,191,144
131,211,196,149,103,191,180,135
131,228,211,173,108,167,150,125
136,279,264,198,110,151,137,111
148,259,244,188,72,105,95,76
134,246,230,170,113,210,195,153
115,183,171,132,106,191,177,139
119,202,176,135,96,146,134,106
150,306,288,231,96,142,130,106
141,233,212,154,131,198,185,136
131,236,221,146,90,137,131,104
131,322,301,221,96,167,155,117
122,232,217,149,87,123,110,91
95,176,169,127,127,248,234,184
127,267,255,187,98,139,129,105
77,108,105,79,127,181,162,136
137,246,232,183,110,194,181,136
142,293,274,205,91,163,153,116
116,196,182,148,95,154,143,109
139,273,258,183,75,161,158,119
156,381,363,281,93,150,137,114
93,125,105,88,148,223,203,159
173,291,275,212,105,183,171,121
130,213,195,155,114,226,214,172
124,226,212,170,88,149,143,109
142,254,242,174,84,135,124,102
116,184,167,135,91,139,126,112
91,151,137,108,83,153,144,116
137,257,239,186,106,191,176,132
117,268,256,166,96,159,146,101
121,242,228,161,109,210,194,146
68,151,139,120,133,195,180,149
133,289,275,195,102,147,138,112
136,229,212,153,92,152,135,114
137,238,225,164,132,241,221,179
121,259,244,191,112,183,168,128
172,303,281,221,107,200,185,139
87,145,131,103,100,149,133,118
150,297,277,202,129,197,183,131
126,245,236,165,103,147,131,113
139,271,256,209,110,210,204,147
154,261,243,186,133,226,209,180
112,241,222,168,89,134,121,91
132,226,202,164,105,174,161,125
125,193,177,153,138,225,206,171
116,223,214,174,91,162,149,112
150,287,272,197,99,172,167,126
121,209,191,152,102,153,134,105
95,173,153,125,104,150,138,110
166,337,320,262,80,140,128,105
85,138,124,101,106,152,134,116
153,303,292,198,113,186,171,143
123,224,202,143,78,110,94,87
149,256,236,182,89,125,110,98
110,170,158,123,99,180,171,131
158,347,328,251,115,206,193,154
173,282,263,203,109,177,157,133
115,283,268,215,87,113,101,92
89,170,160,130,128,235,214,167
124,242,231,171,87,99,92,66
116,211,193,140,102,168,152,114
100,208,197,158,89,147,132,101
117,214,200,143,100,144,134,108
127,204,186,151,110,194,182,151
134,287,272,214,142,267,253,213
113,188,170,127,103,147,136,103
134,231,211,160,103,159,148,118
139,263,249,185,112,180,167,125
152,289,267,214,90,138,127,104
101,192,185,130,105,159,146,126
135,268,249,179,94,139,127,109
153,309,287,209,98,168,155,130
139,212,188,154,85,122,110,79
105,182,172,139,127,206,186,148
96,145,135,110,116,197,180,149
112,214,208,171,79,105,90,74
120,198,188,135,126,194,181,125
104,162,148,115,99,155,146,124
123,250,229,174,99,141,132,105
154,304,280,217,111,172,160,125
139,264,254,177,85,122,111,85
99,207,192,124,101,148,136,109
115,195,181,136,79,121,110,89
152,347,323,244,113,166,150,125
142,334,312,234,89,161,146,125
120,224,213,154,92,146,137,93
132,272,259,169,108,159,147,103
135,233,216,163,100,181,163,132
85,117,105,87,88,127,111,107
134,223,214,156,98,156,144,119
131,243,229,180,77,126,116,96
131,249,240,168,72,116,104,88
114,166,156,112,94,146,134,110
144,316,299,200,99,159,152,114
156,306,284,210,89,134,120,105
149,228,210,169,115,192,184,128
155,282,262,183,97,158,143,112
112,241,228,144,115,205,192,142
128,225,209,145,89,131,119,102
104,158,150,116,110,232,218,163
89,158,145,115,106,189,174,129
115,182,158,122,104,149,132,110
89,171,158,127,102,127,110,91
110,180,164,126,108,190,175,142
146,340,326,228,106,185,175,127
73,101,93,66,98,174,151,116
107,169,160,130,78,116,108,90
118,213,198,166,95,132,124,93
121,211,200,166,103,177,167,126
108,233,223,161,115,164,154,122
110,209,193,153,80,117,103,90
141,297,278,208,99,148,138,102
130,208,185,143,117,181,163,125
94,181,173,129,109,162,149,106
141,261,232,182,110,170,157,128
119,210,198,155,103,147,136,104
108,212,201,132,113,148,136,112
152,229,217,157,91,172,158,111
136,234,217,157,102,146,136,115
116,175,161,138,115,178,165,134
125,243,230,180,109,198,189,151
121,223,206,157,98,136,123,103
152,319,305,225,123,210,201,159
126,227,214,165,118,179,161,132
106,206,195,135,99,136,121,113
122,225,214,176,101,177,169,135
139,260,237,177,107,153,139,115
108,209,194,147,94,139,123,104
93,176,160,130,90,131,119,95
114,173,161,123,92,127,111,96
113,225,210,171,95,158,146,119
115,209,199,153,109,203,191,130
107,210,194,155,109,177,162,121
104,168,151,121,113,182,172,136
122,191,174,126,98,148,133,110
142,250,232,176,94,161,150,110
90,205,191,138,95,171,157,125
135,217,201,166,93,142,126,109
110,168,151,129,106,184,172,136
110,184,170,136,108,209,202,147
135,242,228,166,113,168,163,123
139,239,224,176,143,273,252,195
107,184,174,145,81,96,86,69
98,132,119,100,93,135,124,103
143,263,245,192,135,199,180,144
142,254,236,173,106,126,111,100
120,202,191,156,96,148,135,115
157,330,314,214,109,197,180,154
159,312,290,208,68,84,76,67
162,303,280,213,108,191,177,137
77,151,132,106,93,139,130,104
123,231,212,182,100,166,155,133
90,127,122,93,111,159,144,125
134,253,234,179,104,184,171,122
154,289,267,214,119,173,158,127
102,176,166,129,98,138,127,105
101,209,193,161,89,136,124,102
96,139,118,105,119,194,181,149
131,226,203,157,107,163,149,119
148,311,290,216,96,156,141,118
127,237,216,181,116,187,169,133
155,332,306,242,100,127,114,87
124,248,228,181,122,195,180,134
109,257,243,175,95,144,127,113
117,191,171,134,100,153,137,113
117,200,190,151,93,143,131,107
116,203,188,135,82,139,119,97
124,250,238,184,102,134,119,103
115,205,191,142,69,110,102,82
99,157,148,107,102,164,152,131
142,319,301,232,69,111,98,78
144,300,284,227,100,164,149,120
130,205,188,143,113,183,167,131
93,149,140,103,109,173,157,121
93,140,133,107,95,141,124,102
128,242,219,173,143,216,196,150
161,327,314,245,111,194,176,137
106,198,181,133,96,163,150,117
126,239,229,169,103,195,181,141
131,212,195,167,111,191,175,149
127,202,183,134,122,165,148,114
107,160,150,110,102,197,190,146
141,240,226,169,110,218,201,135
121,231,221,164,126,212,199,137
109,212,201,155,127,207,191,154
124,202,178,127,90,176,163,120
108,202,190,147,92,113,100,85
106,224,215,162,76,115,102,90
107,197,183,131,89,136,125,101
144,302,282,210,113,155,136,117
122,202,185,139,94,155,142,113
114,272,255,194,98,161,149,116
120,203,189,142,86,107,96,76
160,299,284,224,83,117,108,96
138,258,246,187,126,219,203,161
99,191,178,137,106,153,143,113
100,157,144,115,84,117,101,91
147,253,241,167,95,132,119,98
111,189,176,135,123,233,218,158
140,261,237,179,90,149,142,106
95,170,159,116,127,199,187,146
132,222,208,146,79,97,83,69
179,378,356,282,92,160,151,111
102,187,182,137,85,135,124,107
127,245,223,165,116,194,182,134
106,185,173,130,93,130,118,101
130,242,228,159,137,285,271,207
117,229,213,164,108,188,180,144
106,212,198,141,80,134,125,99
104,180,168,128,84,102,95,80
98,207,192,128,88,127,116,83
114,172,161,118,114,184,175,135
150,266,247,184,107,194,176,115
130,229,216,171,87,140,131,98
131,265,250,176,114,180,166,135
140,319,304,217,71,97,90,72
123,208,191,136,95,141,132,99
136,232,211,175,109,193,173,133
118,189,177,133,134,260,249,189
124,218,209,143,103,143,131,108
103,203,186,142,102,142,128,111
130,250,238,170,93,155,141,102
97,151,143,104,87,147,135,113
139,301,278,211,84,118,101,91
100,183,167,109,119,233,222,159
105,170,156,126,100,138,121,116
135,232,217,170,80,138,127,95
146,276,259,212,118,197,179,144
128,260,248,191,92,131,116,98
123,202,187,131,106,172,161,126
128,230,210,183,88,147,141,115
159,294,275,218,117,237,220,170
99,197,181,115,105,165,152,119
107,167,153,114,95,138,126,109
145,281,259,202,80,119,111,87
151,283,267,182,109,146,136,102
121,201,188,142,91,147,141,119
132,244,233,145,120,198,182,138
115,207,192,163,111,129,116,93
131,230,210,170,90,131,122,94
119,278,253,198,95,150,134,112
107,183,169,129,100,152,137,106
131,246,237,181,131,257,239,188
144,323,306,234,115,192,179,136
114,184,169,150,103,175,158,124
109,207,193,151,81,111,99,88
115,252,240,176,82,108,96,80
97,177,167,113,105,150,136,107
132,224,207,146,78,127,116,99
154,295,281,204,108,195,183,141
93,150,136,118,80,123,109,84
107,161,145,123,84,117,106,95
148,242,223,173,95,172,162,127
113,233,221,167,96,154,145,115
124,188,170,131,108,174,164,120
100,160,145,127,98,164,156,112
126,218,206,153,95,141,133,101
106,177,167,130,105,162,146,123
102,191,182,137,108,152,143,116
94,156,147,121,126,198,186,150
168,334,306,243,116,194,179,147
119,249,234,165,96,123,112,82
127,230,216,157,118,173,161,123
99,202,190,137,108,141,129,100
129,245,228,175,87,111,105,84
104,180,164,117,109,170,154,131
113,223,202,139,89,155,146,116
129,249,237,165,99,128,119,102
130,235,218,160,77,112,102,82
130,222,206,156,85,128,118,100
139,268,250,160,117,180,170,134
112,206,193,146,76,88,78,68
117,215,193,154,112,146,133,103
126,199,179,159,85,119,111,90
154,329,304,243,108,200,188,153
124,222,209,169,94,135,127,96
108,175,154,115,113,187,174,154
120,215,194,145,85,126,111,98
124,251,238,173,89,164,151,115
126,227,211,152,99,174,158,129
90,152,145,114,117,188,176,135
111,201,186,132,107,209,192,140
128,299,286,192,97,142,128,110
114,168,154,121,114,194,175,149
140,271,255,205,115,181,165,127
105,200,186,151,98,167,158,128
138,232,213,171,103,187,179,136
128,247,231,180,116,217,205,151
142,289,277,192,114,185,171,127
169,317,296,230,117,208,189,141
122,225,205,159,88,116,110,85
86,167,152,109,98,159,144,111
98,162,150,115,112,158,137,117
101,181,169,116,80,125,116,93
121,235,219,170,89,130,114,98
133,211,188,152,95,130,113,95
136,274,252,192,118,188,176,125
128,224,212,162,88,151,141,120
145,304,290,210,116,181,165,115
109,193,181,152,99,178,169,144
111,182,168,139,86,149,139,118
124,215,201,170,95,135,126,102
110,233,217,171,123,254,235,169
99,184,162,125,133,197,186,131
163,316,300,212,92,175,159,119
171,308,289,213,113,181,168,113
130,248,232,176,109,182,175,132
86,113,104,86,90,146,124,115
113,188,176,150,113,182,166,130
107,204,192,149,122,153,143,109
114,188,176,117,91,171,154,105
142,286,270,193,103,155,147,118
76,143,130,115,123,193,180,131
106,168,155,135,97,205,194,164
90,172,156,116,92,127,116,96
121,231,218,157,106,197,183,141
112,195,178,147,100,158,151,106
112,200,193,149,97,137,130,103
129,221,205,158,80,111,102,84
142,277,258,199,113,177,163,125
123,226,208,159,90,154,142,91
114,213,196,145,109,194,184,136
108,257,242,183,110,167,148,128
166,335,306,217,123,218,206,149
111,211,197,147,95,188,175,126
120,207,188,149,117,233,211,166
124,213,196,145,92,144,134,96
149,286,267,202,99,140,123,101
111,202,188,155,104,167,153,110
118,238,227,150,97,138,125,104
136,210,194,159,100,139,126,107
102,203,191,132,101,158,143,121
134,249,236,164,90,164,147,129
121,219,207,169,142,235,215,181
132,260,245,197,103,192,179,129
121,240,224,167,103,165,154,123
111,213,190,140,100,160,143,124
148,319,290,227,95,147,134,92
117,254,239,175,89,126,111,102
118,232,221,180,90,154,150,127
115,233,218,171,91,133,114,92
128,245,230,174,96,141,132,125
96,173,160,117,119,194,178,140
121,250,235,193,67,90,83,68
151,253,232,165,125,183,173,127
155,340,323,241,118,163,151,112
140,270,255,200,81,135,123,102
156,276,258,181,115,149,132,100
123,197,181,137,106,179,166,131
109,190,177,148,113,186,173,121
134,236,216,176,92,146,132,110
131,228,215,157,129,244,231,166
170,299,280,202,96,170,161,122
148,298,284,198,100,170,160,130
121,173,161,121,94,174,159,106
110,198,184,145,90,128,112,96
139,235,220,168,77,124,110,91
120,202,184,135,85,147,134,110
133,233,215,168,114,196,177,141
128,265,243,171,81,120,108,84
82,127,115,100,104,160,145,130
101,153,139,118,83,142,130,104
170,326,303,254,91,176,163,118
130,264,249,181,83,124,119,100
129,224,210,166,104,161,147,108
138,302,288,221,97,150,137,103
106,149,135,118,91,143,130,104
140,337,322,254,113,203,189,140
152,264,237,183,73,101,88,71
148,308,292,211,109,224,208,173
135,317,298,218,106,167,154,119
114,248,232,162,75,122,115,93
109,185,171,134,94,153,140,112
119,216,195,138,104,151,138,121
130,228,205,165,92,119,111,92
125,230,218,156,122,177,161,125
135,221,209,157,90,119,108,93
151,325,308,253,101,183,171,130
150,222,201,164,98,156,142,118
136,282,266,173,110,181,167,127
172,324,301,235,132,234,218,180
144,244,225,169,68,98,91,72
102,145,131,109,108,187,170,133
115,208,195,159,83,117,108,93
113,198,183,143,121,200,185,136
120,212,196,158,106,206,189,158
120,244,229,164,97,128,120,90
133,233,219,179,85,159,146,112
115,186,177,144,136,241,229,177
126,254,240,167,91,155,147,124
118,244,230,166,93,132,123,99
134,252,241,170,95,163,153,124
136,281,260,204,68,88,77,65
127,247,229,175,126,235,220,170
165,309,289,213,101,184,175,133
156,320,305,234,97,171,161,115
94,172,158,125,92,136,125,103
123,267,250,197,79,125,106,90
132,274,262,204,102,131,126,101
118,214,201,151,94,171,161,127
132,306,288,197,87,143,134,111
132,218,194,151,108,201,185,134
138,275,257,195,127,193,179,140
118,239,223,187,107,171,164,132
120,195,185,135,75,155,142,115
145,242,231,171,89,122,112,87
144,303,287,205,126,258,240,186
142,254,239,194,90,127,115,97
82,130,122,90,85,142,133,98
94,165,152,110,119,191,180,142
152,245,221,161,88,128,112,95
136,201,184,155,90,156,144,125
110,183,176,125,68,99,87,77
131,259,247,205,100,165,151,103
116,219,208,153,80,127,118,103
151,286,261,198,119,200,189,151
104,156,146,106,118,182,166,140
108,201,176,152,107,192,174,143
126,202,189,135,80,117,103,92
93,117,102,80,96,173,161,113
123,186,172,132,110,197,185,149
132,242,229,186,123,210,198,155
167,359,347,270,130,198,183,138
90,123,112,88,86,129,120,104
116,244,229,172,92,140,131,107
101,167,157,116,111,155,142,111
137,237,224,178,112,181,171,133
98,147,133,94,90,147,137,102
125,240,222,186,123,164,148,118
114,191,177,136,90,121,104,96
162,285,267,206,101,139,129,101
96,208,201,152,84,128,119,99
115,267,252,196,85,151,138,114
121,234,218,175,87,133,129,97
98,185,175,141,88,134,124,96
107,185,171,140,88,107,97,78
103,248,224,155,127,176,158,125
137,283,271,216,135,218,203,155
74,146,140,116,114,203,181,146
165,293,274,216,97,154,141,119
137,236,219,173,73,89,82,67
130,223,211,166,98,174,161,113
101,163,148,110,110,199,184,145
155,310,289,212,120,209,195,145
148,220,208,165,97,155,149,112
181,357,339,253,118,154,134,109
132,250,235,172,123,162,147,126
100,168,153,123,92,134,126,108
111,182,165,134,113,191,179,146
115,215,193,151,127,228,205,156
128,229,210,150,114,199,182,156
114,211,188,145,114,181,168,127
130,248,234,179,86,134,116,93
141,274,256,201,122,215,198,148
122,279,260,198,123,174,162,124
90,174,154,127,93,179,165,125
123,194,182,128,105,168,158,122
107,202,186,134,116,203,190,149
139,260,238,168,80,119,110,99
153,321,306,229,114,159,148,117
107,174,161,128,126,201,186,158
158,386,362,256,93,167,151,118
125,217,196,163,98,131,122,99
151,310,289,207,125,210,193,158
121,224,208,162,95,159,151,118
146,367,353,249,98,184,173,130
134,254,239,180,98,149,135,114
118,243,230,166,80,107,91,83
118,241,222,153,97,145,139,93
111,180,169,118,115,185,171,131
118,236,216,172,94,139,129,102
125,222,209,159,124,184,174,112
119,170,156,123,102,182,169,123
122,241,222,171,103,168,159,124
98,153,139,113,104,151,129,111
133,255,238,167,90,132,117,91
125,216,205,158,111,179,168,125
122,209,199,140,95,156,148,111
104,181,166,128,92,120,111,96
107,182,170,117,85,147,139,98
152,339,315,239,103,147,134,99
140,255,238,177,122,200,189,144
116,210,195,158,81,137,127,104
151,282,261,195,115,197,176,150
90,193,184,143,92,171,157,117
126,218,209,152,98,202,184,145
124,234,218,172,101,139,126,107
131,228,212,148,111,182,161,127
142,310,295,219,118,158,140,113
121,241,224,171,115,200,187,146
162,284,260,191,96,153,136,119
140,262,243,190,123,198,179,138
163,282,266,207,89,105,94,77
126,246,228,163,112,194,176,145
141,260,239,185,95,144,130,105
118,222,212,150,91,158,145,126
112,225,212,173,92,142,135,105
119,204,185,130,124,233,215,172
98,193,179,132,99,153,139,100
115,210,195,145,94,154,142,113
114,182,168,127,115,158,145,106
127,224,207,156,133,232,221,176
132,267,247,182,113,210,191,141
133,268,254,191,98,146,134,120
125,253,238,176,97,132,115,95
141,339,325,235,102,168,157,134
100,165,154,120,123,176,160,121
95,167,156,130,116,195,180,141
102,171,164,122,91,154,144,115
88,156,143,108,82,123,114,98
97,171,159,114,111,176,163,128
165,345,326,243,129,209,194,156
180,297,275,218,108,222,208,154
142,303,291,216,92,157,147,112
111,159,151,121,101,163,147,119
123,191,168,133,123,247,224,180
138,255,240,199,82,144,139,104
122,203,192,153,83,165,155,125
160,298,278,195,107,177,164,130
139,268,252,199,93,146,131,117
112,214,200,161,102,165,150,118
123,237,220,146,124,210,197,163
128,216,199,153,108,175,161,124
123,246,227,167,111,191,175,141
147,238,222,173,101,190,181,131
116,191,173,138,78,123,109,91
138,245,225,166,104,152,143,102
149,296,269,199,106,158,143,108
109,173,163,121,91,135,130,106
138,235,219,140,107,193,179,148
148,246,230,183,112,155,141,114
120,221,203,146,90,151,141,113
99,169,161,118,98,173,155,119
135,214,200,153,99,156,143,101
128,248,231,186,104,169,165,120
111,243,226,186,127,198,183,140
141,292,274,202,98,195,183,143
110,222,213,162,98,183,171,131
155,291,277,201,108,175,158,121
136,273,255,195,109,144,131,104
117,210,194,143,92,147,136,102
147,289,267,204,107,171,157,117
123,222,206,155,87,159,148,126
131,231,220,173,77,91,81,75
111,169,154,118,110,168,161,126
129,223,206,132,98,158,149,114
119,211,197,135,111,167,159,125
150,339,323,244,87,160,143,109
98,132,122,102,112,181,173,130
86,133,123,93,102,172,160,138
123,264,251,165,93,150,140,114
139,282,270,198,112,202,197,163
124,221,209,155,118,232,215,166
156,365,348,256,87,137,126,100
161,327,306,232,124,175,154,120
115,194,177,131,91,122,101,91
121,201,183,145,92,117,106,86
124,205,195,149,142,236,217,181
120,209,193,157,134,233,220,175
98,169,159,110,116,199,188,144
105,182,173,123,104,171,164,128
139,243,229,151,95,155,140,112
98,181,175,136,107,177,165,127
122,227,218,161,115,176,161,134
135,244,221,161,90,139,125,107
123,215,198,155,111,159,148,124
122,221,208,157,80,111,103,81
77,111,107,91,101,164,151,121
121,244,227,177,116,207,194,142
121,210,192,137,87,158,147,118
114,297,278,208,103,149,140,100
129,228,211,157,86,143,134,110
92,157,144,124,89,125,112,95
141,254,236,172,102,149,132,112
139,250,235,169,115,178,166,132
135,253,234,184,105,178,164,135
103,182,171,123,105,171,165,137
118,199,179,135,92,147,138,107
93,141,134,106,107,153,139,112
93,164,148,108,98,128,119,94
120,186,167,143,123,210,197,166
119,176,162,122,119,214,200,152
101,158,145,110,104,197,182,131
137,245,226,171,115,195,180,141
109,205,189,134,98,132,117,95
84,124,113,90,97,170,156,131
140,249,230,179,98,161,152,118
144,279,263,191,108,173,163,129
118,208,202,147,96,141,130,109
155,331,318,219,111,158,146,121
117,207,192,136,93,125,114,88
119,210,192,134,103,152,141,109
128,240,220,180,109,189,178,144
95,183,174,130,83,136,121,107
135,255,248,191,84,123,115,98
97,185,174,144,98,132,117,103
125,250,236,169,117,209,195,159
152,335,319,254,84,130,116,87
119,209,193,159,100,148,136,117
106,206,196,153,122,204,182,143
85,129,119,92,111,181,168,133
144,217,199,160,114,211,196,140
122,229,214,150,111,168,153,121
138,281,265,210,100,130,116,100
123,266,251,201,87,142,135,89
137,275,259,200,85,149,139,107
104,177,167,119,99,167,152,119
115,236,218,165,91,167,153,132
144,292,269,218,97,150,141,115
79,136,130,97,96,148,133,117
95,134,122,93,85,158,142,110
179,361,341,258,114,150,142,108
150,309,281,213,110,186,169,127
99,156,139,116,94,131,118,97
108,194,178,143,114,201,181,164
127,195,180,143,88,133,121,97
137,281,263,205,89,173,167,121
103,183,167,141,106,190,182,142
119,235,220,166,112,179,169,122
166,324,300,213,93,156,143,124
139,260,246,189,110,174,164,124
127,260,247,184,110,198,183,136
107,211,200,161,113,202,189,150
74,146,140,93,119,209,202,158
118,216,205,150,97,150,135,105
117,209,192,160,95,145,128,109
109,185,168,134,99,171,155,111
114,207,194,154,110,164,150,124
133,234,217,175,95,152,138,119
132,249,228,184,106,153,145,109
160,322,305,215,117,203,191,155
85,164,152,122,110,166,149,102
103,184,176,133,81,117,104,84
140,253,238,191,99,142,132,104
113,187,179,129,116,166,147,124
127,224,209,146,83,124,113,89
84,135,121,88,114,163,143,117
127,209,196,144,75,105,94,75
162,334,314,233,113,204,193,141
113,204,189,150,100,150,135,106
142,241,219,168,115,190,182,160
107,198,185,144,115,165,142,117
118,188,176,139,96,153,145,115
117,210,199,143,77,130,124,90
118,234,223,172,91,137,124,105
136,263,251,195,89,177,168,122
132,314,296,225,87,128,120,94
89,137,123,98,101,195,183,126
127,259,250,181,124,174,160,125
135,246,234,172,117,167,155,123
129,249,237,200,93,164,148,122
128,212,198,147,109,152,140,102
113,196,185,144,110,173,164,132
106,169,157,121,101,173,161,97
91,199,177,137,82,101,93,71
133,280,264,192,93,180,173,130
138,296,280,213,99,194,184,142
149,312,292,209,103,146,132,113
136,276,263,204,95,141,126,111
139,338,328,240,88,126,119,92
124,226,217,138,134,203,183,143
131,283,271,212,95,155,142,117
110,242,228,161,95,178,170,143
131,240,227,183,100,178,169,134
147,287,271,198,106,174,154,121
134,262,245,209,105,197,181,130
117,195,180,137,107,187,177,142
110,201,188,148,94,178,166,131
184,394,379,279,92,132,117,97
133,245,225,167,124,236,213,171
96,201,191,137,96,168,154,130
114,234,214,183,140,230,211,184
134,219,203,165,95,159,144,114
117,202,192,135,93,136,121,99
180,380,359,261,85,127,112,97
95,142,130,105,126,219,202,160
136,253,236,177,111,200,187,141
111,275,258,191,108,167,153,117
131,214,198,147,102,159,145,120
145,273,256,198,109,200,189,145
96,119,105,91,116,168,153,114
142,269,255,174,115,223,210,160
112,194,183,144,87,124,113,87
131,218,203,164,125,196,185,149
93,120,114,85,99,126,117,95
124,247,232,167,93,124,114,98
138,259,240,159,98,128,116,100
86,121,106,90,107,160,154,111
151,291,271,211,95,184,168,125
106,180,173,131,97,135,122,105
116,217,204,153,96,133,124,96
94,138,128,114,131,214,198,151
93,143,130,101,118,160,144,119
147,258,244,189,111,151,134,109
125,194,182,136,97,166,154,122
116,200,189,157,96,133,127,103
78,120,108,80,87,140,130,111
142,261,240,189,113,210,197,158
140,245,227,175,102,143,130,104
125,270,255,187,78,127,118,102
123,210,194,161,111,161,147,118
120,254,231,190,123,206,191,140
124,218,199,150,92,144,131,97
95,168,153,121,111,166,151,122
146,266,246,179,93,154,142,111
123,222,211,162,100,183,171,141
113,189,177,138,107,177,163,115
162,296,277,211,97,167,161,120
122,184,173,127,87,140,132,103
131,253,243,197,119,181,163,131
136,231,210,173,94,139,131,108
145,230,213,152,104,145,138,113
127,238,225,178,81,105,93,78
118,227,209,161,98,187,175,134
135,284,263,198,90,129,117,101
145,297,277,206,70,142,130,99
149,279,260,199,106,173,163,114
94,157,141,112,128,242,226,183
100,159,144,116,96,126,119,106
105,187,175,135,124,197,185,138
89,145,133,109,96,175,161,115
160,284,270,197,89,139,125,107
120,240,222,174,101,136,125,92
89,179,171,116,88,150,143,108
118,189,172,130,83,146,136,95
118,213,196,146,124,181,164,141
118,236,220,166,107,168,156,111
141,245,232,173,90,134,122,106
165,300,278,240,77,129,123,93
108,190,170,120,97,189,180,129
112,217,197,174,82,133,120,101
118,208,192,151,100,154,144,114
112,193,176,135,78,103,97,88
102,169,151,128,105,178,162,116
123,196,177,133,97,169,157,131
96,179,173,120,100,177,167,129
99,161,151,118,131,194,180,131
146,235,218,174,98,167,152,127
143,264,247,190,93,127,114,89
109,208,199,161,108,179,166,126
166,304,287,223,108,190,174,128
139,266,248,192,107,168,159,125
118,178,170,120,91,168,161,130
107,191,176,126,119,181,166,132
164,364,341,253,84,94,82,71
134,219,209,158,125,220,201,162
152,355,339,263,91,200,189,154
118,222,204,164,120,185,170,130
119,202,188,137,115,164,151,127
142,256,239,176,104,140,130,103
112,208,189,142,109,209,195,143
106,206,187,150,90,149,139,104
121,224,211,152,128,215,203,167
119,185,166,120,93,184,177,129
97,174,158,113,102,140,131,115
133,274,252,182,101,163,146,113
138,337,318,246,105,182,170,118
165,326,299,229,84,125,113,87
123,237,224,183,87,119,108,88
176,309,288,220,103,173,165,125
122,217,200,148,110,160,147,125
149,302,286,214,103,189,174,131
163,333,314,217,96,164,154,121
126,247,238,173,98,187,178,132
123,196,177,130,106,172,158,112
114,227,218,157,129,255,236,191
120,217,205,159,132,254,244,200
136,272,247,186,94,135,124,111
116,195,182,134,112,137,123,104
143,327,307,228,94,159,147,129
141,274,261,197,128,197,180,142
135,238,223,167,109,186,169,120
92,159,151,123,86,137,128,102
116,196,179,126,86,102,93,81
104,164,154,105,82,113,104,83
126,209,192,156,87,156,143,122
130,232,220,164,102,118,101,79
120,190,172,144,124,178,170,119
117,197,175,145,104,186,167,123
147,319,292,235,120,241,228,195
130,234,216,176,89,116,110,84
129,255,240,178,104,157,149,130
151,313,299,216,131,204,187,149
114,184,173,132,100,163,153,127
139,246,235,194,98,164,157,121
118,229,215,153,94,120,110,90
116,238,224,160,98,188,181,137
124,226,205,170,110,184,169,123
141,285,274,211,128,220,202,151
165,312,289,229,105,202,185,163
130,208,191,134,86,119,108,94
119,216,199,145,114,206,199,165
107,174,163,113,132,207,185,153
109,196,184,147,125,201,186,156
128,267,244,180,113,190,176,144
147,259,243,187,87,124,118,97
135,257,244,185,98,138,127,108
145,277,252,196,105,197,188,126
127,237,222,181,102,134,121,103
141,225,214,143,116,182,169,114
137,291,273,202,120,256,242,188
131,192,178,118,108,182,169,123
142,289,273,195,114,165,150,119
119,226,217,180,122,205,186,143
116,202,183,139,107,178,166,125
143,244,227,179,116,172,159,127
127,191,171,141,96,135,125,99
133,239,224,170,66,98,95,73
97,209,197,120,124,225,210,170
138,238,223,160,103,165,154,120
109,199,183,134,112,170,149,131
129,268,250,186,101,164,151,124
111,162,150,112,131,228,211,168
94,201,192,154,98,193,182,140
113,293,278,198,110,202,180,137
90,142,134,106,106,189,176,133
170,321,301,221,90,132,120,88
182,363,342,269,124,197,186,148
112,215,205,153,124,244,223,185
141,235,220,166,99,146,137,113
158,312,295,231,74,119,111,87
101,216,198,146,110,171,160,136
96,134,117,89,84,120,112,91
131,291,270,185,120,208,192,144
108,205,185,132,87,126,116,103
112,235,222,175,84,146,135,100
140,241,223,173,110,187,175,125
106,180,162,125,102,164,157,115
112,229,216,155,95,125,114,90
106,182,167,133,94,154,137,119
117,214,198,145,128,212,194,149
139,246,226,179,91,160,149,103
100,157,144,113,118,160,142,108
114,242,223,181,116,192,179,149
104,151,139,121,93,128,114,92
127,195,178,137,111,199,182,141
133,304,286,208,90,142,127,108
117,181,164,128,99,128,116,91
125,199,184,141,95,171,162,118
122,271,250,185,125,195,172,145
148,284,278,187,103,177,163,137
150,308,295,204,95,152,139,104
103,175,160,126,113,167,156,122
117,181,165,128,71,101,99,80
122,183,175,133,91,123,112,100
99,173,161,112,103,146,134,104
126,221,209,145,118,160,146,128
106,223,208,165,111,192,178,137
160,280,266,200,95,131,117,82
131,264,254,215,81,110,101,73
106,184,169,136,144,281,260,196
143,253,236,171,107,163,157,111
117,223,211,167,105,163,153,107
130,236,220,168,127,224,206,168
137,269,245,191,90,139,122,104
110,188,171,126,118,199,182,132
144,307,292,221,112,193,179,140
142,246,226,164,101,146,131,103
148,310,294,225,99,177,167,138
131,205,189,134,89,144,134,106
134,276,256,205,127,207,199,150
126,221,207,174,98,146,135,113
151,335,311,244,101,143,130,112
165,356,336,254,117,209,198,146
135,246,234,169,105,145,133,108
120,243,235,163,127,226,209,177
99,178,162,117,92,126,115,96
133,238,220,172,118,230,214,169
133,242,230,180,95,156,143,107
140,309,293,243,96,133,122,104
88,165,144,100,124,248,233,163
104,215,203,169,90,162,154,113
106,190,178,133,97,156,145,105
156,327,303,238,113,223,204,151
94,152,138,113,77,123,109,95
115,202,191,136,89,120,105,88
143,231,213,166,102,150,144,124
149,321,304,222,110,197,185,147
133,288,272,206,102,183,173,141
131,216,204,152,91,146,136,111
165,329,299,237,91,144,131,115
134,268,253,215,87,139,131,99
141,306,290,230,95,175,163,135
142,263,243,193,102,126,116,93
113,175,156,105,98,168,148,129
117,192,176,140,82,117,108,83
132,268,249,188,77,126,117,90
135,223,211,150,90,138,128,98
110,186,174,127,94,131,117,99
117,212,203,162,66,105,95,77
114,219,206,162,99,148,135,113
136,316,296,225,95,130,119,95
135,252,237,175,81,104,90,84
111,191,177,143,89,170,162,129
145,293,278,200,108,157,140,116
170,325,309,240,99,153,135,112
132,252,232,185,103,189,182,143
110,191,174,138,81,113,101,89
171,322,305,212,112,198,187,143
143,271,244,188,122,191,176,125
116,211,197,158,106,156,144,103
103,176,162,131,109,168,157,120
116,256,248,185,89,115,100,86
141,268,253,210,104,146,135,109
148,332,313,223,106,183,169,132
110,244,230,180,123,197,186,132
106,176,168,130,107,190,176,133
112,186,171,131,91,146,132,110
111,219,212,161,105,164,154,116
109,229,212,172,86,121,108,85
130,222,209,148,101,152,133,116
111,209,195,148,108,161,145,118
122,219,203,146,124,240,228,186
112,220,209,162,100,178,169,136
110,241,226,160,110,208,195,164
123,222,206,164,97,151,140,106
144,242,218,180,112,173,165,135
107,192,184,139,79,107,98,87
122,223,207,148,115,166,159,133
147,268,251,186,132,234,219,141
115,217,204,148,100,174,158,122
160,302,285,224,99,164,154,130
122,198,189,159,115,161,145,112
110,175,161,123,104,138,129,108
157,308,293,212,129,208,192,144
116,187,172,142,112,192,174,131
116,233,218,153,129,188,173,127
144,246,234,176,108,170,154,111
140,248,238,165,137,251,232,185
104,189,173,127,81,121,113,86
105,176,166,128,114,211,199,159
133,219,197,166,113,180,172,137
110,190,174,137,96,136,124,96
122,194,183,134,73,111,101,82
106,165,153,117,81,149,140,122
121,217,202,153,119,176,160,120
117,207,189,157,105,188,174,138
126,227,213,137,102,172,162,130
113,200,192,154,109,166,151,127
122,212,196,143,129,233,222,168
138,205,189,151,112,187,174,135
137,299,285,214,103,163,150,118
150,335,316,220,99,145,133,122
141,297,270,222,103,201,183,143
123,213,199,139,95,150,136,129
94,192,181,149,92,160,148,118
121,230,211,154,102,149,141,112
94,163,159,106,82,131,116,98
136,291,279,222,73,98,85,69
144,249,227,169,72,84,72,60
92,206,197,141,115,206,192,141
116,221,203,150,87,130,120,98
123,211,195,145,114,192,173,135
127,219,206,155,88,132,121,104
103,147,135,114,124,185,174,131
146,310,294,217,102,170,157,115
119,205,194,133,111,170,161,115
132,255,234,190,121,253,235,180
126,194,179,141,103,182,174,129
97,189,178,131,107,224,206,163
105,211,199,158,86,99,91,66
120,276,263,188,102,162,153,110
146,286,266,222,93,144,138,107
141,327,310,235,87,150,141,120
121,199,186,159,104,132,123,103
131,211,202,157,96,124,109,79
121,214,199,158,100,205,193,150
100,185,166,120,106,163,149,127
133,238,222,181,116,230,219,154
153,285,270,208,110,183,168,132
104,196,188,145,129,226,212,178
87,132,122,85,99,155,145,104
108,215,203,161,88,147,136,109
112,210,195,145,85,135,120,96
91,151,140,110,89,167,160,109
120,233,219,146,81,126,118,97
100,148,136,116,93,135,124,99
170,338,317,252,104,145,133,108
118,203,188,148,87,135,127,100
113,161,144,114,109,199,193,153
125,265,251,203,82,97,90,73
95,159,148,127,112,161,150,109
104,182,167,130,86,122,106,84
112,180,168,131,119,242,232,178
116,225,212,168,102,125,112,95
108,191,174,132,111,183,176,128
116,184,175,137,90,128,115,103
92,144,131,107,100,149,138,116
122,175,160,112,99,158,149,116
73,96,86,77,81,106,99,77
82,130,118,96,78,123,112,74
137,240,223,173,83,141,133,118
134,239,219,181,111,189,173,133
88,144,131,96,91,129,118,97
100,175,158,125,87,128,117,102
138,194,185,136,102,174,163,123
125,225,212,158,126,216,200,157
146,286,269,194,87,128,118,96
129,206,194,145,88,123,113,88
98,184,167,116,106,128,113,94
123,222,210,154,102,167,154,113
113,206,186,137,102,157,145,122
134,234,222,182,120,250,230,196
116,208,195,146,114,202,187,149
129,225,209,151,112,169,157,127
95,164,150,108,92,154,143,105
110,204,192,140,73,114,104,79
123,189,176,135,99,150,138,118
121,202,181,147,72,96,90,76
99,211,195,151,108,199,179,137
121,205,195,154,128,218,208,168
156,259,243,176,83,121,110,87
98,175,169,120,87,165,151,108
137,292,273,216,114,166,147,120
128,290,271,201,110,175,165,141
139,340,325,252,89,117,108,88
170,322,302,230,117,205,181,155
177,296,271,212,126,198,178,145
147,299,275,185,106,169,152,137
84,151,143,112,104,169,151,127
135,237,216,161,139,204,186,156
164,353,325,241,90,209,195,147
107,240,220,158,73,82,71,70
133,246,232,186,93,133,127,96
108,164,155,122,114,154,135,110
159,310,285,216,100,173,161,132
87,173,158,113,125,197,180,144
103,186,178,130,77,131,117,90
114,237,224,144,95,135,122,96
99,186,171,136,113,168,157,122
121,241,227,155,84,133,122,100
139,288,264,188,103,171,154,123
109,186,176,132,121,157,141,112
142,305,293,193,100,173,164,117
96,167,157,116,134,222,209,168
109,242,229,174,117,180,168,139
140,241,220,171,114,171,156,123
124,207,190,151,105,207,194,153
143,240,218,179,111,183,168,119
134,294,280,194,84,135,123,107
94,135,122,105,94,113,104,82
138,257,238,191,84,115,104,80
143,295,271,215,99,186,172,135
141,263,251,180,129,245,228,177
131,286,273,177,107,141,126,97
132,206,193,143,118,171,154,117
121,244,231,177,110,189,180,141
126,208,191,145,83,112,106,79
144,273,257,202,95,138,128,107
143,249,233,163,92,138,121,92
125,233,215,158,87,163,149,119
118,206,193,157,115,209,194,160
117,159,143,124,99,129,116,95
110,169,151,113,112,188,168,148
131,258,240,165,98,171,158,127
121,271,253,187,103,163,148,125
141,273,257,202,104,147,137,109
115,195,182,123,94,130,120,102
100,189,173,140,133,249,237,185
98,154,142,109,116,192,180,132
99,180,168,127,95,159,147,119
108,227,215,164,114,194,174,131
128,238,219,157,82,141,131,98
165,299,274,208,90,155,144,114
105,195,182,137,118,189,176,135
124,208,194,147,125,265,254,191
103,140,121,95,107,165,151,121
128,296,275,186,93,120,111,87
118,228,214,169,85,109,101,79
120,183,167,131,83,176,165,125
106,166,154,126,126,239,220,166
105,217,209,144,104,137,121,106
116,223,205,156,66,79,70,62
108,186,173,123,118,178,165,134
93,139,128,112,103,155,148,104
128,274,254,185,111,183,163,135
107,221,207,178,117,176,166,129
108,164,151,111,120,190,182,145
135,277,259,180,106,162,151,115
81,108,98,87,101,165,162,127
173,313,298,232,100,197,187,143
176,333,312,226,75,130,123,94
122,284,274,224,100,166,155,121
121,206,187,148,106,190,177,141
101,182,171,105,92,160,148,120
117,248,239,167,93,124,112,92
123,232,214,160,107,156,138,123
103,200,190,150,108,157,144,126
109,215,204,150,97,152,140,119
137,210,197,141,88,124,105,97
143,251,234,171,107,159,144,120
140,223,194,151,101,177,170,132
120,302,284,230,124,204,189,138
141,257,242,189,91,138,124,100
147,274,256,194,116,181,163,129
139,288,272,190,119,217,204,156
115,164,153,122,106,198,183,158
148,276,266,189,101,178,165,125
133,213,197,153,105,172,154,134
107,167,155,131,81,118,108,95
129,211,203,149,73,96,87,78
97,171,156,114,111,162,145,126
110,186,177,138,124,187,174,131
115,218,203,162,99,160,153,128
134,221,204,159,101,146,142,101
125,253,235,181,110,158,134,122
156,262,244,173,98,159,140,102
122,246,230,178,122,190,183,142
138,292,271,209,97,158,147,123
129,240,225,180,95,110,105,88
104,159,144,112,86,120,108,89
149,253,231,172,101,140,132,104
105,261,247,165,105,175,163,131
111,203,188,154,107,176,162,139
124,215,199,173,90,158,151,103
115,233,217,153,79,98,89,78
107,199,183,146,77,102,91,81
113,185,169,141,107,177,168,114
145,257,237,170,104,127,113,98
118,253,237,165,95,133,119,88
122,195,179,135,131,230,210,165
151,271,252,195,148,268,245,197
150,278,258,219,124,207,195,141
129,211,195,145,87,127,116,106
101,168,159,126,94,155,138,122
115,193,176,132,109,163,148,125
130,244,222,165,94,142,124,111
124,236,222,167,80,145,134,97
140,228,213,156,104,159,149,124
153,309,293,217,86,131,119,99
126,195,172,136,82,114,103,84
103,189,175,130,112,191,174,139
109,176,159,127,139,243,218,176
120,240,225,164,142,230,215,182
149,282,265,190,102,164,152,110
119,195,179,148,115,203,192,140
122,202,188,158,84,138,124,95
127,228,209,171,94,142,130,112
162,275,255,185,103,170,157,133
98,149,139,106,98,160,147,117
120,201,182,138,98,172,158,139
102,178,163,141,95,146,137,116
134,239,225,169,97,177,165,119
137,215,200,153,97,161,145,109
120,201,188,153,115,200,189,144
89,158,146,114,74,112,106,73
127,223,214,179,96,149,138,117
133,195,184,136,87,141,131,112
152,335,312,233,103,158,140,120
91,147,135,108,86,151,140,114
143,287,268,201,112,186,173,140
105,221,210,140,119,231,214,158
91,169,157,124,98,185,176,134
130,253,228,190,105,139,126,104
121,205,182,160,102,149,136,107
118,192,179,143,85,107,97,81
103,156,142,103,100,169,150,106
111,200,186,154,114,178,165,126
183,383,358,280,95,169,156,128
127,227,214,173,114,160,148,120
119,206,188,146,102,153,140,102
120,216,209,150,97,163,155,114
136,285,266,211,115,174,156,114
135,256,237,170,76,124,106,100
98,192,180,143,96,123,116,97
109,196,188,130,106,155,139,117
144,227,205,166,94,144,137,104
127,280,263,201,114,160,148,114
95,187,175,133,126,206,195,149
95,156,141,101,124,225,207,163
141,261,247,178,105,206,202,160
119,247,228,184,91,125,114,89
98,146,130,109,106,145,133,113
134,295,275,204,90,149,139,107
173,390,374,286,139,207,196,146
108,192,179,132,124,179,163,138
109,190,177,126,81,113,104,84
138,300,272,210,91,127,109,92
138,281,268,203,105,174,161,139
103,156,140,107,99,180,168,122
165,317,293,212,106,181,173,139
158,320,302,215,98,153,142,118
105,176,166,143,107,225,211,165
114,199,180,133,101,171,153,130
125,272,248,187,107,153,141,107
132,238,223,163,96,126,117,93
102,173,152,137,93,141,128,97
128,170,149,120,111,178,164,128
103,183,169,117,85,134,125,111
128,216,199,139,96,176,164,127
164,325,299,241,134,203,190,138
117,254,240,171,91,112,98,85
165,284,261,218,91,143,124,105
174,337,313,236,122,210,190,140
145,243,227,184,103,173,160,129
109,236,225,159,90,123,110,82
140,319,298,204,88,160,148,125
113,246,233,157,91,135,125,99
146,252,228,167,113,198,187,143
138,270,254,190,99,179,166,128
127,248,225,175,94,152,141,119
149,274,258,193,132,194,179,142
108,225,213,158,103,163,146,122
124,202,185,141,105,170,153,122
110,188,174,149,123,207,196,148
81,141,133,110,131,244,224,180
97,159,143,118,109,166,153,115
121,226,213,148,101,156,145,114
129,222,200,139,109,171,155,118
146,335,323,248,96,173,165,128
127,224,204,155,88,116,100,82
133,247,228,164,114,158,143,114
129,289,281,187,89,139,125,100
115,216,203,149,115,172,153,122
138,312,285,202,107,167,155,116
87,170,160,124,106,196,186,142
104,173,163,124,88,208,199,151
137,267,245,179,85,148,141,94
126,252,233,174,117,162,147,121
134,260,244,178,105,166,152,115
146,255,241,186,97,152,139,104
101,175,162,130,87,157,146,113
137,243,228,176,88,153,146,104
140,227,203,164,135,241,222,159
120,207,193,144,90,207,190,150
105,233,219,173,127,206,188,155
121,210,195,152,119,162,151,125
125,279,260,180,82,153,144,110
125,240,221,171,107,166,158,128
103,188,174,135,96,128,120,89
118,236,224,177,83,150,144,115
126,231,216,158,95,149,129,120
132,250,234,159,139,194,182,147
109,168,157,128,86,121,109,90
169,362,345,250,97,146,135,98
130,279,253,188,115,192,181,143
135,221,208,154,81,121,106,96
147,286,270,196,134,271,257,202
117,213,195,158,112,196,180,150
135,249,229,167,93,149,136,109
116,231,211,164,100,156,145,113
137,227,215,141,121,189,172,123
112,185,166,138,105,209,197,154
122,271,255,202,91,149,136,104
89,198,189,145,101,141,131,97
137,256,244,165,92,171,158,126
139,247,229,185,102,170,162,114
99,200,181,149,99,159,143,121
118,220,204,153,107,155,146,107
156,293,269,210,113,173,159,124
112,242,230,182,117,209,192,152
137,285,272,208,104,165,152,115
125,221,201,161,89,140,121,113
103,154,144,120,119,182,172,133
120,206,191,153,96,168,160,124
123,276,264,198,105,205,192,144
116,192,174,130,97,137,123,91
127,245,234,169,121,215,202,156
149,259,242,180,78,108,98,79
103,177,167,128,107,148,131,113
106,188,171,121,97,170,159,118
169,327,310,234,128,232,213,183
105,175,165,123,113,169,158,118
79,114,95,75,88,122,109,91
123,294,278,216,104,167,151,121
99,167,156,122,115,164,153,127
152,312,296,225,110,216,201,163
105,193,183,118,123,204,186,139
116,222,199,157,84,111,96,81
129,192,178,145,104,199,179,141
137,250,231,161,88,130,118,106
133,296,279,214,95,155,138,112
113,197,182,142,97,144,129,115
130,254,242,185,90,166,142,113
125,255,235,187,114,189,181,149
109,226,212,161,113,212,195,142
115,245,232,184,94,154,137,102
103,183,168,124,95,165,155,117
97,173,162,126,106,173,158,125
131,229,215,165,106,197,184,129
104,193,184,135,120,214,198,153
166,380,360,271,108,198,181,140
119,226,216,164,96,138,125,101
103,155,143,115,97,127,112,94
122,264,250,161,112,164,152,104
104,154,140,111,86,159,144,118
137,288,274,201,102,165,150,105
130,252,241,173,89,135,122,104
81,106,93,85,119,186,172,146
131,252,244,166,112,202,193,147
127,216,200,143,87,143,135,96
113,206,196,146,95,186,177,124
97,172,153,123,105,156,140,122
123,248,234,173,125,208,188,147
119,185,168,138,118,195,180,137
109,180,165,123,95,131,123,91
98,162,144,110,106,168,155,115
77,115,101,85,92,154,143,117
144,317,292,237,103,199,182,147
126,295,280,197,95,147,136,111
114,194,184,143,128,199,182,124
124,273,259,200,91,125,115,98
90,159,144,100,91,149,129,106
89,159,146,116,94,121,112,94
150,318,305,233,122,186,170,133
117,176,153,133,122,183,169,124
136,280,262,193,130,247,235,181
132,272,253,181,92,134,124,104
157,279,267,205,117,185,168,139
149,265,248,190,134,201,192,160
120,258,247,190,81,100,91,72
154,269,235,182,115,193,187,152
147,284,259,199,92,173,162,121
119,250,235,171,112,194,181,151
138,264,251,192,84,142,125,95
150,279,261,204,103,199,187,141
117,241,224,172,114,200,185,148
129,227,213,147,109,171,155,120
136,240,221,176,108,167,151,117
100,170,158,112,102,175,160,119
126,214,202,154,94,140,126,101
131,195,181,140,105,186,166,127
100,159,146,116,85,121,107,90
109,183,169,140,140,224,210,174
114,222,209,171,95,150,135,108
135,209,197,150,87,127,120,93
123,225,214,162,88,133,124,101
126,217,202,161,115,181,169,136
108,214,196,153,109,192,178,142
133,234,217,164,110,152,139,116
115,225,211,167,116,160,136,110
162,300,287,202,96,161,147,117
117,183,169,135,101,163,152,120
129,269,253,195,114,218,199,157
123,215,200,149,83,121,112,106
111,183,172,131,117,183,165,128
143,261,243,192,106,194,184,135
141,295,278,227,75,109,102,85
152,307,289,206,87,148,136,112
155,268,253,188,88,137,124,102
112,195,180,146,110,204,188,148
129,229,204,157,97,170,156,127
99,150,138,113,93,118,106,83
143,264,249,198,92,159,143,115
123,211,197,143,104,162,146,120
102,161,143,105,92,144,129,118
148,279,258,210,87,135,128,101
111,216,196,157,93,111,103,89
121,197,178,136,96,142,124,110
147,286,273,217,89,122,112,89
120,230,217,170,99,149,133,108
144,284,271,206,88,103,93,82
125,222,205,161,100,146,130,102
123,232,214,162,111,199,185,153
132,260,243,189,109,192,173,141
106,192,181,135,80,90,78,78
122,237,222,181,82,129,119,101
132,255,240,175,97,176,161,119
141,299,281,215,94,140,124,100
108,228,212,155,119,205,192,143
156,342,324,237,78,113,105,89
134,256,236,165,107,190,176,133
105,172,162,113,96,165,147,121
109,234,223,170,129,213,201,152
124,245,229,166,83,112,104,83
104,192,180,144,126,252,230,184
154,288,267,189,78,120,108,95
103,168,151,114,116,181,167,133
135,218,191,149,82,140,126,116
97,149,138,101,85,142,132,107
135,281,264,210,95,135,124,102
115,167,155,121,131,195,181,133
133,321,304,214,92,138,123,113
114,186,173,129,147,265,247,202
126,213,193,133,111,234,227,163
117,188,170,136,101,147,135,106
168,316,294,229,101,175,168,132
140,269,255,209,118,172,158,142
88,160,150,115,73,132,120,96
136,252,234,180,112,175,161,133
99,155,145,104,107,168,152,115
101,171,166,124,99,164,148,119
144,279,257,192,82,146,136,106
125,246,233,177,115,199,186,149
120,192,179,139,116,179,165,142
112,212,202,134,106,157,148,109
119,222,207,155,66,92,81,68
125,208,188,153,89,133,125,106
89,170,152,124,117,184,172,130
142,260,243,177,87,162,152,113
121,213,191,142,139,234,215,178
106,186,172,134,115,194,185,133
157,307,287,214,124,168,155,118
150,278,258,189,102,134,123,104
128,240,224,174,111,239,229,178
122,202,189,151,69,100,84,81
128,190,174,130,120,195,187,143
136,261,243,194,115,190,176,147
128,228,217,151,89,121,106,82
125,254,238,164,114,198,178,157
130,285,272,203,94,143,126,108
109,210,199,159,108,156,138,108
128,250,229,165,111,148,137,100
132,251,233,188,106,132,123,98
128,220,200,149,102,158,147,122
112,184,173,132,100,136,121,97
86,137,126,98,67,104,100,67
105,215,202,150,94,148,137,104
142,270,255,202,94,128,119,94
138,245,229,158,105,163,152,103
100,181,168,131,94,124,115,96
105,210,193,128,106,181,171,118
87,135,120,103,99,173,156,111
127,226,214,162,92,156,142,112
115,198,181,136,116,162,145,114
125,200,183,149,100,175,160,138
137,262,244,185,109,188,171,143
132,275,266,225,90,121,110,94
127,225,207,162,95,167,149,119
138,264,246,186,101,149,129,106
138,252,239,177,98,126,108,103
128,262,243,184,125,225,214,156
127,205,192,129,86,126,114,88
128,230,212,157,122,212,202,155
120,229,218,170,102,163,151,129
100,198,186,135,93,147,132,107
95,155,140,111,101,132,120,100
122,208,194,141,127,224,215,165
150,239,220,170,85,136,124,96
100,190,177,125,141,247,235,184
129,250,236,167,121,258,244,198
123,211,195,163,112,179,162,137
123,227,209,153,63,85,82,72
140,288,272,190,88,140,127,101
104,197,178,138,92,157,149,134
134,257,244,204,91,137,132,105
108,218,201,149,141,208,192,136
111,233,221,164,110,209,198,150
112,170,155,117,117,207,190,148
92,153,144,118,107,151,129,108
99,164,152,133,107,161,145,127
101,207,192,145,106,195,180,143
130,303,282,213,85,119,102,82
140,257,242,180,90,131,118,93
117,164,150,114,70,114,109,81
109,199,184,142,104,157,143,110
109,170,154,129,104,186,176,143
172,326,312,233,68,85,76,66
146,307,289,229,131,241,222,171
144,268,248,183,92,125,117,103
101,213,203,152,120,203,189,154
173,314,296,210,127,209,195,157
142,261,243,188,123,194,172,141
156,337,323,242,98,166,151,130
136,227,211,167,95,154,143,92
106,210,202,147,103,148,140,112
89,174,152,114,76,112,97,81
134,244,232,161,84,152,143,110
176,360,339,246,80,110,96,84
103,163,152,121,118,214,206,152
116,187,175,120,118,179,166,127
132,226,206,175,104,149,131,109
142,260,241,184,99,146,133,112
128,291,273,201,103,158,142,115
140,259,247,179,114,124,112,95
133,224,209,149,115,167,160,135
103,162,146,112,82,106,92,79
148,283,264,186,116,172,154,122
155,315,302,215,121,223,212,159
138,280,262,199,137,242,224,155
122,210,193,137,95,135,119,108
134,274,262,202,107,170,161,135
140,240,222,176,80,125,112,90
98,180,162,141,82,130,119,99
88,110,106,85,79,169,162,126
108,187,170,154,97,186,171,136
126,241,232,166,111,152,138,113
142,257,239,195,105,154,143,119
129,266,254,184,98,156,138,111
128,214,199,157,123,206,197,154
153,293,278,222,111,179,168,131
159,317,302,212,126,216,197,165
130,255,240,178,81,118,112,94
130,235,220,165,91,162,149,129
148,337,315,233,63,91,84,61
121,224,208,144,95,163,150,117
135,239,222,167,97,189,179,143
114,178,163,136,97,181,175,130
118,166,154,119,104,164,160,116
135,256,237,184,100,174,156,124
113,210,191,150,97,148,138,110
88,125,110,87,97,146,130,97
136,292,273,214,92,144,130,109
131,269,255,165,98,157,142,107
155,323,302,216,80,114,100,90
88,191,179,130,97,150,145,113
141,308,289,220,107,173,163,129
98,172,162,127,76,78,69,56
128,212,192,144,91,130,118,100
97,165,147,115,92,139,129,97
103,192,177,131,102,155,143,124
130,232,214,172,108,165,147,110
167,349,324,262,83,97,85,76
83,119,107,84,84,133,129,90
88,146,136,112,97,136,123,103
117,181,165,142,92,135,122,101
100,171,155,122,103,179,168,133
103,172,155,139,60,89,83,80
96,173,160,127,97,163,154,113
135,228,210,176,104,191,176,139
114,159,145,108,86,124,118,93
119,225,210,168,88,112,100,88
126,257,244,195,93,124,119,89
179,320,306,234,116,197,179,119
113,206,192,144,109,173,161,131
144,230,206,162,98,148,142,113
134,237,220,159,111,163,151,113
128,268,251,193,127,183,168,125
127,206,182,145,92,174,161,123
125,205,189,130,88,131,122,101
106,179,165,118,114,157,145,121
125,195,177,142,106,161,139,121
102,182,169,138,119,185,163,132
139,257,237,188,89,125,111,92
108,158,141,103,125,235,220,167
134,314,297,202,89,171,156,124
109,259,243,170,99,205,197,152
147,277,252,188,102,159,145,108
112,182,164,138,121,187,171,145
102,144,131,119,95,184,171,123
116,212,202,144,124,168,155,118
117,215,203,161,97,161,150,126
136,245,230,186,105,172,164,110
134,234,221,175,92,166,155,129
118,222,206,152,102,200,183,142
129,263,257,181,119,226,211,168
82,157,146,116,110,169,152,124
124,194,183,150,97,158,141,118
147,283,272,201,106,182,169,147
160,344,328,230,124,204,188,146
111,228,206,157,98,151,138,121
90,184,172,131,91,128,118,99
101,195,179,139,152,245,229,184
98,153,143,119,93,162,154,120
138,290,276,203,111,212,197,158
118,254,237,167,97,188,175,144
101,212,201,156,128,201,183,150
107,210,196,151,95,159,148,122
129,217,192,156,106,140,128,108
136,259,249,192,114,164,153,118
146,276,259,203,134,245,233,175
115,275,259,205,85,120,111,88
104,175,162,137,100,187,170,128
112,172,159,122,108,160,148,128
146,300,276,221,114,176,163,143
117,197,174,143,106,172,159,127
153,277,263,214,93,138,125,98
136,285,270,196,102,164,150,113
139,245,229,170,97,134,129,99
110,174,155,125,55,72,68,49
166,338,312,246,94,162,153,109
143,262,238,188,92,137,118,97
114,196,178,144,109,171,148,117
101,189,175,131,99,152,135,109
128,262,247,189,73,100,89,77
144,280,270,190,95,132,122,93
