76,115,105,76,65,84,76,70
122,208,199,144,61,99,95,73
72,90,76,68,84,115,108,82
122,240,226,176,71,104,98,88
89,118,110,95,96,109,100,86
85,157,145,99,90,153,144,115
122,212,197,144,85,152,144,120
97,143,135,106,77,112,99,89
139,248,234,170,114,191,182,138
82,128,124,100,70,98,92,82
113,194,184,140,97,169,158,114
118,191,180,135,92,143,133,105
109,170,156,121,89,122,111,88
176,297,281,209,65,80,73,62
121,244,229,163,86,125,113,97
133,249,233,187,94,136,120,105
102,159,145,125,95,157,145,123
152,250,237,197,91,143,132,113
164,331,316,235,86,128,118,95
117,195,174,129,78,107,96,81
127,240,226,164,90,131,122,95
108,198,182,130,95,123,115,95
118,177,163,114,100,197,189,137
104,137,128,112,81,134,118,95
128,226,217,156,93,132,121,107
122,225,205,150,77,110,103,84
131,264,244,179,119,191,184,141
141,263,247,185,94,131,124,100
95,160,148,123,85,132,118,107
116,228,213,159,87,172,159,126
114,224,220,159,111,181,170,141
90,136,124,101,95,150,139,117
92,159,149,118,78,124,118,93
140,281,269,208,79,106,98,77
108,185,174,136,63,93,83,74
114,224,209,171,87,137,123,103
115,209,200,150,79,104,97,76
124,212,197,151,70,110,101,86
145,250,236,191,72,106,91,77
119,220,201,158,89,110,102,87
123,197,186,147,95,152,142,104
98,141,132,109,91,151,138,107
140,226,211,167,62,71,61,53
102,212,200,174,114,193,178,132
119,239,220,168,72,91,85,75
122,204,194,144,103,150,142,120
119,174,158,121,127,199,186,154
112,190,171,137,96,181,168,130
113,229,213,168,89,146,139,110
101,181,169,124,108,176,160,140
119,177,167,138,85,125,112,91
82,155,147,122,96,132,127,101
148,282,258,206,103,141,134,103
104,184,176,139,82,141,129,111
97,187,175,133,88,137,124,107
101,158,150,119,77,109,98,78
117,199,192,138,71,114,108,87
108,214,200,161,85,114,109,90
106,176,173,129,89,96,87,73
113,215,200,162,100,136,125,92
97,146,134,112,96,128,113,99
142,240,220,167,114,208,199,162
102,215,201,170,116,182,170,144
106,195,183,133,75,119,111,94
126,243,234,190,95,144,136,99
118,185,176,129,113,189,179,148
114,198,185,140,77,125,116,98
101,140,131,96,100,161,147,105
98,156,144,122,80,109,100,80
135,232,223,155,91,148,132,102
128,191,175,143,61,81,74,67
99,169,151,116,69,104,96,72
151,354,339,259,100,146,137,100
116,209,198,162,84,104,96,77
132,223,202,154,99,137,124,104
107,208,198,144,89,137,127,114
106,152,135,104,80,132,123,97
123,256,244,188,101,178,167,141
100,163,154,108,91,129,113,95
112,154,143,107,80,117,113,94
110,160,145,113,89,125,116,95
107,179,167,128,95,176,166,118
145,270,252,190,81,108,96,81
91,154,148,112,94,129,115,97
95,133,118,102,112,193,181,158
124,226,213,153,94,137,128,105
114,153,145,116,102,129,120,94
116,244,223,146,96,158,147,110
118,178,168,125,104,183,172,143
140,245,230,186,80,119,109,89
118,192,179,134,86,140,131,103
87,142,126,103,91,160,146,126
110,158,151,123,86,132,120,90
125,233,217,175,102,149,138,121
134,262,247,187,77,105,100,82
93,164,150,109,93,159,148,122
120,202,186,141,93,122,113,89
104,179,168,142,84,107,98,75
124,237,228,174,88,118,107,99
72,124,113,94,70,97,90,74
133,365,349,247,75,98,92,76
135,262,251,197,109,141,130,107
136,265,251,193,94,119,108,79
155,271,252,182,97,182,175,129
138,218,204,163,76,97,88,77
127,198,185,146,107,177,167,131
124,217,207,156,68,98,93,76
115,222,211,158,116,206,195,146
84,117,106,92,83,120,112,87
132,244,226,178,105,136,123,102
103,184,171,142,85,134,125,94
118,189,173,142,65,100,90,77
116,190,183,147,70,134,126,103
97,151,139,108,90,165,158,125
98,147,136,110,102,142,133,111
130,266,254,195,97,131,114,101
127,236,224,156,72,123,118,94
125,236,223,178,83,107,101,72
125,196,182,130,129,174,162,118
103,160,152,115,89,104,95,87
97,180,169,122,118,206,194,139
124,208,194,157,57,73,68,56
105,190,179,132,91,136,126,94
108,156,140,111,95,139,125,96
102,178,167,132,96,158,147,119
114,201,187,148,88,116,108,91
105,197,185,135,104,165,153,115
91,142,130,96,65,85,70,64
129,275,262,204,60,70,63,57
140,266,252,188,70,85,73,67
113,198,184,136,90,135,129,98
114,199,185,152,67,98,89,73
138,247,229,174,92,122,112,91
68,100,92,71,64,90,84,72
115,174,155,130,69,104,97,76
103,181,171,113,83,113,100,88
92,163,150,117,85,133,122,93
135,310,300,243,80,105,92,80
99,158,146,106,93,143,134,106
153,242,217,160,87,119,105,102
106,194,187,138,89,130,118,88
112,203,189,152,86,154,145,111
131,224,208,147,74,95,83,81
134,248,231,153,97,149,139,102
121,173,160,130,82,115,108,80
137,226,211,163,69,109,100,84
115,149,138,104,85,131,122,102
98,180,171,124,90,149,136,109
138,232,220,151,62,87,82,68
129,177,159,132,93,120,111,86
144,236,223,174,97,130,123,102
117,224,210,166,93,129,119,95
115,264,252,189,80,110,104,81
139,228,214,149,91,156,149,113
149,280,263,202,96,130,119,98
105,149,136,109,95,139,127,95
130,252,238,172,93,130,118,97
181,330,310,227,72,112,103,81
140,278,255,205,78,103,93,73
122,283,263,203,102,146,126,108
99,176,171,120,85,107,100,79
169,323,312,210,91,162,151,107
117,199,190,137,85,119,111,83
130,242,215,173,81,112,103,86
110,192,170,147,60,96,86,79
146,269,251,197,71,129,122,108
115,195,177,139,88,115,106,79
94,154,144,99,81,107,98,80
119,197,186,147,102,141,126,106
116,202,189,132,68,131,124,97
83,130,112,99,76,103,96,78
144,274,264,205,86,115,104,89
99,191,180,160,108,153,141,112
95,130,120,90,95,141,135,108
90,151,147,109,89,117,108,91
88,144,135,95,89,138,125,97
100,175,164,135,79,121,112,92
134,272,253,189,83,159,144,125
117,176,165,115,90,151,142,105
103,174,164,121,77,106,95,81
168,307,291,215,113,158,146,110
133,284,267,200,79,117,107,91
109,177,165,123,103,144,131,114
122,213,197,150,69,87,79,71
113,166,152,109,88,137,123,98
84,112,103,77,68,109,101,81
150,278,257,207,88,145,136,111
118,228,210,143,87,126,117,99
121,201,193,150,78,116,106,97
133,225,205,166,95,160,145,126
92,162,153,125,84,126,120,97
119,242,233,157,85,118,107,90
101,150,143,101,91,118,107,95
120,180,171,122,118,180,172,128
93,160,149,112,50,60,50,43
123,189,176,133,88,140,125,105
94,169,157,127,93,134,121,100
107,189,172,145,96,136,120,103
96,169,158,118,95,167,157,125
115,194,182,139,83,133,123,96
125,187,172,136,108,182,165,127
138,273,263,188,83,109,99,84
128,237,220,170,94,112,104,88
124,221,206,162,99,140,124,96
105,183,172,131,112,165,152,116
112,181,173,116,98,148,133,111
109,195,183,127,78,92,80,71
77,121,115,90,102,148,137,105
108,192,182,147,107,170,157,133
101,185,168,121,88,118,108,98
103,173,160,123,97,151,140,118
135,215,199,158,69,91,87,79
98,177,162,130,50,87,80,61
121,237,223,178,83,126,116,97
112,214,204,149,83,109,103,79
104,173,160,132,79,114,100,82
142,263,249,184,113,176,166,130
93,169,161,117,65,101,95,82
91,153,144,117,84,121,116,90
96,164,155,120,87,131,125,99
83,153,143,114,91,109,94,80
110,177,162,130,80,117,107,94
111,195,188,156,87,108,101,80
123,231,221,168,73,104,94,85
75,125,115,78,91,119,113,86
126,223,214,154,95,155,142,113
117,217,208,149,108,145,134,116
110,153,139,118,91,164,152,123
74,103,97,81,69,94,89,73
117,193,182,145,90,122,113,96
143,240,216,164,56,88,81,66
102,168,159,119,86,138,128,97
95,159,146,114,94,141,131,102
178,298,271,200,82,139,133,111
112,177,162,127,79,133,126,98
107,191,183,148,82,150,137,112
91,158,149,122,81,119,112,96
121,162,153,115,86,111,102,84
74,119,113,87,98,137,126,105
104,175,161,118,89,152,142,117
130,249,242,174,83,134,128,102
100,204,196,144,67,95,92,83
104,159,144,113,78,118,109,92
95,135,122,99,104,151,138,121
154,291,273,207,97,147,139,111
105,204,197,152,102,139,129,100
111,227,211,162,90,130,123,95
103,158,142,119,90,144,133,103
117,219,205,145,77,117,107,95
81,149,138,96,97,142,131,102
101,154,141,110,69,113,103,89
99,143,126,100,85,123,113,97
113,231,212,189,94,146,137,108
135,239,223,168,116,196,183,156
109,176,169,115,88,114,104,87
74,149,137,101,78,117,111,83
84,129,125,94,101,141,132,100
117,245,231,175,85,119,114,100
124,268,258,173,96,136,128,100
84,138,123,116,101,145,133,111
136,230,216,166,94,126,119,84
85,143,136,109,96,121,107,91
118,220,208,151,81,109,100,79
103,150,134,91,84,94,85,77
74,117,110,81,112,166,154,119
91,134,123,94,88,118,111,90
114,196,183,143,68,85,77,68
104,174,159,128,117,144,137,108
137,255,241,182,80,117,108,93
105,176,164,128,83,107,96,84
111,231,221,154,117,164,149,114
145,255,231,182,80,101,94,73
134,271,257,191,116,173,161,129
104,194,186,149,81,129,118,94
96,156,144,111,118,196,187,142
100,149,140,105,69,101,90,74
114,157,147,107,86,117,105,95
80,159,151,113,125,196,185,145
137,241,230,192,71,91,82,77
127,247,232,166,112,154,146,120
111,152,139,93,87,126,111,90
179,341,321,247,94,142,134,95
134,242,224,176,98,163,155,137
107,207,196,136,98,194,182,139
115,215,202,150,79,98,90,76
145,285,274,191,108,194,184,143
107,209,199,148,84,112,109,88
108,158,150,111,105,158,148,123
83,121,104,85,97,156,149,111
103,165,153,117,112,163,148,108
107,179,169,124,114,174,158,131
140,244,222,182,109,171,163,122
103,175,163,121,83,117,104,87
140,240,231,175,70,99,91,77
121,232,214,166,72,114,107,82
131,274,253,200,84,132,123,106
106,167,155,120,103,139,128,100
143,261,249,190,96,148,140,104
98,172,166,133,117,181,171,128
143,253,235,175,81,128,118,105
103,167,153,122,99,145,132,100
134,249,234,183,109,186,178,133
117,183,173,137,83,130,123,101
96,153,142,122,80,127,121,93
122,197,191,145,98,136,124,104
126,218,199,159,83,96,84,67
123,209,198,157,80,103,91,79
117,204,190,143,75,96,88,73
106,159,148,117,70,84,71,70
130,240,228,170,71,93,83,67
139,260,243,183,104,173,162,119
77,129,123,100,79,129,120,83
147,265,245,186,92,170,157,124
108,219,209,177,80,101,92,78
99,201,187,146,90,134,123,104
102,190,177,143,82,105,97,89
128,271,259,182,84,108,94,83
87,141,131,96,116,175,163,134
98,148,137,106,84,170,162,130
113,167,159,123,107,163,155,116
141,270,255,195,79,102,92,85
137,247,233,174,74,120,112,83
108,196,183,131,101,120,110,91
127,315,299,236,92,146,132,111
81,121,109,90,88,112,98,78
107,159,142,122,74,112,106,91
88,124,113,92,86,135,123,103
110,207,187,144,77,129,119,97
61,88,81,70,117,181,169,142
113,212,199,155,69,111,106,85
147,315,296,228,76,99,89,78
94,138,129,104,98,160,152,109
146,232,216,163,82,101,96,77
123,205,187,146,107,155,141,110
89,109,102,88,88,133,121,97
86,148,142,107,84,103,97,78
122,277,260,201,87,115,108,95
114,180,166,138,101,142,134,107
154,286,269,216,78,101,91,76
103,175,161,114,76,115,109,95
112,160,152,113,93,134,125,100
126,248,224,178,74,121,110,92
129,186,176,141,110,201,187,152
113,260,242,179,79,115,100,85
109,186,169,137,86,131,122,95
90,147,135,102,82,121,114,94
103,150,144,114,82,111,103,86
93,129,119,96,68,90,82,64
132,289,272,214,106,187,176,148
114,213,193,145,101,161,144,126
130,231,215,159,88,142,132,98
136,236,219,163,107,177,170,131
130,241,222,168,77,105,95,84
131,216,193,168,107,161,146,110
119,202,181,133,89,130,123,87
125,202,183,144,84,134,124,101
123,218,205,131,108,155,140,105
104,160,152,125,102,153,143,120
95,174,157,130,95,124,112,97
106,187,176,133,96,136,126,101
117,245,238,187,91,146,131,108
135,276,252,190,97,142,130,100
96,148,141,105,59,76,64,61
85,140,129,102,80,106,98,82
100,180,171,138,91,126,116,91
94,151,140,98,78,132,127,97
112,168,154,122,69,115,106,87
93,180,172,139,85,114,106,84
139,248,233,168,103,145,133,111
182,345,326,256,73,72,64,51
102,169,158,122,89,133,122,95
125,212,199,146,79,96,91,76
130,250,232,187,116,182,166,130
138,224,207,142,87,111,102,83
126,193,178,125,93,120,110,90
139,238,223,170,94,129,123,89
87,116,106,92,102,169,160,125
118,232,214,154,81,97,84,79
112,168,151,134,91,176,165,132
84,106,98,72,139,217,200,151
168,270,257,201,94,133,118,100
115,229,210,159,80,120,112,95
128,261,240,181,118,168,153,117
113,203,197,146,87,122,108,92
139,232,218,166,82,146,131,93
111,187,176,136,79,102,90,62
110,202,190,143,88,136,128,99
113,220,210,176,72,104,94,81
128,222,210,153,74,121,111,83
93,137,124,97,98,140,131,100
140,304,291,205,80,119,109,97
98,151,142,119,91,131,116,93
106,131,117,98,94,135,125,98
120,190,181,133,95,122,116,90
97,140,128,114,67,79,69,66
92,134,125,103,94,114,105,89
140,217,207,162,66,102,96,79
129,219,198,162,75,101,97,81
103,172,163,129,88,138,128,97
132,252,237,180,107,188,170,139
121,229,217,160,92,130,125,96
113,181,171,119,102,171,160,128
137,250,239,181,99,139,128,104
132,229,216,166,92,137,128,103
151,300,286,204,90,130,115,99
103,171,156,112,95,134,124,99
79,142,131,96,95,168,156,120
140,257,243,204,102,171,159,119
111,191,176,141,94,168,159,128
92,131,118,100,82,100,92,78
149,308,295,208,92,143,132,102
123,216,196,156,84,116,106,94
145,262,249,185,94,126,115,98
130,238,219,156,71,95,84,65
112,190,174,138,80,128,113,88
111,178,165,126,81,109,101,85
72,119,109,88,76,121,115,95
123,181,164,123,79,98,84,67
119,200,183,151,105,154,142,109
94,157,147,110,79,114,106,78
131,213,190,153,86,96,83,74
84,140,130,104,71,89,83,76
113,183,160,122,76,124,115,90
85,145,134,96,102,164,155,114
95,191,177,127,95,132,120,98
123,249,232,166,74,107,94,82
110,178,162,131,101,166,157,126
137,278,261,206,100,127,114,97
126,252,241,182,75,107,100,82
147,262,251,202,77,125,118,107
84,136,122,96,81,117,111,92
118,203,191,141,87,140,127,113
104,199,189,134,80,123,114,96
70,103,94,76,93,118,110,93
126,220,214,161,73,107,103,74
120,220,208,173,94,167,157,128
101,199,187,123,71,86,78,66
131,233,221,163,76,115,100,88
106,164,149,125,97,164,157,126
114,181,170,137,74,83,77,66
121,230,216,169,98,142,132,97
124,207,197,140,126,171,161,114
116,167,157,109,95,152,137,111
129,268,256,197,97,134,128,100
115,176,159,132,53,74,66,60
107,214,205,164,79,147,135,101
120,206,190,143,64,89,80,62
146,261,248,183,76,113,102,86
105,172,157,121,82,120,114,86
113,157,144,125,87,130,118,95
116,222,208,181,91,148,140,117
93,146,132,97,80,135,125,97
70,110,99,74,66,81,70,65
112,178,164,117,85,149,135,109
117,160,142,120,70,93,84,74
124,188,175,139,99,169,158,117
138,223,209,164,96,152,143,107
129,289,274,183,88,129,117,98
144,266,250,179,105,154,145,124
109,180,170,114,71,91,79,72
103,141,129,101,100,200,189,142
132,206,185,146,96,137,129,101
146,276,261,215,81,122,114,90
142,293,282,217,81,118,108,94
96,160,149,128,95,136,121,108
142,249,232,184,75,112,101,85
101,180,170,120,83,111,101,92
149,325,304,242,110,198,191,148
105,186,170,133,54,74,70,58
145,226,209,141,91,144,132,109
79,125,121,97,107,137,124,100
105,181,163,132,98,164,159,121
161,259,241,192,83,117,107,93
114,266,253,202,77,115,111,82
109,140,126,93,99,124,108,88
146,261,242,188,99,118,112,91
89,150,140,112,104,153,146,111
125,204,196,146,93,138,128,102
112,242,226,179,91,139,130,100
107,152,140,116,86,154,145,100
121,236,218,164,86,140,129,93
78,123,113,91,117,155,140,108
91,204,193,140,78,107,100,85
117,200,188,153,89,149,135,114
125,209,198,155,83,141,133,107
87,168,153,106,88,115,108,95
82,135,120,91,103,162,150,123
124,201,191,147,61,71,65,54
138,266,247,166,86,144,133,92
106,153,135,114,100,157,149,130
129,210,200,150,92,130,120,99
111,204,189,147,68,111,100,78
123,268,256,165,87,126,118,84
129,238,224,179,85,109,98,87
94,143,133,100,80,101,88,78
126,235,221,175,74,113,107,88
105,193,183,133,96,131,118,95
112,191,176,136,95,150,142,110
118,145,130,106,95,128,120,84
80,130,122,97,84,110,100,82
102,195,180,132,81,150,143,114
169,317,298,203,82,102,92,79
93,167,157,125,98,136,128,102
121,218,204,142,87,146,135,93
124,201,188,122,75,100,91,82
111,222,204,156,79,91,79,71
103,181,171,120,89,107,100,77
67,94,85,72,83,136,123,101
104,161,147,112,70,80,68,55
110,210,195,141,109,144,138,118
117,228,216,172,106,165,155,130
118,203,192,159,72,97,93,78
97,165,154,123,94,140,127,106
128,196,177,127,77,120,113,89
112,166,153,111,70,87,80,63
116,184,171,140,80,110,100,82
78,144,137,109,76,124,113,97
151,264,251,174,104,148,139,109
141,278,257,194,99,186,174,148
111,183,168,131,95,150,140,103
123,191,175,132,101,175,167,133
101,143,138,107,90,127,116,93
109,192,180,145,88,137,131,104
141,290,273,188,74,99,92,79
145,268,262,175,105,138,128,101
117,248,235,172,93,117,103,93
109,212,202,169,99,160,145,113
118,219,200,151,104,176,166,121
92,159,155,114,83,130,120,91
122,243,233,174,102,142,132,93
116,235,215,154,77,109,98,79
145,234,220,161,75,108,101,76
68,107,97,75,68,77,69,71
108,185,170,127,75,95,89,78
98,170,156,123,95,141,123,97
142,286,272,227,86,128,119,93
116,225,207,162,67,79,71,62
129,284,270,205,64,87,76,68
117,214,201,162,84,118,111,79
119,192,179,141,75,106,99,84
94,139,128,108,79,104,93,79
136,239,224,170,119,179,168,137
111,206,189,145,71,107,96,79
106,161,155,112,84,151,146,103
77,104,97,77,66,98,85,71
113,190,180,143,86,104,97,75
170,272,258,190,84,140,130,111
120,211,200,170,91,133,123,110
83,179,166,134,111,140,125,97
122,261,247,174,68,98,90,65
132,235,223,176,91,159,151,122
98,147,135,113,101,148,136,111
105,151,138,114,116,169,153,126
131,183,171,139,95,129,118,97
129,254,237,171,69,98,91,79
118,238,226,183,64,109,98,80
112,250,239,190,96,152,143,121
103,156,146,114,76,122,113,93
113,206,196,155,81,127,119,102
127,226,212,152,109,133,123,103
120,220,201,151,90,134,122,97
109,165,153,113,94,126,114,86
126,150,138,103,118,185,174,139
100,182,166,122,89,162,154,119
121,198,182,144,81,114,106,81
138,236,218,166,102,174,156,125
86,172,165,144,78,114,103,92
123,213,199,150,113,155,145,125
128,266,255,183,84,131,120,105
107,196,183,148,100,147,135,97
100,164,150,117,98,176,168,129
93,153,132,106,86,122,111,91
151,236,214,160,95,147,137,105
106,163,151,115,81,135,122,100
126,213,198,142,84,114,105,72
124,246,230,194,71,106,98,74
168,269,253,189,76,105,96,77
96,218,212,167,96,124,118,94
104,209,197,150,85,146,140,117
106,183,173,124,94,137,128,106
104,221,211,159,107,163,153,124
117,215,199,143,61,85,75,68
87,172,157,131,88,133,121,96
131,235,227,192,81,98,86,74
131,235,223,176,82,100,90,74
109,189,174,139,102,166,157,123
103,181,168,120,89,161,158,117
148,240,223,175,83,122,114,88
139,260,242,191,68,113,104,86
120,197,183,134,82,110,106,86
96,156,148,112,105,159,150,119
120,219,201,150,83,140,133,104
101,152,139,106,85,129,118,99
97,174,160,126,104,172,158,117
130,205,193,137,85,115,102,77
104,195,188,142,108,171,164,129
107,181,167,126,101,143,133,110
94,159,142,112,88,117,99,85
172,301,280,203,82,110,102,84
139,293,276,202,67,102,92,70
141,250,231,169,104,167,157,127
108,201,192,147,69,83,75,60
101,175,161,113,87,111,103,82
113,194,180,144,105,150,146,105
89,142,129,111,103,133,124,87
112,195,180,150,75,94,86,67
140,269,253,206,79,115,100,94
128,196,183,144,103,155,141,102
107,196,187,142,96,169,156,122
95,196,181,146,75,107,99,77
114,194,180,142,94,124,109,85
115,225,212,165,66,100,91,82
102,207,198,145,72,109,99,86
137,254,237,177,66,110,101,87
101,173,161,122,87,132,122,95
92,137,127,100,80,118,109,86
104,180,166,125,93,121,107,84
105,170,155,119,64,101,94,81
133,235,217,160,96,135,129,103
123,175,165,121,104,161,152,115
130,231,211,157,96,144,132,98
107,157,153,113,72,106,99,84
106,203,191,143,82,128,116,88
95,151,143,112,89,137,126,104
106,187,176,138,55,95,89,87
128,263,251,211,78,122,111,87
82,128,115,85,79,114,103,82
97,152,145,103,98,147,137,113
99,164,155,121,88,125,117,96
85,124,120,88,98,150,141,124
136,213,198,146,64,87,78,71
134,246,231,176,87,106,93,82
130,169,152,126,71,107,97,87
120,166,156,135,82,106,92,82
125,224,215,170,91,110,103,83
95,171,160,141,95,136,124,97
121,239,227,169,117,173,159,127
134,208,192,145,101,144,129,104
79,132,122,95,80,131,119,101
108,196,187,124,86,134,120,95
102,156,146,104,94,134,129,97
139,213,200,148,73,124,118,99
139,209,198,151,79,101,91,75
90,164,153,102,92,124,116,88
101,214,209,149,85,143,138,107
74,104,96,74,79,123,114,91
96,152,133,114,83,155,146,104
128,209,187,144,136,197,175,144
108,140,131,98,80,97,84,76
113,204,193,151,91,160,155,129
105,150,139,120,111,185,168,150
107,151,138,113,84,115,107,80
86,127,115,104,73,95,89,74
125,227,208,162,74,113,105,87
116,128,117,86,85,136,123,110
115,177,168,125,88,114,107,97
105,155,141,113,103,138,125,91
108,173,158,116,97,158,151,118
81,129,121,101,126,199,179,139
93,153,147,116,102,116,106,92
118,234,222,154,88,143,137,96
80,140,130,103,125,198,187,138
114,181,169,141,60,88,81,75
117,190,177,131,65,96,87,75
113,170,160,117,72,103,95,77
128,215,198,151,54,72,63,57
110,190,176,145,69,94,89,77
121,266,247,192,90,152,141,122
102,179,164,128,88,138,132,97
120,172,161,118,92,164,157,130
119,170,162,128,79,137,127,96
93,160,152,111,99,147,130,111
119,178,165,131,89,131,119,102
106,164,147,121,76,105,89,80
134,222,212,155,94,158,147,113
100,157,145,113,59,84,73,70
107,149,137,99,81,101,89,71
137,192,181,137,84,105,95,88
90,134,124,95,55,62,55,47
99,174,161,117,119,185,173,126
140,264,253,197,86,134,120,103
135,265,248,198,93,158,150,123
109,164,158,125,66,99,86,74
124,243,220,167,80,94,81,72
136,263,245,209,71,111,107,84
120,192,184,144,113,174,158,124
116,243,234,195,114,170,158,113
83,119,112,86,96,186,178,140
125,252,230,178,84,101,94,84
107,198,193,118,93,130,121,97
117,201,189,134,83,128,117,89
129,224,214,159,92,129,120,106
109,205,200,140,82,132,122,92
126,201,181,138,92,162,154,109
105,175,171,131,63,74,67,58
113,158,144,116,87,134,127,101
98,206,195,135,67,83,71,63
86,93,84,65,57,71,65,59
107,190,173,135,74,98,83,70
130,236,225,167,92,137,126,103
143,276,253,190,113,201,193,148
111,183,173,117,99,141,133,105
99,203,192,133,66,90,83,78
96,182,170,130,83,114,105,82
121,201,185,132,91,172,162,126
117,182,167,130,80,106,97,80
97,169,158,128,81,132,124,99
116,192,177,134,67,103,99,74
127,244,230,166,105,155,144,121
129,204,196,135,111,164,148,118
117,164,153,106,104,148,138,111
143,260,243,190,118,177,158,126
100,175,164,133,85,132,121,98
109,185,179,129,85,106,93,94
120,214,201,161,93,144,137,110
84,135,126,106,93,114,103,77
87,149,137,114,105,163,155,130
140,250,227,181,88,151,140,113
161,341,320,231,71,89,78,60
112,173,159,119,101,141,124,105
110,167,153,108,95,129,115,100
79,142,133,110,89,143,133,112
137,221,204,156,88,167,158,119
96,157,142,118,70,95,85,67
116,237,222,199,104,151,142,101
92,158,140,123,57,63,60,48
89,138,129,102,79,109,100,91
104,172,163,132,106,168,151,108
88,146,136,100,73,118,112,94
122,190,178,131,90,158,148,117
81,122,112,94,79,103,93,80
126,217,202,156,77,110,102,90
127,198,180,142,78,115,108,85
112,221,208,163,99,167,159,115
92,135,124,103,81,128,122,99
130,214,200,154,85,140,126,105
156,320,297,226,67,102,93,82
112,207,194,141,104,144,130,111
97,174,158,143,110,161,153,121
133,202,180,139,103,153,143,106
91,134,119,88,95,148,136,119
110,183,168,131,87,104,90,81
94,219,206,167,58,92,88,73
90,145,135,101,82,122,118,92
110,215,201,157,87,136,128,97
97,181,172,138,98,132,122,106
111,208,192,121,90,157,138,120
133,231,221,157,67,73,70,51
74,97,90,72,58,67,57,53
149,295,280,231,58,67,61,54
115,212,202,161,88,134,125,101
78,103,91,79,99,114,103,83
87,144,132,95,84,114,102,87
115,215,202,150,88,156,151,124
121,245,230,170,97,154,146,114
125,233,217,157,79,128,118,95
106,201,191,156,90,147,139,106
89,131,121,105,86,120,109,96
119,220,208,142,89,107,97,76
146,285,272,203,86,142,133,109
96,215,204,141,89,168,158,133
113,215,204,161,84,104,98,78
120,204,193,141,103,166,156,110
157,296,279,222,118,161,149,121
123,214,202,149,72,101,96,77
114,196,185,143,89,144,127,111
101,185,174,135,69,124,119,102
168,249,223,185,85,136,124,85
85,129,119,95,77,96,91,77
136,201,186,149,82,136,128,101
117,186,169,122,89,130,122,104
122,244,228,170,80,122,113,99
115,234,222,164,89,125,112,92
122,244,231,165,92,117,107,89
129,237,228,167,85,128,121,89
76,99,90,73,103,147,130,115
79,101,95,75,69,94,84,73
156,246,220,168,71,98,90,82
142,216,196,159,91,112,103,85
123,213,198,141,93,123,118,87
123,246,230,169,89,145,134,120
123,226,213,160,75,110,98,88
137,236,211,164,95,149,137,114
108,158,145,117,130,209,195,150
102,183,170,124,81,151,144,116
133,228,210,163,119,186,171,134
116,193,186,148,94,145,134,118
134,234,223,181,90,160,154,105
95,139,131,103,96,150,141,103
116,174,164,123,95,128,117,94
88,108,98,80,90,123,122,98
107,178,161,124,93,132,124,110
126,230,210,172,103,136,125,101
133,201,191,151,77,82,71,65
115,240,224,172,88,121,112,87
125,200,186,153,86,109,93,73
151,298,283,212,85,131,118,93
132,232,212,163,98,150,137,100
147,276,259,172,71,102,93,74
143,287,268,228,89,120,109,91
128,231,221,152,90,143,134,105
113,202,194,150,71,91,86,64
98,159,149,118,75,98,90,72
93,147,134,110,106,141,130,111
148,305,294,227,80,112,107,87
100,154,149,92,86,127,118,90
121,207,193,155,94,155,140,114
129,197,182,125,89,153,139,107
152,301,282,229,77,99,89,71
100,207,197,149,90,130,114,90
67,94,87,73,84,124,117,98
123,183,167,138,76,104,98,78
84,141,127,102,95,139,129,104
94,133,122,96,98,158,146,99
99,161,144,113,100,142,130,110
84,132,122,107,102,190,177,151
96,147,134,114,89,138,126,99
122,229,218,167,102,124,112,94
100,158,143,125,73,96,89,72
124,207,194,148,66,95,83,77
106,189,164,120,83,120,110,84
137,263,245,186,74,93,86,69
139,241,226,170,100,151,139,111
124,176,165,131,95,122,115,100
147,282,267,188,104,133,124,91
88,150,142,109,97,108,90,88
143,271,258,183,66,87,76,66
122,215,197,145,95,113,104,86
89,138,125,100,95,166,156,122
122,201,186,144,87,121,113,88
80,120,113,91,106,170,154,121
102,203,191,153,90,123,110,94
102,158,149,129,112,178,166,145
121,217,203,149,103,143,127,105
139,282,270,212,108,176,167,149
92,167,160,118,77,95,82,76
101,192,179,132,97,173,162,128
109,216,207,142,64,74,63,59
84,150,138,117,83,137,128,98
132,232,215,164,90,110,95,82
89,137,127,108,54,88,80,70
125,229,217,176,73,104,92,77
128,228,218,143,86,129,122,103
135,217,198,147,87,151,140,112
128,237,217,169,79,107,94,79
95,142,133,105,75,112,103,82
112,203,187,144,70,90,78,62
115,198,185,122,116,169,155,132
108,239,224,162,102,156,140,109
125,203,181,142,113,181,164,128
108,157,143,122,87,111,104,77
106,156,141,116,78,124,117,97
102,180,162,128,87,130,121,97
107,177,165,113,70,80,71,63
102,175,163,115,100,117,100,88
115,210,198,154,95,150,142,107
87,121,116,91,113,172,158,134
118,263,256,183,101,175,166,125
89,145,137,99,74,123,119,91
101,162,153,115,75,100,85,72
139,236,228,163,98,131,116,93
100,180,169,132,79,85,79,62
100,197,187,154,75,116,111,87
100,190,174,154,93,129,121,98
173,337,314,246,89,118,106,96
107,193,176,133,70,100,87,69
110,184,172,127,68,99,92,80
103,162,153,121,87,106,99,85
91,122,114,79,84,153,143,111
131,211,190,161,86,130,120,92
98,155,142,107,91,133,125,99
115,201,191,142,88,133,122,103
100,190,179,132,77,122,116,86
124,239,227,161,83,156,149,114
117,238,227,161,102,175,164,115
119,221,207,156,93,143,131,106
107,155,142,109,93,122,108,93
113,188,175,134,94,125,116,99
117,182,172,131,78,94,86,74
92,131,119,94,63,92,83,76
136,255,243,176,82,118,107,91
116,185,174,140,63,77,69,60
158,318,296,232,96,168,152,118
91,139,129,98,87,118,112,93
95,110,102,81,98,134,124,107
73,98,91,62,69,98,86,76
94,147,132,106,95,157,141,110
103,173,164,119,100,141,133,91
103,173,156,114,66,89,85,71
129,232,218,161,99,166,156,124
111,185,173,144,77,137,122,113
111,180,164,135,89,133,125,92
94,168,153,121,75,98,89,70
75,127,116,90,82,125,114,92
115,185,175,125,73,110,102,88
100,169,152,120,72,89,80,63
77,105,94,87,94,136,123,108
126,197,180,128,84,160,156,123
116,175,161,131,112,172,150,125
133,255,239,192,90,126,114,102
118,232,222,167,87,117,106,92
120,180,175,140,67,115,103,92
127,234,222,164,92,109,104,86
121,222,215,163,99,186,172,145
103,185,173,137,110,150,142,119
130,196,182,129,104,130,123,96
95,140,125,112,101,201,187,144
120,237,218,180,81,134,130,101
119,204,193,145,93,159,152,117
114,176,164,127,86,111,102,82
199,333,312,222,91,122,114,92
126,201,187,150,74,112,105,93
119,186,174,130,94,143,127,101
120,241,226,171,95,130,123,101
128,220,199,160,92,149,136,121
109,200,187,124,114,181,167,135
120,237,221,178,77,103,91,79
109,180,169,131,86,116,104,90
116,210,194,154,80,104,94,80
101,178,161,128,80,109,96,87
138,254,242,187,92,126,115,92
132,217,207,142,74,145,141,110
123,252,238,180,56,75,66,59
99,132,122,101,103,173,162,126
117,222,207,168,91,114,104,84
104,185,172,147,90,141,124,98
94,164,149,110,85,105,99,74
125,225,212,160,83,149,137,114
93,153,143,116,86,131,125,89
152,274,259,196,68,89,79,61
112,214,198,169,82,100,91,80
110,146,140,103,97,118,104,92
113,185,177,135,112,165,153,106
116,173,158,124,115,151,137,121
112,178,166,114,68,91,79,71
108,180,162,126,83,150,144,132
115,220,202,159,77,83,79,70
110,176,162,121,48,67,60,55
122,239,222,172,78,124,122,100
80,117,110,85,99,175,167,134
88,144,137,105,101,126,109,98
70,88,81,71,104,150,146,110
158,251,230,164,83,129,119,89
130,242,223,158,98,167,152,118
118,180,169,122,99,136,123,105
90,153,142,110,65,89,82,61
129,249,231,180,86,100,90,76
86,149,143,101,108,166,155,124
100,176,169,135,100,162,149,125
118,187,170,126,107,155,146,102
124,173,164,128,85,142,134,102
105,188,174,142,69,98,84,74
98,160,149,112,84,131,123,93
115,197,181,145,56,64,52,51
95,185,173,142,74,129,120,100
76,122,107,81,79,116,105,91
156,306,282,220,96,142,135,105
71,118,111,93,91,113,105,81
94,188,179,118,91,117,107,82
133,189,168,119,75,114,99,70
125,254,243,199,62,91,84,71
133,240,219,156,70,95,87,76
98,173,161,121,74,87,77,71
115,183,174,127,103,166,157,129
98,168,152,117,71,92,81,75
79,107,93,82,115,140,135,104
128,225,211,181,61,74,68,60
99,170,156,135,84,113,102,91
80,155,149,121,66,91,81,76
111,170,158,120,78,100,89,74
177,346,325,255,106,195,182,144
119,215,199,160,121,181,165,126
113,183,165,128,83,105,98,79
88,120,109,88,69,86,80,61
113,165,153,118,93,148,137,106
125,241,223,165,78,104,97,86
136,278,264,212,91,147,136,103
106,182,172,124,105,149,135,103
127,243,231,184,100,133,119,96
121,220,208,162,83,127,120,96
127,224,210,153,82,128,119,97
123,196,183,119,77,112,101,79
117,190,171,136,90,142,129,110
70,94,85,80,80,138,132,108
125,229,207,175,73,122,113,90
123,188,174,135,99,131,126,102
127,233,223,166,100,142,131,99
107,195,189,136,124,226,209,171
102,202,193,156,71,93,86,72
127,234,222,174,97,143,137,119
89,150,138,95,93,160,152,119
110,153,139,105,103,176,166,139
117,207,193,159,81,118,109,99
108,177,162,129,111,137,128,106
132,208,195,155,68,101,91,76
95,184,173,130,88,147,136,110
117,173,156,133,88,153,138,119
105,181,161,140,86,125,114,88
66,95,90,73,104,167,156,128
102,222,205,149,105,173,161,113
111,177,166,123,91,122,112,97
98,157,144,101,79,123,116,98
92,140,128,99,57,63,56,50
110,191,180,132,111,169,158,128
89,139,129,96,100,159,147,111
70,117,107,83,102,149,142,106
114,189,175,129,101,143,131,118
98,149,139,107,85,147,141,105
106,230,221,149,74,125,117,82
128,216,204,153,102,167,153,132
135,233,221,180,59,100,94,78
91,151,147,110,100,154,148,114
122,197,189,147,104,153,140,117
103,203,190,154,94,135,125,102
81,146,139,114,95,144,140,110
116,192,185,135,103,169,158,120
113,257,245,173,82,98,86,81
74,88,75,63,100,152,146,108
122,230,216,152,66,84,76,75
109,186,177,125,84,121,114,92
83,133,125,101,99,154,148,121
125,264,252,189,69,103,96,87
79,130,121,94,86,107,97,80
112,230,214,137,83,115,110,88
93,171,159,126,99,144,135,103
104,227,214,153,74,130,129,107
111,200,181,130,76,123,113,103
136,240,227,173,83,130,127,93
129,234,224,184,79,110,101,79
124,242,236,173,84,136,129,100
116,249,231,184,85,115,112,85
140,228,213,166,96,151,137,109
83,161,158,119,73,111,106,93
105,196,180,134,89,146,135,115
119,233,220,151,80,128,112,85
103,150,142,110,71,111,104,93
132,249,236,156,69,90,84,69
135,254,246,179,112,173,162,120
91,144,135,111,116,168,157,127
164,305,286,220,94,127,114,94
101,179,167,139,73,89,73,74
154,315,291,221,83,133,124,101
102,200,189,146,87,123,116,82
124,245,225,175,77,119,110,94
104,199,189,155,84,120,111,93
85,150,138,110,88,108,95,78
119,222,211,161,86,129,123,96
89,128,122,104,109,157,142,114
161,331,316,226,72,97,89,72
87,130,125,97,65,104,97,81
89,110,100,78,81,107,98,86
100,178,169,126,86,122,111,97
93,139,131,106,87,128,118,104
133,216,199,145,102,149,136,99
109,198,192,148,55,83,70,75
135,291,274,221,66,88,80,63
90,139,133,103,96,118,110,93
152,287,276,209,66,79,78,66
147,317,308,244,89,164,160,131
145,283,264,203,99,139,127,106
108,211,198,148,91,137,122,103
126,233,218,172,71,79,72,65
129,236,224,178,83,122,110,95
124,233,216,176,67,89,83,73
89,138,127,106,80,127,121,88
101,209,197,147,85,100,92,75
121,199,187,145,78,140,129,103
133,207,197,148,84,134,126,100
116,197,187,141,89,125,109,95
86,161,147,111,69,107,99,83
112,174,162,126,80,93,86,71
112,213,197,156,98,148,144,108
118,182,172,132,91,170,157,123
75,146,135,100,91,125,112,94
111,240,227,173,85,112,101,82
119,168,158,118,90,130,120,97
76,104,96,84,107,185,172,135
119,231,223,161,99,145,136,102
98,152,138,105,90,146,138,113
109,199,180,134,100,156,145,116
120,236,223,163,102,183,172,142
85,116,104,88,88,118,108,84
125,221,211,153,85,133,124,114
124,248,233,178,90,134,122,102
115,242,231,176,110,163,150,121
119,199,191,147,84,127,119,97
81,115,104,85,80,140,131,115
92,129,114,99,92,115,100,84
99,153,141,118,94,151,139,105
157,300,275,209,90,127,108,97
115,185,169,142,73,110,102,88
111,180,162,137,83,92,84,63
182,337,318,249,82,119,113,92
105,210,193,156,75,124,115,91
107,145,135,107,98,151,142,113
83,144,127,97,80,119,107,84
146,284,266,186,95,122,116,90
121,247,230,177,101,143,131,106
99,134,122,100,93,136,127,102
123,201,186,138,86,139,128,107
86,111,98,88,103,153,136,113
133,232,216,172,72,83,74,67
114,207,198,150,66,91,85,72
145,289,274,216,97,152,142,104
115,233,221,156,83,109,99,82
111,184,173,140,68,84,78,65
116,203,190,151,73,101,91,78
114,185,174,152,63,76,65,61
141,276,263,179,72,98,92,78
101,178,171,127,64,83,79,73
161,286,269,209,92,163,156,128
94,166,155,111,87,119,110,92
77,120,113,99,66,90,78,70
145,254,242,190,78,98,85,81
96,173,166,128,96,139,128,97
96,135,121,100,92,116,106,91
125,205,192,149,67,89,80,65
121,254,239,173,87,147,134,103
122,205,195,149,76,117,108,88
120,177,164,120,94,143,135,100
131,259,237,166,125,185,169,141
102,177,164,128,95,127,119,101
137,278,263,193,119,216,203,165
108,202,184,134,116,169,158,121
120,211,199,153,96,179,169,131
132,239,221,182,90,136,120,104
108,135,123,103,76,121,113,89
101,173,161,120,100,143,134,115
114,170,156,117,124,179,164,137
119,219,207,153,86,147,136,123
112,207,195,156,92,148,139,109
166,253,241,169,60,76,69,62
138,235,219,160,75,99,94,78
122,237,221,151,66,84,76,69
119,224,212,145,72,90,80,70
121,207,192,147,95,136,127,102
133,224,209,146,78,149,141,102
125,171,160,128,78,94,91,75
107,173,158,125,88,123,111,94
135,220,202,167,100,157,146,117
108,184,173,121,97,157,146,118
140,250,234,179,89,126,118,96
118,211,193,149,98,138,130,97
85,168,155,112,97,136,118,103
120,179,169,127,75,101,89,80
124,240,225,161,64,108,102,73
137,239,227,163,82,114,107,88
160,326,313,234,88,110,98,86
80,141,131,110,64,95,85,72
107,139,128,93,83,113,105,87
105,231,215,151,70,101,90,76
81,106,96,74,80,108,97,78
145,275,250,189,85,126,117,96
120,231,217,163,82,144,129,99
127,202,173,138,89,135,124,106
94,144,125,104,101,162,154,133
132,237,226,173,96,113,99,87
120,211,202,141,106,169,161,124
125,205,189,151,58,66,62,60
107,206,187,141,98,140,129,113
109,205,193,129,78,106,95,78
113,179,167,137,75,105,98,77
94,161,155,112,100,158,143,111
139,190,169,137,109,140,122,89
129,263,249,183,90,146,130,112
95,140,133,109,88,113,106,84
116,274,256,196,80,127,115,98
108,225,214,156,70,104,96,81
93,139,129,100,91,147,138,109
128,221,211,180,70,90,86,74
116,199,189,145,94,114,107,90
119,193,183,136,114,157,144,114
111,231,210,149,66,91,82,75
154,325,309,243,77,99,90,71
150,258,241,182,96,157,147,112
85,153,143,105,72,119,109,92
103,198,185,137,104,145,132,107
142,275,255,188,90,129,118,92
187,384,353,276,76,104,97,76
138,269,257,195,79,119,111,80
143,219,205,175,72,114,111,84
132,253,238,186,89,142,137,97
90,141,130,94,82,103,95,88
91,147,135,106,90,151,140,116
129,229,212,155,83,88,82,66
141,218,203,159,93,135,125,102
131,197,183,147,101,158,148,118
123,223,208,159,105,135,125,112
142,253,243,187,84,117,106,84
119,220,210,167,104,169,160,129
96,196,177,141,74,92,82,79
125,258,244,191,89,130,118,94
70,98,88,68,87,133,122,99
114,213,197,160,99,142,132,107
115,172,161,118,87,123,114,103
109,167,154,128,84,135,125,114
122,209,201,151,76,99,93,73
114,226,209,153,86,117,109,84
141,315,299,225,99,125,115,95
76,115,109,89,73,92,85,64
91,161,153,110,104,161,155,119
93,184,172,125,101,154,141,115
104,163,152,107,81,113,100,88
84,114,103,88,87,125,115,90
136,259,249,198,98,152,142,111
97,214,211,156,74,100,89,80
121,200,182,149,86,132,122,89
110,193,182,139,97,175,164,126
111,182,170,130,89,140,127,107
107,156,139,119,74,105,102,86
98,179,166,130,94,125,110,99
119,216,199,159,102,128,120,96
127,210,196,145,67,88,80,71
105,156,148,117,68,99,87,72
109,203,192,148,80,119,104,98
106,162,147,112,60,138,130,109
118,246,230,181,83,123,117,97
107,212,196,161,66,99,93,77
74,117,109,92,92,141,134,95
112,211,197,143,77,114,108,81
143,260,245,188,104,190,177,137
116,181,169,147,95,124,108,95
134,254,233,173,87,141,126,97
115,175,164,133,76,126,114,92
118,188,176,135,111,134,120,92
108,204,192,150,98,139,126,97
141,276,258,190,82,104,96,68
92,122,118,89,87,140,131,97
117,226,212,156,82,138,127,105
89,149,140,99,75,110,103,85
124,305,297,211,89,132,119,95
127,273,256,193,65,87,76,65
126,266,253,210,96,137,126,111
106,169,150,117,74,85,81,66
116,180,169,142,81,125,117,90
77,123,113,94,137,223,210,157
98,140,129,95,71,102,89,82
123,209,195,154,75,132,124,106
146,297,283,216,88,162,148,126
109,183,173,110,77,103,97,76
140,275,257,202,89,127,119,97
99,158,146,119,84,109,96,91
118,147,138,107,74,105,99,79
89,184,174,140,110,158,146,121
105,219,207,163,78,118,104,91
138,258,246,189,82,127,115,97
97,184,172,127,95,137,128,91
76,124,115,83,83,113,106,82
98,155,139,118,97,135,124,105
89,147,136,113,73,115,111,88
96,156,147,110,74,113,106,80
91,165,150,133,115,158,144,118
83,168,155,132,78,116,103,78
126,204,194,153,77,114,102,95
154,319,307,237,111,169,154,128
125,195,180,127,64,85,79,73
109,175,165,127,89,124,119,104
111,227,216,155,92,153,138,107
106,183,172,141,62,94,90,73
133,219,207,156,93,163,149,130
84,111,106,80,84,138,128,105
115,191,169,139,83,130,121,98
101,184,175,125,87,122,114,88
128,254,236,172,77,104,93,80
137,228,213,167,75,84,76,55
136,253,243,202,86,142,131,104
113,179,169,135,88,139,124,103
125,218,202,146,111,172,162,116
116,233,215,164,104,153,143,117
132,226,210,150,80,116,106,92
96,147,132,105,83,162,152,119
116,170,155,124,92,135,132,95
92,164,156,131,78,148,134,101
118,210,202,140,81,124,120,91
109,147,139,115,90,123,117,93
95,140,130,106,84,150,143,119
124,175,160,126,82,124,111,95
147,281,266,192,75,96,91,75
151,274,260,192,93,149,133,111
131,235,222,162,118,175,160,132
85,152,140,109,95,150,137,110
111,198,186,138,99,139,129,103
139,265,247,198,84,118,107,93
130,224,202,162,93,128,119,100
167,304,283,215,88,162,152,132
128,202,185,155,101,159,149,111
107,218,203,153,75,98,86,77
109,209,192,155,81,132,121,97
99,137,126,104,92,136,125,102
83,125,109,90,103,177,167,139
124,190,183,143,84,127,116,93
137,190,178,137,84,144,135,110
110,201,185,145,84,106,97,85
94,183,175,116,90,109,101,83
129,192,183,128,74,85,76,63
141,268,256,184,84,144,136,100
83,110,98,88,101,121,112,88
116,197,187,143,86,128,115,84
126,218,200,147,77,107,95,83
109,153,141,109,68,119,107,89
122,226,216,167,107,172,156,130
86,132,125,110,64,96,83,82
88,138,129,109,62,74,66,62
96,193,183,134,96,145,132,110
160,359,343,280,75,107,102,71
101,171,158,122,104,141,129,103
95,159,141,115,80,118,106,93
107,199,186,138,85,144,135,94
111,192,178,140,85,131,118,94
94,150,140,108,98,142,131,110
62,127,119,84,80,124,114,95
147,257,239,171,92,130,122,103
108,150,139,115,64,76,66,61
124,260,247,188,96,170,160,129
97,172,156,119,103,166,153,127
103,198,186,137,96,150,144,122
102,171,159,116,95,164,157,120
118,184,172,127,78,99,92,74
101,192,179,147,80,115,109,90
100,156,140,117,73,127,119,92
122,209,194,155,93,140,125,106
114,236,223,166,71,95,87,71
107,138,119,104,83,169,159,137
118,218,206,168,94,148,139,114
107,155,147,110,109,177,167,137
123,189,173,123,60,67,63,46
128,245,231,180,101,123,108,85
92,145,136,99,66,88,79,77
96,156,146,126,91,165,156,137
131,247,233,169,107,167,155,133
117,231,222,169,80,102,94,68
87,124,112,96,93,130,122,107
121,218,199,160,64,92,83,73
96,172,161,127,95,147,139,105
146,269,257,187,70,103,93,81
116,216,203,160,70,100,90,73
106,169,157,127,69,85,76,59
110,226,211,155,90,137,128,96
90,133,125,94,67,101,89,79
179,296,281,200,79,99,85,79
116,210,194,146,108,175,163,120
106,135,122,103,93,117,108,94
105,196,187,152,69,79,70,62
139,271,258,178,63,87,76,66
148,219,198,152,92,113,99,91
117,199,189,153,84,104,98,74
97,144,135,95,77,99,90,76
104,163,153,126,88,121,111,94
80,134,125,90,86,110,100,83
139,239,218,181,99,151,139,111
127,221,198,163,90,129,118,95
121,180,168,119,99,129,113,103
118,181,172,139,59,65,60,48
132,224,205,147,76,92,82,66
142,339,322,219,70,87,79,68
105,177,168,128,78,121,109,83
141,310,295,237,78,101,97,73
100,215,200,149,75,110,101,83
142,293,275,216,69,101,94,77
129,210,202,155,81,114,103,84
119,203,195,153,67,100,91,79
138,246,237,170,79,116,105,90
89,148,139,105,70,88,82,63
117,226,216,166,87,136,126,109
134,244,226,166,71,96,90,77
116,210,195,156,107,167,158,122
127,218,203,154,61,78,68,66
117,275,257,195,87,132,119,112
125,216,199,148,83,138,130,100
103,136,123,95,79,107,102,84
99,140,128,103,113,164,151,127
82,123,111,91,52,73,65,55
144,214,199,155,91,172,166,129
115,158,145,122,92,141,130,91
147,260,237,197,104,162,150,99
111,202,190,153,103,186,173,142
113,215,203,167,106,172,160,121
119,208,197,140,69,83,73,64
94,141,129,108,70,106,100,73
137,251,231,176,87,135,126,99
95,186,177,140,96,140,126,106
118,223,213,153,79,111,106,84
140,240,217,174,98,163,154,124
108,158,148,112,91,126,114,98
90,138,132,95,66,102,97,70
119,185,174,128,84,133,125,105
115,206,192,139,78,114,103,89
138,218,207,162,108,152,143,112
117,202,178,136,108,155,143,109
147,280,262,209,98,145,134,109
116,212,198,153,104,144,130,118
122,206,196,146,84,117,109,93
118,192,178,137,79,113,108,86
94,128,118,89,76,123,112,88
112,179,168,128,90,130,120,95
95,184,173,146,72,91,85,75
146,299,285,223,89,164,154,122
90,157,147,108,46,71,64,58
90,177,164,125,64,103,95,86
81,116,105,86,88,147,134,99
119,214,204,151,109,179,165,125
101,167,157,121,80,119,109,92
75,140,131,104,63,59,51,48
114,204,195,158,125,204,191,140
82,159,150,108,83,119,111,84
174,373,360,264,67,94,89,65
131,211,191,153,82,108,97,79
122,204,183,144,76,150,143,107
125,232,216,172,79,109,98,84
107,219,212,178,85,137,128,110
111,229,219,151,92,129,118,101
114,208,198,136,91,127,122,95
123,237,219,170,91,164,147,116
116,211,198,131,79,97,86,72
101,145,133,112,71,103,95,79
141,274,263,197,62,75,67,63
89,161,148,121,103,175,166,124
115,192,179,135,61,84,76,69
107,167,154,123,71,111,106,84
90,142,122,111,96,144,132,95
121,206,194,162,113,173,163,131
116,199,190,151,103,183,175,136
110,205,190,143,98,149,141,100
102,157,147,111,101,131,123,95
135,263,250,195,79,132,122,100
95,212,201,149,79,124,116,93
163,382,363,264,82,132,126,99
137,234,220,167,89,140,135,108
110,174,160,119,93,159,153,111
86,122,109,93,83,130,121,107
82,143,132,104,82,133,124,97
78,122,118,96,59,74,64,64
119,195,181,143,94,123,115,94
118,194,180,136,69,89,78,69
114,216,202,146,83,130,125,103
104,222,209,143,114,159,148,108
149,242,228,185,82,108,93,87
124,195,181,136,73,85,75,68
90,187,176,145,122,203,186,148
123,221,206,158,76,136,127,104
112,186,176,144,90,134,126,109
128,207,194,148,112,157,145,121
104,208,201,148,53,85,80,62
111,162,150,117,79,123,118,95
122,243,227,172,98,146,132,107
119,215,204,146,73,117,108,88
74,107,94,89,106,174,169,129
113,214,200,157,85,107,98,71
115,193,181,132,85,125,112,94
114,168,151,116,76,119,114,91
134,254,242,169,103,184,166,137
88,146,139,104,66,77,71,57
120,244,232,186,90,89,79,70
147,221,206,160,85,139,130,110
109,188,171,132,73,98,86,77
142,241,222,176,70,114,106,90
107,150,140,111,108,173,158,118
85,133,120,89,89,134,126,99
123,197,189,142,94,123,114,91
120,217,203,161,84,113,105,86
160,323,308,243,79,109,103,83
170,334,313,245,111,171,162,124
118,201,183,162,76,111,101,89
104,140,128,114,87,135,124,98
89,113,101,91,83,100,88,81
129,260,246,184,91,138,131,96
107,169,157,127,95,136,126,103
123,242,228,178,80,113,104,77
112,195,180,141,98,159,151,125
125,220,199,160,72,108,96,86
90,135,126,101,81,114,104,91
88,154,144,111,76,104,93,80
129,217,195,159,67,98,87,78
143,236,216,156,108,158,149,114
82,145,135,101,80,100,91,70
110,193,186,143,78,110,101,83
114,185,171,136,90,131,121,100
99,177,167,131,106,138,124,102
140,257,242,190,76,122,113,90
111,222,214,161,80,112,102,85
100,180,170,143,85,132,127,98
112,204,193,143,84,147,133,111
116,231,221,167,82,129,120,99
81,135,125,96,82,121,115,85
125,234,221,167,81,136,126,96
101,176,165,134,68,81,74,62
107,181,174,118,82,110,107,92
82,123,114,96,82,112,106,81
129,243,230,164,111,179,169,126
102,140,125,98,89,121,109,102
126,229,211,151,94,146,133,119
114,151,145,117,108,165,155,119
141,253,236,181,80,109,98,91
126,237,219,175,72,107,102,74
121,183,170,125,109,169,152,124
118,189,175,137,70,101,96,77
104,186,174,129,83,86,81,63
105,162,154,118,113,168,156,118
120,201,191,132,67,92,86,70
90,147,135,100,102,150,139,96
133,260,241,183,68,106,96,86
134,219,208,154,118,178,168,124
130,225,214,168,65,116,108,86
139,246,233,162,82,127,118,100
133,202,190,155,66,94,87,73
143,293,274,221,83,152,146,98
84,153,142,112,77,113,101,81
99,164,159,129,92,122,115,93
63,100,95,72,80,89,81,70
131,257,242,191,92,120,109,94
99,168,152,118,65,104,95,81
87,150,137,97,82,117,102,83
143,299,279,227,73,105,102,85
99,147,134,106,100,153,143,123
107,239,228,154,86,112,100,77
133,270,254,187,94,133,121,99
106,173,158,126,80,110,96,79
135,284,263,196,152,230,217,151
119,173,161,116,78,99,93,80
132,208,193,148,94,121,114,88
105,147,138,105,85,120,113,91
127,234,216,173,93,137,124,96
94,131,122,95,108,180,166,126
101,166,154,104,59,77,73,56
84,140,129,96,93,158,150,119
123,216,204,159,80,111,102,88
125,246,231,175,77,100,95,74
82,120,111,80,109,207,197,160
126,167,149,126,104,167,157,123
117,197,185,133,85,153,144,107
111,200,189,133,114,185,168,133
131,224,203,169,63,84,78,70
72,87,77,70,123,175,162,121
123,215,202,137,81,113,104,80
102,169,157,116,84,115,104,89
86,134,127,100,95,134,126,104
115,170,157,125,83,131,125,101
88,176,169,127,99,128,117,96
154,261,245,183,95,140,127,121
119,196,186,135,95,160,143,109
128,233,217,166,93,133,122,98
119,191,175,144,108,156,144,118
140,247,235,180,107,145,132,106
130,283,269,181,87,134,122,100
142,283,268,190,116,168,158,121
120,260,242,179,76,104,98,77
122,225,209,160,81,101,94,81
112,197,184,148,60,108,98,82
97,150,140,103,91,148,136,98
133,261,245,169,106,143,130,110
105,204,190,127,79,99,96,77
110,191,180,138,100,138,127,102
94,184,174,125,73,86,79,62
87,122,109,93,71,95,86,77
131,284,271,217,67,83,73,66
133,240,228,173,78,117,107,84
104,136,127,105,109,176,162,129
125,193,179,125,94,150,142,126
107,143,127,104,95,144,133,104
117,256,238,191,97,132,123,106
137,249,230,164,91,126,114,96
118,203,187,145,92,139,127,107
95,178,164,135,70,109,103,66
92,173,161,126,58,85,77,67
91,204,192,162,86,151,135,111
132,222,205,148,79,92,86,80
72,93,88,73,85,104,92,86
126,260,247,200,80,174,163,137
100,171,163,124,91,121,113,89
117,223,208,163,85,154,144,114
77,115,107,80,82,137,127,109
112,163,146,119,79,117,109,74
95,150,144,122,92,138,126,99
134,259,234,170,107,143,130,103
141,229,212,155,96,162,153,110
88,128,114,86,78,101,89,76
113,200,185,126,80,107,96,84
110,175,162,133,102,127,111,93
140,248,224,185,68,80,69,56
87,141,137,107,86,135,129,94
76,138,129,97,110,146,135,109
105,146,138,105,87,154,143,116
100,152,140,112,83,152,145,116
62,94,91,70,94,134,119,99
102,192,180,123,101,143,133,114
150,252,237,181,97,124,114,107
103,197,187,143,72,106,94,81
88,151,142,110,89,123,110,94
86,118,107,89,69,88,81,72
132,226,205,158,87,172,163,145
102,161,150,115,98,159,152,127
124,207,194,166,113,203,190,147
134,220,210,171,82,121,115,92
127,226,215,158,76,121,113,91
81,126,111,96,78,127,116,92
104,208,192,156,90,151,138,116
160,297,280,217,89,134,124,99
133,262,251,180,78,107,100,83
121,230,217,164,95,138,127,90
114,187,174,127,80,103,93,74
122,208,195,152,85,138,126,104
106,205,194,157,86,140,131,103
128,263,245,180,127,184,168,133
136,208,194,151,85,118,108,88
99,153,144,114,73,117,108,86
87,136,132,111,99,137,128,99
99,207,194,142,107,173,156,130
126,221,213,161,80,124,119,99
140,295,278,223,116,171,158,129
125,249,230,175,105,157,144,109
128,217,201,154,75,91,82,68
84,161,154,119,95,178,165,140
130,229,220,164,115,177,157,139
97,147,134,98,74,95,87,64
115,217,209,155,77,127,118,93
127,227,212,169,80,144,132,120
128,234,221,178,90,155,143,104
88,135,124,98,101,164,157,121
121,194,182,147,104,170,157,131
113,178,160,132,110,151,139,109
85,123,120,101,77,124,112,96
113,222,215,176,112,170,157,131
101,191,179,145,78,109,102,85
86,170,161,129,88,104,93,78
142,281,262,203,108,154,139,119
106,190,177,142,61,82,75,67
150,255,232,186,78,117,107,89
93,137,129,99,81,121,111,94
132,242,224,167,62,109,101,75
112,192,181,136,70,88,78,71
96,139,135,99,75,121,111,103
124,227,206,175,86,130,120,92
141,272,254,184,90,133,122,91
110,166,156,122,72,85,72,65
107,194,185,145,73,99,90,74
105,190,179,141,69,115,105,90
110,168,155,115,127,210,196,149
89,168,158,110,82,112,106,77
150,283,267,201,117,184,174,141
84,150,143,103,68,112,103,80
109,181,163,131,88,133,124,105
107,167,153,120,99,151,139,109
85,160,147,122,77,109,96,80
133,211,198,147,80,102,90,77
114,194,182,146,91,164,149,108
86,141,134,112,75,100,90,70
103,163,150,104,92,153,146,102
97,155,142,120,90,156,148,122
123,245,230,165,82,104,96,81
113,226,216,156,99,138,125,101
156,282,264,205,98,146,135,100
105,172,156,122,106,155,144,107
153,287,266,213,113,152,137,111
85,128,116,88,116,213,202,152
94,146,137,104,85,125,115,96
150,282,263,217,68,106,100,79
119,247,236,185,85,157,146,110
112,166,154,114,102,164,148,119
117,217,205,157,105,208,199,161
128,222,211,157,68,109,104,80
121,178,171,137,81,107,103,69
86,141,129,100,93,118,100,83
103,189,173,142,99,164,155,120
115,202,189,146,98,147,132,116
90,137,126,101,95,153,142,111
151,321,311,244,87,113,101,88
119,202,185,132,90,145,136,105
103,172,160,130,82,116,113,93
74,123,115,89,97,149,136,99
126,222,210,158,117,172,160,122
134,246,220,186,75,104,93,77
115,206,197,155,85,117,106,94
75,129,122,98,100,150,137,113
124,251,238,176,73,104,98,85
124,224,217,168,65,100,89,76
121,222,210,152,95,143,131,115
107,162,151,119,91,155,148,111
106,159,151,117,68,94,84,73
122,217,205,151,90,140,129,99
167,291,272,200,93,132,122,98
104,175,162,126,67,104,97,83
116,195,174,135,101,149,139,108
79,123,115,91,106,157,143,113
117,248,237,168,91,116,105,89
116,207,193,144,89,124,116,102
126,187,176,128,78,96,89,76
93,108,98,78,75,117,107,83
115,194,179,135,86,160,151,107
98,149,140,104,87,140,128,106
163,321,295,221,100,151,138,104
100,169,157,121,82,106,93,68
103,184,178,132,87,134,126,96
67,120,108,83,75,119,110,79
125,229,213,158,67,85,82,66
129,273,260,198,65,61,56,51
134,267,255,196,88,115,106,84
132,222,202,149,100,146,134,104
107,157,148,106,72,90,83,65
113,191,178,138,96,157,143,122
94,169,158,118,119,207,187,145
80,114,99,85,69,120,114,87
97,134,127,89,81,109,101,81
102,196,184,139,68,99,91,61
104,179,166,128,72,91,85,70
129,237,223,171,113,161,145,104
116,165,153,114,94,183,171,122
105,162,155,117,79,131,123,95
136,272,261,194,99,182,172,141
108,186,169,150,110,195,183,135
107,175,162,122,68,102,96,72
105,154,138,112,99,157,149,120
115,202,191,119,87,136,126,93
93,171,167,140,93,133,124,98
94,148,141,101,87,120,114,90
137,231,223,155,90,131,121,105
98,172,161,111,122,169,155,119
130,234,223,174,119,172,160,138
77,87,83,66,93,153,147,104
123,193,179,123,63,76,67,57
120,226,209,160,100,154,142,121
99,200,189,142,86,103,91,83
132,341,329,233,99,153,140,110
106,200,179,126,92,137,124,107
86,148,139,107,108,166,151,116
95,188,175,115,91,121,108,96
132,211,189,146,79,102,91,72
97,209,191,146,73,95,88,69
119,261,252,197,88,146,134,106
160,310,291,221,81,137,123,104
128,261,245,194,97,128,120,90
96,167,152,115,91,139,129,106
125,228,221,170,94,123,113,99
94,134,121,98,120,183,170,129
125,188,174,123,80,109,95,86
142,259,248,180,80,108,98,82
114,176,163,136,87,116,106,90
82,98,92,80,111,196,180,135
108,228,215,161,84,155,146,119
117,248,238,191,72,118,105,93
121,168,162,123,81,122,115,86
109,189,178,127,98,131,120,93
100,153,143,114,96,159,147,115
130,235,222,160,94,133,121,100
105,196,186,130,90,181,169,124
135,306,293,240,101,159,148,103
123,261,248,186,74,115,105,88
140,277,261,197,74,93,85,73
114,194,187,160,75,106,96,86
99,163,148,111,88,122,110,99
122,215,200,152,92,112,103,88
74,106,102,84,114,179,166,127
110,178,165,126,105,148,136,104
91,184,176,138,66,106,93,87
76,111,100,72,75,106,96,78
117,202,190,133,67,91,88,70
132,234,219,152,92,131,120,92
75,101,91,74,96,137,126,106
104,176,166,125,96,129,121,104
105,177,167,126,82,112,103,84
116,169,156,128,76,105,99,77
101,149,137,115,78,100,91,78
95,155,141,112,86,115,104,90
98,185,177,145,89,131,122,91
84,138,128,108,116,143,132,104
109,195,184,135,73,92,80,64
169,322,308,236,70,81,72,68
148,339,322,234,105,148,138,111
147,307,286,223,99,164,158,128
92,121,109,88,70,95,86,72
135,200,188,151,68,83,71,69
92,136,126,102,89,104,95,80
105,172,161,113,69,102,94,78
110,209,195,138,105,178,171,136
123,193,173,142,86,111,102,94
122,257,251,180,63,83,76,67
133,234,221,147,98,140,130,112
69,102,92,83,111,191,175,143
92,123,114,94,97,131,116,102
104,202,187,150,78,95,85,69
130,191,177,133,87,155,136,96
102,165,157,135,105,162,151,120
139,277,261,195,82,135,123,88
135,261,247,196,83,148,130,123
93,145,134,103,70,139,132,115
82,126,114,94,91,113,104,90
125,191,172,138,97,142,136,108
126,250,229,176,79,100,92,73
116,181,168,123,93,142,130,119
110,198,189,136,88,140,129,102
98,129,118,84,94,114,100,81
75,135,124,102,88,130,115,95
111,222,213,183,109,166,151,120
159,296,279,206,99,156,143,127
114,174,160,125,100,140,127,110
130,248,239,178,107,146,135,109
110,217,203,146,89,120,111,84
106,169,152,126,92,143,128,108
109,214,199,144,59,78,70,61
95,162,144,109,71,108,99,77
100,187,171,141,75,91,85,69
92,129,120,91,94,163,153,117
118,200,186,152,111,172,162,119
101,148,143,113,89,116,113,99
135,228,202,156,67,99,90,73
114,192,174,135,82,116,101,87
128,211,198,137,79,109,102,88
90,161,149,117,84,107,94,82
88,132,121,101,114,152,142,113
106,189,175,143,62,82,75,69
119,194,178,144,86,99,89,78
124,231,215,153,77,105,95,82
95,150,139,96,83,119,109,82
128,198,180,147,66,86,79,68
115,191,178,135,89,152,142,114
112,178,165,129,91,135,128,99
167,310,284,221,54,73,67,63
111,218,208,146,90,132,121,89
148,248,229,169,66,119,115,101
136,256,242,161,59,65,57,48
97,170,159,128,80,132,119,93
117,189,173,142,84,105,96,77
88,141,128,99,78,99,90,78
99,219,204,155,63,105,95,75
132,189,166,133,84,95,89,71
99,185,178,148,107,166,156,139
133,207,196,148,107,177,165,133
113,217,204,147,107,210,198,156
86,139,126,102,84,132,120,91
108,168,155,121,100,172,166,131
125,209,192,154,107,143,133,115
96,180,170,141,74,122,114,87
120,227,211,162,66,91,84,69
57,95,90,75,68,113,108,89
124,225,209,143,96,136,124,91
118,216,203,155,100,126,116,98
117,177,153,129,85,147,138,123
112,176,166,137,73,111,101,88
137,249,233,171,86,146,133,103
108,187,173,146,118,215,200,154
117,181,164,121,83,95,88,81
122,199,190,143,59,82,74,65
150,310,291,226,60,93,81,74
115,190,180,139,91,142,132,111
88,137,124,109,92,157,140,114
143,309,295,223,82,108,98,75
157,322,305,215,70,89,80,70
168,323,300,211,110,178,166,137
169,262,242,169,65,80,72,65
95,151,141,112,109,137,128,99
99,188,181,147,70,103,91,80
97,147,135,99,73,96,86,73
110,186,177,127,75,122,115,96
128,200,184,150,97,163,149,103
127,180,166,125,109,167,148,121
83,126,119,88,85,131,130,99
110,236,220,176,99,190,182,153
115,186,175,130,74,108,98,80
108,162,146,116,103,150,140,112
130,224,208,153,81,133,125,107
99,136,129,102,78,110,102,82
122,205,188,150,96,135,130,94
129,241,228,181,75,83,70,64
94,165,146,118,106,168,151,118
134,254,240,191,84,116,110,81
79,145,136,93,81,129,114,99
122,253,234,190,67,96,86,79
134,249,233,167,98,148,139,110
133,182,171,132,79,108,100,82
140,265,252,214,88,124,115,102
76,91,86,77,66,85,78,59
99,166,155,123,80,123,110,92
128,203,191,139,105,161,148,110
130,231,216,159,106,166,155,119
157,286,275,207,91,160,151,124
85,133,124,87,94,158,142,113
167,343,330,265,86,98,91,72
144,256,243,174,82,128,116,86
150,299,287,218,64,72,63,56
114,166,152,118,70,118,111,93
104,228,218,165,90,129,121,103
106,174,163,123,100,147,141,99
138,228,215,169,84,119,113,82
136,262,246,179,84,106,101,83
134,221,206,167,91,160,151,118
74,125,116,96,93,119,108,87
119,229,217,164,86,152,138,112
86,104,98,78,85,123,111,91
94,153,145,109,92,143,128,99
118,212,194,150,76,98,85,72
141,222,206,156,66,82,74,59
90,163,151,117,67,83,75,63
145,299,276,222,104,141,125,103
84,169,163,119,87,120,103,89
126,206,192,154,80,96,85,70
148,269,253,186,93,153,136,107
85,161,155,115,79,113,107,75
79,113,106,84,77,100,94,78
123,221,208,161,65,92,83,64
131,208,186,142,93,159,145,109
91,137,131,103,89,119,107,93
98,131,123,95,88,182,171,131
96,142,131,109,92,114,104,83
86,116,103,88,92,140,131,105
94,174,161,136,75,103,93,78
128,244,229,194,101,157,143,118
137,248,231,171,84,119,110,88
122,205,196,148,88,96,86,73
112,214,199,167,70,92,82,70
130,250,241,180,100,128,115,89
106,171,159,128,112,159,146,111
144,301,284,200,70,88,83,61
135,231,215,147,83,112,102,80
133,241,228,182,78,89,73,71
124,241,234,177,83,120,111,85
126,249,229,180,74,102,92,76
128,251,228,177,89,118,109,76
114,197,186,139,95,140,130,93
131,228,216,168,69,86,81,71
85,136,123,112,92,163,149,116
97,166,155,129,88,120,108,87
115,207,190,156,101,153,145,113
79,121,115,79,94,141,131,120
154,280,268,203,74,95,92,62
71,116,107,78,83,129,117,104
122,226,210,162,131,201,184,135
66,95,85,75,80,112,107,83
91,146,134,116,95,158,148,123
150,272,252,196,92,147,139,99
95,161,152,122,86,124,118,89
98,176,167,124,98,136,124,103
123,188,177,136,93,139,126,98
127,258,243,187,86,138,132,103
144,264,243,208,92,140,127,111
66,104,95,83,76,114,105,97
136,238,223,186,70,112,107,85
96,163,153,122,71,85,79,64
104,160,141,110,66,79,65,65
103,179,168,135,106,193,182,141
115,221,210,160,96,133,125,109
127,234,217,140,103,131,118,102
102,159,147,110,92,150,138,106
123,188,175,134,103,146,134,118
109,170,160,129,84,117,105,84
125,159,148,110,64,95,86,79
108,212,199,152,95,143,132,97
145,232,216,162,96,132,124,97
80,129,114,97,84,148,135,101
137,231,223,170,72,85,79,67
92,160,151,120,108,152,141,113
132,197,186,143,77,109,103,87
112,222,211,152,61,88,84,69
111,172,160,127,107,152,139,116
121,221,202,160,94,115,108,84
171,301,276,218,81,130,122,93
126,216,202,162,100,181,167,126
92,156,146,122,92,136,131,95
127,242,228,156,78,97,89,71
100,142,130,105,81,118,112,83
126,192,178,143,96,152,136,112
113,176,165,131,90,131,123,97
110,186,175,135,93,118,112,97
97,181,172,140,78,107,96,85
110,232,219,160,69,80,68,53
76,110,100,83,121,188,177,143
149,233,221,168,94,126,115,93
118,190,179,137,112,183,172,127
111,197,185,133,89,138,128,94
87,114,101,89,75,103,94,78
132,296,281,208,85,115,101,74
108,187,174,136,88,135,128,98
83,129,120,103,76,91,80,72
152,280,266,199,87,126,118,95
85,157,149,112,63,99,92,74
141,232,216,159,85,108,97,86
116,202,187,139,77,99,92,74
112,209,195,150,91,121,112,89
121,203,187,149,89,125,115,89
101,222,209,151,95,132,123,101
168,316,299,209,92,146,135,117
146,293,272,196,83,118,109,83
101,217,206,152,88,130,120,90
134,239,228,183,102,147,138,106
142,282,271,215,84,108,95,88
176,278,253,193,116,219,208,156
82,131,121,88,92,120,107,88
113,241,225,162,88,140,132,93
113,222,209,157,97,178,165,138
125,218,203,164,65,95,86,70
155,277,255,191,79,149,142,117
137,258,237,181,85,131,123,95
120,225,205,162,85,129,114,88
91,129,120,95,84,108,100,91
100,176,166,122,76,108,97,91
107,207,198,139,97,140,127,106
102,156,143,117,81,115,106,87
119,231,213,166,90,108,96,76
108,176,165,135,102,167,159,127
104,161,152,110,71,78,69,63
101,146,141,100,101,118,103,89
162,282,264,209,90,162,151,119
