93,187,177,114,92,159,144,113
107,189,181,124,105,172,161,125
141,240,224,183,118,185,176,128
133,268,248,183,85,123,114,89
94,125,116,93,78,107,100,89
100,179,165,126,103,166,153,116
99,142,130,104,104,149,136,107
105,193,179,143,101,175,165,127
138,281,266,197,79,123,109,94
75,115,102,84,110,216,205,155
120,202,190,150,124,188,177,139
123,193,180,131,87,139,128,100
116,159,147,114,103,188,176,133
76,109,103,84,92,172,164,123
156,254,228,174,95,135,122,103
133,272,253,192,100,174,170,128
91,167,161,115,72,122,114,80
104,167,157,130,121,179,170,125
124,202,186,139,87,120,109,91
148,288,270,203,104,155,143,110
139,234,224,177,99,175,166,140
92,122,116,88,88,129,117,91
121,199,186,144,106,157,144,112
104,187,175,140,81,112,99,81
110,202,189,124,102,170,160,126
161,298,278,226,100,144,125,110
102,160,149,112,96,133,112,87
114,189,182,141,137,222,209,154
141,238,224,174,104,188,178,128
121,213,197,163,106,203,193,154
111,171,157,128,95,181,174,124
170,331,311,228,77,139,127,100
146,260,249,187,110,167,161,123
75,92,76,72,114,238,227,178
98,143,132,102,130,210,195,134
122,234,218,155,98,166,156,125
93,175,161,139,98,162,147,102
132,227,213,160,99,172,160,111
118,202,190,143,117,183,165,138
88,140,127,102,115,182,162,136
128,286,263,220,98,134,119,107
125,200,184,150,89,129,117,104
125,178,167,119,109,190,171,128
106,247,236,191,116,171,159,121
119,194,186,149,113,159,144,113
121,205,194,140,106,138,126,99
126,206,188,141,120,190,180,139
108,198,184,139,108,174,163,133
87,151,141,117,93,159,147,126
150,267,244,184,110,135,121,102
100,178,171,134,97,143,136,106
100,215,204,166,115,179,164,140
107,185,175,136,93,137,127,96
106,204,193,142,78,140,133,112
93,154,142,114,74,108,100,80
136,238,226,165,89,144,130,101
105,157,148,113,112,193,177,132
116,181,170,123,105,152,142,94
99,169,156,131,122,195,185,147
119,152,143,119,127,237,220,166
80,119,112,87,98,174,162,141
108,176,164,134,108,188,176,137
83,140,131,107,141,251,235,189
100,202,188,150,98,164,156,135
136,256,240,207,117,181,168,121
168,335,318,249,115,182,167,146
89,147,134,106,84,124,111,91
124,203,192,145,103,188,177,141
125,222,214,161,109,165,158,124
85,128,124,99,96,126,114,88
141,206,191,143,110,174,160,141
133,222,209,162,104,145,136,100
141,213,196,158,102,150,143,111
136,246,230,181,121,188,170,131
94,143,125,104,139,193,183,136
131,263,246,203,88,113,102,90
139,256,240,187,101,225,213,163
103,189,177,134,120,220,207,156
147,275,262,214,103,163,151,115
117,184,171,132,79,124,115,88
160,240,219,170,111,215,202,153
117,210,201,168,133,216,201,154
99,164,145,122,139,285,273,214
82,135,126,99,86,129,114,103
146,239,224,183,97,141,131,99
130,235,216,171,100,136,126,102
128,226,212,166,85,136,127,110
113,206,193,140,88,135,124,107
105,157,149,116,84,141,134,102
136,286,269,208,93,138,129,94
120,227,210,172,93,133,123,94
116,216,207,161,94,155,143,121
92,151,141,109,88,143,136,104
108,163,148,122,118,191,175,139
128,250,233,175,71,107,103,79
89,126,114,86,113,177,166,128
121,180,173,136,122,196,184,151
139,300,275,205,104,135,122,111
105,153,146,113,125,236,223,163
126,249,238,170,99,187,181,139
134,238,226,159,162,331,315,233
149,210,190,144,126,208,197,148
144,242,224,162,78,125,119,76
133,257,243,173,126,206,194,149
107,192,176,140,120,245,232,172
113,193,179,152,87,156,145,105
127,251,237,181,140,247,230,170
123,200,191,141,131,225,211,167
117,224,212,144,100,157,141,121
107,174,167,120,112,187,177,141
113,189,179,138,105,147,140,117
94,118,109,96,113,199,187,149
109,203,189,141,98,157,152,114
113,176,167,129,110,224,214,150
91,143,131,104,89,188,173,125
123,155,145,117,71,104,99,82
120,173,159,113,106,182,164,130
137,307,294,232,81,112,102,88
102,174,163,119,104,156,144,110
91,179,166,135,91,104,91,82
109,215,206,150,141,258,238,183
110,184,171,121,84,114,106,76
124,290,274,197,119,199,182,146
146,295,275,235,124,215,206,161
132,222,214,164,91,137,122,103
108,170,162,136,91,146,138,100
87,159,147,108,104,172,154,119
141,271,252,169,131,232,212,166
79,137,123,105,132,234,220,164
109,197,186,142,88,141,131,99
101,206,189,142,117,204,196,155
134,243,232,173,94,128,118,89
104,219,207,147,98,120,109,86
87,144,135,104,112,177,159,132
90,143,132,93,95,153,144,110
128,230,211,162,101,172,164,122
93,163,147,111,95,134,124,100
91,140,133,104,118,201,185,144
79,140,129,108,121,211,203,159
98,134,124,92,118,199,180,142
140,296,284,209,122,227,212,174
142,229,216,158,117,174,164,141
119,174,165,117,123,234,221,158
95,180,163,115,121,199,180,138
120,154,146,102,86,123,112,99
108,180,168,139,90,150,141,115
140,248,229,179,97,165,155,136
111,180,169,134,102,148,136,113
105,184,171,137,101,175,164,118
107,228,207,158,93,152,142,111
141,250,233,169,71,111,102,82
120,251,235,182,84,129,122,99
127,264,253,208,90,116,109,87
148,240,226,168,97,147,128,102
107,187,180,137,79,92,87,76
101,150,141,115,122,210,198,159
140,288,273,186,108,154,146,115
81,115,105,93,105,145,130,105
114,216,205,141,100,153,140,115
94,120,109,85,99,172,166,143
124,228,216,159,95,191,181,143
91,174,166,138,115,193,184,143
113,193,177,138,100,137,118,99
115,210,198,149,101,168,153,124
111,174,155,116,69,101,96,66
159,285,260,201,95,145,134,102
174,378,355,279,90,126,115,94
81,155,146,98,123,202,187,148
105,215,203,159,93,170,157,121
91,154,147,114,70,113,107,88
134,205,191,147,93,127,115,82
136,203,198,150,117,195,183,138
122,240,228,186,89,124,117,91
109,177,164,134,84,124,112,93
122,199,187,144,72,99,88,78
111,160,145,115,72,110,101,84
88,151,141,110,118,197,179,145
122,226,207,144,85,144,134,107
128,248,231,164,134,244,228,183
98,152,139,101,100,176,166,132
126,230,222,175,88,137,131,98
122,206,189,142,96,134,126,102
101,159,150,115,72,84,80,66
88,126,116,91,110,138,129,103
109,194,185,138,94,168,159,121
123,200,190,148,73,135,129,112
124,229,212,172,109,176,159,138
140,215,190,151,116,199,188,155
147,279,262,185,114,159,143,119
141,259,245,188,98,134,124,108
126,245,224,180,127,268,255,191
106,213,198,153,92,124,118,100
82,106,99,82,91,126,120,97
88,162,154,110,121,207,184,154
109,190,183,136,98,130,121,97
154,323,309,246,114,168,160,122
84,162,155,110,95,179,171,126
135,262,244,200,150,264,241,188
139,251,236,188,123,172,159,121
99,142,133,105,89,138,131,108
86,185,179,123,120,195,182,144
116,209,194,150,114,190,175,145
99,158,147,115,99,193,184,162
141,279,261,209,98,152,144,103
105,190,178,132,119,176,165,132
109,177,164,120,91,144,135,107
108,165,148,130,78,102,94,79
112,188,173,127,85,141,128,106
90,117,100,84,98,132,125,91
99,162,154,115,106,173,164,136
101,171,159,122,75,86,79,55
109,173,154,109,99,203,186,138
118,197,189,127,89,123,112,83
101,162,147,107,93,151,143,104
120,165,155,128,102,138,130,108
110,172,157,126,96,191,179,139
147,304,292,212,103,150,142,107
146,252,237,180,83,143,125,106
111,178,167,122,123,230,217,176
89,115,110,94,90,132,118,86
125,203,187,137,119,190,170,132
118,188,181,131,101,168,155,131
115,224,210,150,111,198,177,159
104,207,195,132,130,249,230,187
131,207,191,164,96,123,108,88
97,172,161,103,110,179,166,131
89,137,122,97,123,251,236,189
99,163,153,126,74,130,117,100
161,302,283,220,124,200,184,142
91,125,117,97,93,150,143,116
122,186,178,143,98,156,145,122
107,232,224,167,97,173,163,118
117,168,156,119,107,160,148,115
95,172,164,127,143,253,235,191
151,310,290,239,82,133,121,96
124,269,257,203,101,163,147,120
115,201,184,153,87,171,162,127
107,193,179,134,105,149,131,109
111,172,155,131,110,189,181,138
90,148,141,118,96,136,127,94
153,279,260,206,131,223,206,159
75,125,114,86,110,207,190,157
120,225,210,148,82,127,118,95
99,162,151,123,107,187,168,128
95,136,123,111,104,166,149,117
121,198,180,136,118,204,189,159
114,203,197,147,101,133,125,99
114,199,185,138,125,218,196,154
116,179,169,122,120,204,193,149
128,215,201,171,91,129,117,93
94,161,152,120,111,159,143,119
126,222,211,158,76,103,96,81
119,171,164,130,81,148,135,111
83,111,104,79,93,164,152,126
125,259,239,178,65,77,66,59
99,161,152,106,143,193,178,137
120,218,208,166,85,137,127,117
76,116,112,73,102,180,168,139
99,169,158,125,98,177,164,116
126,233,217,165,85,117,104,86
77,146,138,115,133,243,228,186
91,130,123,102,124,189,172,136
125,218,202,158,111,219,204,151
113,230,214,168,101,160,143,111
92,155,143,119,88,122,115,91
128,198,184,143,93,137,129,90
118,221,207,157,78,93,83,69
106,153,144,114,101,151,143,102
98,131,119,102,97,167,154,125
137,249,235,156,105,155,146,122
135,307,294,233,109,166,152,123
110,171,160,122,107,208,198,157
128,237,223,166,117,204,191,149
125,215,202,151,114,183,165,124
113,194,187,131,93,155,142,109
124,212,201,152,117,222,212,168
120,210,198,153,125,201,181,158
120,207,199,141,117,187,172,138
126,219,208,152,94,143,134,108
156,272,253,184,108,171,164,128
125,177,165,129,113,172,156,122
121,199,183,139,99,176,167,136
111,207,197,145,115,196,180,145
111,227,211,176,86,128,116,95
113,167,155,115,117,172,154,120
138,280,265,192,112,198,178,148
107,169,157,140,87,148,138,108
104,167,154,125,102,205,198,144
136,283,265,195,134,261,252,193
115,247,223,176,132,190,180,148
113,199,189,140,118,195,186,148
104,164,153,122,84,147,141,101
117,180,170,136,81,145,137,90
127,190,178,134,101,148,139,101
89,130,124,101,119,218,205,160
100,166,155,126,93,160,151,122
107,152,136,117,121,201,188,150
113,194,187,137,111,186,177,139
134,291,277,218,91,129,122,96
80,121,113,92,114,178,162,117
88,164,149,114,101,143,128,109
76,98,90,74,111,155,144,92
86,138,125,98,114,170,152,123
124,231,216,172,83,112,101,82
113,167,148,119,108,151,143,111
127,220,208,152,96,141,135,109
149,287,270,215,92,143,136,108
122,207,195,148,120,183,173,132
114,194,177,131,108,172,159,119
137,242,225,192,121,144,130,101
108,139,127,101,99,164,152,119
129,244,233,179,87,109,94,81
77,112,101,82,90,157,146,121
123,228,218,173,121,216,204,155
117,231,216,155,86,152,141,106
123,219,211,149,93,131,119,94
101,164,153,125,116,214,201,163
117,249,233,173,72,117,102,93
104,159,151,115,80,98,90,79
93,163,150,128,97,170,159,129
92,154,147,106,97,143,133,97
112,193,177,134,83,125,113,101
135,284,266,207,69,118,109,85
126,207,193,145,82,97,92,73
134,226,213,145,104,175,163,125
125,239,228,171,85,123,116,79
83,170,155,111,107,185,164,125
93,152,133,96,82,141,133,97
123,216,202,159,97,162,153,116
105,189,178,135,131,235,216,161
125,210,189,156,77,121,109,89
87,146,140,108,76,125,116,89
145,256,234,174,102,152,139,103
94,160,152,109,108,152,143,123
94,146,134,103,97,171,158,118
115,217,203,149,67,118,110,93
132,214,201,161,96,126,118,94
99,163,152,111,86,145,138,94
153,274,257,189,135,255,240,178
101,174,165,116,97,156,146,105
98,165,154,122,88,130,120,92
104,163,149,114,92,178,170,121
136,239,224,176,120,237,224,174
147,310,298,228,116,205,195,136
130,270,253,202,103,169,159,116
100,171,158,128,101,143,129,107
117,236,225,172,122,211,202,156
135,209,196,144,94,124,110,96
135,272,252,192,84,130,119,103
158,314,297,214,87,140,126,105
101,169,155,118,86,115,108,85
117,193,179,144,89,139,130,85
163,331,314,241,95,136,122,106
128,186,162,131,90,135,117,100
122,196,189,148,107,166,157,115
109,180,170,129,77,102,93,81
127,215,200,154,92,152,146,111
113,182,172,124,87,119,105,101
161,321,310,218,84,122,107,94
139,291,280,212,75,104,98,82
87,208,198,150,94,129,113,86
97,152,139,110,103,153,137,106
113,161,148,123,103,188,177,138
107,199,189,140,116,199,184,150
97,159,149,116,115,160,147,134
144,244,231,192,96,181,171,119
122,197,185,143,73,97,88,73
88,132,120,100,89,127,115,96
67,100,94,82,117,177,162,139
114,190,181,144,82,102,91,84
102,157,144,124,84,157,142,108
115,206,195,133,95,152,145,109
116,187,174,114,106,164,148,118
122,206,193,148,126,208,201,158
109,189,184,130,100,163,151,121
114,198,186,149,88,169,160,129
135,238,224,164,100,189,178,140
130,196,180,143,106,154,143,112
150,306,283,221,85,128,115,102
95,160,154,115,75,123,112,100
115,218,209,174,112,197,185,141
92,148,137,107,88,162,148,109
84,117,109,78,102,166,150,104
126,230,213,158,107,163,151,121
136,253,233,166,96,129,120,81
134,253,239,187,86,136,122,104
119,169,152,119,99,181,173,131
117,195,182,142,115,197,184,144
139,270,256,178,76,131,122,83
132,200,183,140,108,179,164,124
141,305,288,221,136,227,216,169
91,99,89,67,117,214,203,154
152,283,266,174,71,128,120,94
117,163,146,113,113,170,164,131
94,152,144,113,104,147,133,102
105,177,166,132,98,149,134,115
88,128,120,99,88,151,141,113
117,221,207,153,126,200,183,135
113,152,140,112,109,177,166,137
125,200,183,152,138,250,241,167
171,349,333,243,91,137,124,99
139,263,251,202,97,157,144,116
141,269,247,187,108,182,169,136
89,154,144,88,102,160,147,109
169,345,328,266,101,167,152,127
91,140,130,91,96,141,120,108
115,182,169,121,117,192,175,140
127,212,199,152,73,90,81,65
77,107,99,75,100,136,126,98
85,139,131,101,111,207,196,158
105,179,166,144,110,175,162,135
134,266,253,188,97,129,120,95
126,197,187,154,144,264,248,195
105,192,183,142,119,216,211,155
155,264,253,189,86,147,139,108
147,269,255,203,114,184,169,144
137,289,271,199,112,150,143,116
106,210,196,138,110,192,176,155
104,206,194,138,118,204,192,155
98,136,132,103,111,177,163,127
96,172,164,113,88,143,135,111
125,234,216,174,126,210,195,147
86,146,138,113,116,205,193,151
92,144,132,102,94,152,144,118
113,187,179,136,111,207,190,139
128,233,210,171,108,155,140,112
123,178,161,128,129,190,172,140
107,205,195,152,96,146,133,96
95,138,125,92,119,220,212,145
93,206,202,144,83,125,115,93
122,188,172,133,82,135,130,110
94,172,160,106,103,172,160,117
106,163,154,118,111,176,163,138
88,153,142,122,107,217,211,146
117,190,181,144,111,171,153,121
142,278,261,193,98,153,143,119
118,188,178,138,92,124,113,82
125,259,244,174,92,152,143,117
136,305,282,209,89,134,122,101
130,245,232,186,91,152,139,117
134,176,160,123,99,136,124,101
129,246,232,178,106,180,168,124
111,186,171,135,92,156,149,117
110,150,140,111,107,163,157,126
90,139,128,107,89,148,138,88
119,151,138,108,114,223,211,167
86,135,126,94,100,155,148,105
155,279,265,211,116,200,187,148
133,202,183,130,94,154,143,115
91,163,150,123,84,112,105,89
87,150,134,99,95,132,126,97
130,225,209,166,104,178,161,120
102,172,162,131,109,173,162,128
126,210,199,153,112,184,170,135
84,145,135,101,87,164,152,116
156,305,290,232,101,175,162,122
127,246,228,174,71,104,96,83
180,348,337,248,127,183,175,139
144,216,190,147,106,171,160,129
149,239,218,153,96,136,128,103
138,276,265,207,104,184,176,131
153,292,279,213,101,202,187,141
96,139,129,95,72,105,96,79
88,151,139,116,119,219,207,153
96,182,166,132,100,136,127,105
139,238,224,168,83,119,109,83
116,191,168,135,109,182,165,137
129,233,216,167,77,108,103,84
74,104,99,75,109,222,209,156
141,293,287,223,73,109,99,78
79,132,122,92,113,183,168,145
128,172,153,125,94,115,101,87
106,198,187,155,87,124,113,94
82,120,112,89,71,111,104,90
134,216,204,171,114,146,130,104
140,254,246,175,88,142,131,100
98,168,160,118,109,171,163,124
66,76,66,59,99,152,142,96
106,181,173,129,90,128,121,97
89,131,121,95,119,179,163,136
108,172,159,115,103,131,116,96
84,128,117,94,93,138,125,106
123,188,178,130,109,149,137,108
108,170,153,131,98,167,155,111
103,199,185,138,127,207,193,158
91,119,111,89,83,111,101,80
123,231,219,161,93,204,195,163
101,174,162,131,99,189,177,136
149,249,226,187,83,149,137,106
101,157,142,114,94,132,123,110
111,200,182,147,121,174,164,120
92,128,118,90,127,198,182,137
118,217,206,151,63,84,76,68
137,264,250,196,116,180,169,135
146,230,220,151,95,134,124,107
101,205,197,151,83,116,106,87
101,151,143,109,90,140,128,103
94,160,149,126,109,170,153,123
100,182,171,120,88,118,110,94
77,106,101,83,76,95,88,76
115,194,183,142,85,126,117,102
145,247,227,174,118,166,151,128
134,278,261,190,98,146,130,112
117,206,189,139,97,194,187,139
105,158,141,103,79,159,154,120
136,245,226,154,152,258,249,182
143,240,224,154,100,162,155,127
134,221,212,148,122,174,161,129
84,138,125,88,87,142,129,99
182,399,378,286,97,149,134,111
109,212,204,148,85,156,147,110
116,231,215,156,85,115,104,90
102,168,156,120,89,114,102,80
129,236,219,164,84,100,85,73
120,196,185,143,117,157,150,117
115,193,181,145,144,236,223,169
107,174,165,122,106,147,135,105
111,198,176,136,128,194,179,133
126,228,214,175,83,118,108,94
131,215,207,155,141,215,205,153
129,237,224,182,94,130,114,103
98,137,130,104,94,137,134,104
117,222,212,140,99,162,157,114
132,266,249,189,83,128,119,98
123,230,216,178,97,136,130,94
163,276,260,198,126,248,238,187
104,220,203,158,75,110,102,89
95,159,148,113,109,194,186,152
112,193,178,145,127,228,217,176
104,208,197,162,128,222,205,159
115,190,171,126,64,94,87,73
137,277,268,190,100,173,159,117
88,145,132,107,136,230,216,155
99,162,156,120,109,146,133,104
122,220,207,153,87,133,125,96
133,256,238,184,110,168,160,129
72,91,80,65,107,182,172,127
90,153,148,112,89,160,144,112
161,305,275,212,101,153,142,116
65,99,91,76,80,150,137,106
82,97,87,75,80,98,87,74
105,201,194,139,92,146,137,111
109,189,178,149,96,150,138,120
107,171,160,126,99,168,157,143
118,212,194,147,109,183,169,132
178,330,309,243,135,211,196,163
128,228,217,162,134,227,214,159
110,177,168,134,107,193,181,139
130,262,247,177,121,196,177,141
93,193,184,135,57,82,75,60
106,190,184,133,84,157,144,112
85,129,119,94,101,194,183,136
100,164,152,121,69,106,98,76
119,174,165,129,129,260,239,186
105,165,158,122,113,187,173,137
105,249,237,189,101,152,141,109
90,146,138,107,81,107,100,83
135,258,232,187,80,105,97,76
106,192,182,137,58,80,75,66
98,171,163,121,89,161,154,122
139,244,233,161,107,209,190,146
105,171,160,124,110,173,154,128
126,238,223,172,85,119,108,86
84,117,109,88,115,214,204,159
135,269,248,199,97,127,114,90
122,249,241,178,89,177,166,142
123,171,158,121,103,214,202,148
127,235,218,172,125,204,191,145
128,216,204,163,86,125,118,103
107,203,194,139,106,180,169,136
134,222,208,156,96,170,160,125
98,159,148,112,69,134,123,107
137,289,275,187,112,152,140,120
132,281,267,203,111,161,149,109
114,235,216,147,87,137,130,85
94,135,126,98,73,84,79,58
161,307,293,229,71,135,127,98
115,240,228,179,78,92,85,62
126,169,149,129,110,166,155,126
122,245,231,181,97,138,125,96
115,211,194,150,102,181,170,146
135,264,249,190,119,187,181,130
98,171,160,126,91,128,124,89
105,194,184,120,103,140,126,93
126,217,209,153,85,114,108,97
118,226,215,156,109,182,171,137
127,192,183,137,60,96,90,79
86,123,114,97,96,166,150,120
91,130,124,97,85,140,135,102
111,196,186,138,85,148,143,106
89,146,138,106,148,230,216,168
123,210,196,146,102,175,166,131
91,126,118,92,66,117,107,82
145,211,198,141,100,207,193,145
107,138,131,92,94,126,117,95
117,223,202,153,91,144,140,108
108,182,169,147,113,156,145,103
91,138,128,108,125,200,193,148
130,218,207,156,119,199,183,131
100,179,171,127,101,175,162,114
132,290,278,242,83,101,91,75
122,220,204,168,118,199,183,145
112,216,201,168,112,178,170,127
104,157,144,111,61,100,93,71
135,180,173,113,96,162,152,115
84,162,156,113,110,177,159,132
95,173,162,124,102,167,158,123
104,162,151,117,93,175,168,122
108,165,154,125,91,133,129,105
138,264,242,185,84,127,121,89
95,186,174,140,68,100,90,80
130,281,263,214,96,190,179,131
108,190,177,123,109,176,160,124
144,241,231,164,99,144,129,110
166,272,257,184,88,141,129,88
117,202,191,137,110,179,168,119
108,144,132,116,103,204,196,136
135,245,228,174,128,239,231,174
131,253,232,187,108,229,213,166
94,137,128,114,108,178,167,122
97,161,148,112,124,174,161,138
86,142,135,109,99,133,120,100
99,223,209,160,83,134,125,103
94,173,168,125,115,251,238,188
110,165,154,105,104,227,212,161
109,223,212,167,121,207,200,154
98,153,142,113,125,224,209,160
103,165,149,129,99,151,142,111
119,217,203,152,112,159,147,112
125,299,281,194,105,187,174,141
120,165,149,123,102,174,163,136
149,279,261,182,84,120,113,93
137,234,217,164,99,157,145,99
143,286,276,207,112,167,152,124
128,225,211,159,99,148,137,98
99,164,150,129,130,247,236,193
88,154,142,111,95,146,131,110
58,79,72,64,127,215,198,157
88,125,114,94,127,205,191,145
114,181,165,123,126,209,191,151
131,225,209,176,113,159,144,113
76,107,98,89,99,158,145,110
133,234,222,173,125,175,163,126
143,246,229,157,143,225,212,168
140,302,291,240,77,138,129,96
120,190,180,143,120,200,194,146
165,328,311,222,122,189,180,144
115,219,199,158,106,171,161,125
140,233,219,152,91,142,128,108
110,177,165,133,59,80,75,65
126,231,217,170,98,127,116,102
116,229,213,179,90,158,142,109
100,198,187,146,98,194,186,136
80,111,104,91,119,237,222,181
139,248,236,170,93,206,197,156
115,174,163,133,68,91,80,72
160,308,286,225,145,236,222,167
131,244,227,185,92,143,132,96
118,241,227,170,105,133,118,93
129,213,193,149,112,141,129,105
83,97,85,80,76,105,99,82
85,125,107,90,94,174,167,124
96,126,105,96,100,157,139,123
133,302,287,209,90,132,124,91
124,285,267,184,76,86,81,63
150,275,253,187,90,115,106,84
164,308,295,207,112,199,182,140
97,162,147,119,124,231,221,162
114,194,182,134,124,200,186,143
134,255,236,196,113,160,148,114
134,256,244,172,87,117,103,84
110,217,202,149,86,152,140,123
133,210,201,148,98,165,156,125
111,161,146,120,79,120,109,83
115,204,190,146,99,124,112,85
120,242,227,173,109,168,156,117
105,194,173,140,122,198,185,141
79,113,106,75,74,121,109,83
131,241,228,173,103,136,127,96
77,134,123,110,101,138,126,106
113,188,174,122,119,207,193,147
83,151,140,117,130,244,229,170
165,305,287,219,97,164,154,109
110,201,191,142,77,124,115,90
122,203,185,141,116,202,181,146
140,293,274,223,94,139,132,106
76,116,104,82,95,124,114,91
116,201,183,153,66,76,73,62
97,128,116,91,86,112,103,79
134,228,209,151,77,131,118,90
105,219,208,151,85,103,93,78
136,248,235,178,109,172,158,134
128,257,244,194,85,137,123,96
126,174,163,125,86,177,165,127
126,292,279,198,91,173,161,136
110,179,171,130,91,151,136,111
97,155,144,109,111,176,161,134
97,166,161,125,87,134,126,101
106,192,184,148,64,86,77,72
115,163,151,115,105,157,145,123
102,143,131,102,101,175,169,132
83,144,133,105,112,189,176,138
127,186,173,132,110,181,166,133
110,190,178,130,86,124,109,105
106,171,163,135,98,149,136,111
88,139,135,106,114,221,207,159
111,210,205,145,98,147,132,119
105,150,138,108,97,125,115,94
84,115,101,92,112,205,195,148
98,157,144,107,120,225,213,151
111,150,137,108,112,188,174,130
100,164,155,125,102,149,138,113
101,164,156,130,82,148,133,105
106,170,160,114,88,139,131,94
127,257,241,203,78,144,135,93
93,119,109,82,98,159,151,118
98,164,151,118,114,184,174,138
119,206,187,142,100,164,154,118
127,183,173,125,91,130,118,104
104,161,145,108,102,174,164,124
89,111,97,82,117,167,153,133
118,255,236,171,114,187,178,130
108,184,173,145,108,178,164,132
116,218,204,153,96,166,156,120
157,262,246,185,92,133,119,100
129,177,169,124,77,106,99,77
94,110,104,86,99,159,150,121
92,146,131,115,115,145,133,111
149,266,247,181,66,102,93,68
103,164,152,110,87,134,127,97
141,321,303,216,86,129,117,97
160,317,301,237,91,151,137,116
107,145,139,101,124,216,200,140
87,126,116,82,98,136,124,103
110,208,199,152,123,160,145,116
71,113,103,86,93,142,135,103
127,227,209,159,102,161,149,115
125,200,182,140,72,118,112,94
95,180,171,132,83,109,102,87
100,138,121,91,89,155,143,109
117,177,160,119,102,156,142,116
138,241,227,168,101,196,188,143
117,166,157,128,118,199,191,129
89,139,127,104,87,109,97,82
142,202,189,151,69,110,99,77
85,133,122,104,88,166,157,122
96,144,136,100,133,226,214,177
84,143,135,113,99,168,154,130
102,146,135,105,87,121,115,99
98,194,190,144,128,253,232,197
81,150,143,109,93,181,170,140
79,123,110,100,75,102,98,76
124,251,243,180,103,158,149,125
83,107,98,71,108,178,164,133
92,157,147,103,114,181,168,128
83,130,122,97,106,151,138,115
113,207,195,148,96,148,134,119
139,217,205,165,115,191,179,144
84,150,136,104,118,150,136,117
112,180,162,129,116,191,181,153
111,159,143,108,129,224,208,167
143,291,275,213,87,135,124,101
107,160,150,109,99,153,139,109
100,152,141,122,109,214,199,156
118,191,180,123,86,155,149,111
91,228,218,140,114,194,181,145
127,181,170,126,136,250,233,187
99,169,156,120,119,245,231,175
106,152,130,113,70,96,89,65
103,209,193,154,84,146,134,111
100,146,133,103,104,167,153,110
108,194,180,143,96,169,161,118
110,157,144,120,114,202,188,139
127,207,189,148,127,179,169,133
131,269,254,192,94,188,177,139
101,193,183,136,98,157,141,96
70,122,105,79,103,160,152,118
124,210,198,147,105,125,115,86
108,150,134,110,83,144,137,104
154,295,284,208,108,179,168,127
114,198,181,148,91,158,148,120
141,217,197,151,104,145,132,110
143,235,215,174,131,209,192,155
131,227,218,165,96,146,131,106
112,201,186,156,116,177,169,136
102,169,160,128,67,79,73,60
117,220,212,152,98,147,137,103
126,199,188,145,128,226,211,162
107,187,175,133,80,108,101,80
138,242,228,176,119,202,186,145
151,269,248,203,89,151,138,128
116,193,182,142,79,108,95,75
114,213,196,145,90,146,133,109
119,154,146,106,107,200,189,157
126,237,227,175,107,133,123,96
112,177,165,130,132,189,171,137
169,308,280,223,93,144,131,110
105,159,143,115,79,90,79,66
118,201,188,147,82,108,97,90
93,161,157,127,117,228,213,168
140,271,259,191,104,180,172,141
148,304,288,216,118,230,216,161
117,221,204,166,96,133,127,98
105,136,122,104,76,135,125,95
143,254,234,184,93,140,130,111
108,195,182,137,114,199,185,140
107,194,180,140,95,167,162,129
110,177,164,124,103,141,131,102
88,151,141,120,96,154,141,106
106,175,161,135,117,193,180,141
117,214,202,141,91,143,132,116
110,234,220,175,99,180,171,124
122,249,237,188,107,200,182,160
115,193,184,159,90,126,114,89
127,255,239,181,114,196,184,134
136,235,221,171,118,187,171,127
139,272,254,188,111,178,171,132
106,166,159,130,94,138,127,104
91,160,151,115,120,197,184,146
97,178,168,113,81,131,122,90
125,209,189,157,107,151,141,121
99,159,148,122,101,151,141,117
177,336,324,241,105,165,156,114
119,231,219,154,72,122,114,92
136,224,216,168,121,208,192,147
65,109,102,80,114,235,225,162
96,177,167,124,121,189,174,134
126,242,229,187,82,162,156,113
77,103,96,72,67,96,87,72
135,250,235,181,129,231,215,179
59,94,85,63,108,197,185,136
108,165,151,124,96,157,147,112
125,237,221,168,84,122,117,94
95,173,160,125,70,84,73,64
78,152,139,109,104,136,119,103
97,167,159,114,112,183,173,129
90,143,134,100,142,217,202,147
135,295,278,201,80,129,123,97
84,147,136,116,81,110,102,89
77,146,135,114,112,160,150,115
131,262,243,180,79,135,122,98
140,255,240,179,81,109,99,89
116,212,202,160,105,160,152,121
114,176,162,128,80,131,122,108
118,220,210,155,93,128,120,106
102,183,174,117,73,92,86,70
129,220,209,161,98,159,147,108
109,148,142,103,97,147,138,107
107,203,189,130,100,141,128,99
132,180,167,125,91,136,124,99
106,206,188,148,101,187,176,148
89,135,131,93,78,117,106,87
113,192,179,125,104,184,168,128
68,88,81,69,107,138,126,107
101,187,174,135,106,157,142,108
101,158,152,118,72,121,117,94
90,160,147,110,84,107,98,80
139,173,163,118,85,109,100,86
109,238,226,178,114,185,178,142
93,158,145,122,66,100,90,80
92,154,149,117,141,280,265,199
120,221,212,169,96,147,137,103
100,169,156,130,109,182,166,138
106,168,152,117,101,170,162,116
98,178,164,124,100,156,140,115
93,146,134,97,131,209,189,145
112,164,148,121,124,218,202,152
122,221,208,165,81,108,98,84
122,205,190,146,95,163,147,121
114,169,156,119,152,285,271,202
107,200,189,154,115,205,196,158
127,236,220,157,112,182,171,141
94,148,141,113,101,172,159,132
111,156,135,96,85,153,146,117
135,244,234,161,73,134,128,101
100,173,160,132,117,204,194,145
73,142,131,107,105,167,145,128
166,284,272,196,80,135,121,93
126,225,206,173,125,231,219,148
102,183,175,140,101,162,148,126
126,200,178,136,103,167,155,125
109,192,181,140,95,164,155,105
133,232,216,151,107,162,151,111
97,154,149,116,111,175,161,127
84,126,116,93,117,185,171,122
94,173,160,126,92,152,142,104
129,186,170,126,126,228,216,151
136,252,239,179,77,116,114,97
106,193,181,141,118,202,186,147
118,169,155,118,74,85,72,62
140,226,206,174,100,138,128,106
103,174,163,135,107,167,161,127
78,123,113,89,106,154,138,112
107,179,171,118,106,161,147,115
104,164,152,127,90,97,91,76
126,234,221,166,100,162,151,129
111,216,202,153,110,163,149,126
147,283,263,203,106,179,169,130
92,170,152,126,76,120,113,101
106,178,165,131,81,122,110,92
85,136,127,97,103,201,192,128
140,236,222,157,98,147,140,105
96,162,151,107,125,209,194,162
125,238,223,168,91,149,139,113
109,205,192,148,91,141,133,106
112,222,208,157,121,239,226,185
106,202,190,133,81,110,100,81
114,238,221,170,92,198,183,133
146,260,241,188,96,164,157,128
104,172,160,127,127,226,213,165
89,137,122,92,118,176,168,135
107,176,163,123,107,161,154,122
127,254,236,160,121,186,178,140
110,172,155,134,150,254,239,198
122,206,194,138,78,120,112,76
125,205,188,133,93,160,146,123
109,177,164,126,90,154,147,107
131,213,190,140,118,190,180,150
90,150,140,115,114,255,244,192
98,187,173,133,110,190,176,126
103,150,137,99,95,126,115,94
94,161,152,110,116,211,193,153
139,248,232,188,98,178,168,134
106,207,196,150,118,188,179,147
94,177,163,126,94,168,160,111
87,154,137,113,132,238,226,155
111,179,164,121,103,173,165,122
126,226,213,151,91,149,130,112
152,317,304,230,113,163,149,124
99,177,170,124,71,102,90,79
117,200,185,142,87,123,118,93
82,155,146,112,91,154,145,101
104,157,147,105,75,100,86,69
122,233,214,167,108,155,140,114
110,211,190,133,94,167,159,117
81,127,121,98,113,196,177,134
102,167,158,116,104,184,173,129
99,154,141,108,109,197,188,134
113,175,168,138,90,130,123,92
101,179,170,123,123,186,173,136
116,207,195,143,98,149,134,119
96,142,131,102,91,152,141,117
110,215,201,167,74,99,88,70
133,246,228,201,97,162,148,129
127,255,239,174,102,187,177,133
76,107,105,79,99,149,136,107
135,270,250,182,109,206,201,157
143,288,278,192,100,144,133,110
113,207,198,143,127,254,235,195
91,129,112,98,111,171,158,122
115,186,178,138,106,192,179,125
99,157,144,115,129,238,225,163
132,245,227,175,87,137,125,109
123,222,207,154,104,186,174,140
95,141,131,104,125,208,190,143
128,241,228,169,98,104,98,74
113,231,217,152,84,182,169,125
120,201,187,151,121,198,181,144
95,175,167,120,94,132,114,95
105,195,180,147,96,154,144,117
146,269,252,191,78,105,95,80
113,186,171,131,79,113,102,83
133,215,204,145,111,199,187,137
77,111,104,88,88,146,141,106
107,173,165,117,89,135,126,99
106,205,199,158,83,129,115,89
109,135,124,100,76,119,115,96
152,261,243,181,131,248,235,178
117,198,187,150,88,140,129,107
84,137,123,103,101,155,144,111
119,225,210,163,68,113,106,96
143,236,218,161,106,194,182,150
124,248,236,185,91,177,167,139
103,189,176,134,113,158,145,119
128,247,233,174,101,152,138,114
158,307,291,215,72,122,109,91
98,170,155,114,96,148,138,118
95,148,137,108,107,212,201,141
108,154,140,117,111,154,141,121
94,165,152,113,85,127,118,100
96,201,190,140,92,139,129,98
96,160,145,104,86,141,129,98
107,169,155,118,120,192,174,125
87,181,169,129,95,132,120,92
119,195,182,141,118,170,162,126
125,174,160,126,92,144,131,103
103,149,134,108,101,156,145,97
84,169,157,107,92,146,130,108
138,270,253,206,113,257,246,187
116,177,160,136,110,137,129,92
98,157,149,121,106,154,144,111
147,292,273,209,126,221,206,167
104,202,192,156,107,186,172,128
140,255,233,161,112,203,188,140
115,187,172,136,109,197,185,153
173,362,342,252,67,102,89,71
92,168,156,117,74,88,79,67
99,154,147,107,132,223,210,154
88,186,179,134,102,181,164,128
125,274,260,198,94,137,128,103
103,163,152,114,108,147,135,108
95,220,203,164,88,113,107,92
107,191,180,127,115,211,194,154
106,156,147,116,106,190,178,137
104,195,183,158,86,145,136,115
106,172,157,125,108,165,151,124
142,273,258,183,140,261,244,192
99,180,174,132,110,178,164,131
100,179,161,146,99,149,133,108
119,201,188,148,115,193,180,146
173,376,350,270,87,114,106,83
101,181,166,138,76,131,126,104
129,255,238,169,85,152,142,103
124,262,253,190,95,139,125,99
127,265,254,189,84,112,102,84
133,271,251,198,80,150,143,120
153,297,280,203,84,136,126,103
90,129,114,88,114,175,163,121
119,232,223,157,105,124,114,93
124,204,188,135,64,103,97,90
118,269,254,201,115,179,161,122
98,178,168,120,86,158,150,127
133,214,200,141,107,158,148,108
111,249,236,187,95,142,136,101
142,295,282,234,87,116,108,84
98,188,181,137,71,101,94,76
115,187,174,137,147,229,219,161
93,182,168,124,87,105,98,74
95,162,146,110,75,117,107,92
123,217,201,159,105,160,143,119
105,159,145,116,98,177,169,126
86,142,127,108,93,144,136,105
93,166,153,128,147,285,266,209
95,154,143,124,109,164,149,118
79,97,90,77,91,151,140,107
143,240,227,184,79,128,119,87
107,170,159,111,115,199,184,147
105,187,174,141,99,139,131,93
112,169,161,131,92,142,133,107
87,143,131,94,120,186,176,143
93,136,128,106,95,148,138,104
137,232,219,174,62,77,70,55
94,166,156,108,99,183,172,138
93,134,122,103,76,104,93,81
131,218,201,163,88,149,133,116
125,198,183,141,128,210,196,154
85,131,123,100,124,193,181,141
114,192,187,134,78,90,84,65
113,220,207,157,101,149,136,122
108,191,175,135,98,175,162,125
115,222,207,171,105,158,146,119
107,158,141,109,96,148,135,104
114,198,183,141,103,146,136,109
98,138,123,97,89,178,171,131
160,307,283,218,100,151,141,98
147,218,201,151,88,154,142,110
124,229,222,171,108,165,150,126
93,168,156,120,89,124,111,81
102,168,158,125,94,150,143,118
94,130,122,105,92,161,152,121
104,142,129,105,72,104,95,70
118,208,195,161,108,184,174,137
129,221,207,167,92,186,177,127
126,271,262,191,80,98,88,70
97,168,160,128,107,163,150,117
157,265,249,188,117,185,171,133
97,147,138,101,91,136,117,100
107,173,156,125,127,234,223,156
137,261,240,183,113,187,175,126
110,187,170,116,100,164,153,109
125,263,242,186,128,238,219,143
88,131,124,101,109,199,189,147
125,213,196,157,88,153,145,123
128,226,213,152,110,167,159,115
104,183,172,132,107,165,153,120
134,249,237,187,110,203,194,145
82,103,97,82,97,142,135,109
104,167,155,131,107,164,155,128
120,203,193,154,123,199,189,137
111,162,149,129,117,205,196,149
94,167,154,111,98,149,140,106
127,256,238,183,140,268,250,198
84,142,130,107,106,162,150,130
113,219,209,172,119,205,184,139
107,168,150,121,100,155,145,119
114,180,164,138,94,151,140,115
127,281,258,200,83,156,144,124
101,172,160,129,113,207,193,158
103,160,152,108,85,126,116,87
103,163,155,111,95,127,114,83
114,177,159,141,92,168,156,121
128,217,201,150,75,91,84,73
101,197,182,133,114,223,213,167
85,122,117,94,118,206,188,162
127,216,206,155,106,193,182,138
112,213,203,145,105,175,162,134
111,240,223,166,86,137,127,100
131,271,254,199,120,186,179,137
116,200,186,146,85,122,109,91
113,230,213,175,116,166,155,124
128,231,215,164,106,158,140,113
157,314,300,209,107,168,153,125
149,255,239,180,84,121,109,87
121,202,194,141,97,161,149,119
97,197,186,151,85,136,122,95
113,180,166,121,101,140,133,99
126,221,196,142,82,162,155,109
120,213,201,149,116,192,180,132
104,154,142,121,136,210,194,151
92,150,136,101,91,164,157,119
89,147,140,110,86,112,104,91
143,238,222,184,93,162,155,107
92,130,119,99,71,120,112,92
124,234,220,177,104,148,135,102
107,155,149,117,118,176,158,125
106,176,165,127,104,177,166,132
105,195,180,154,80,106,95,87
139,210,196,157,84,145,138,93
128,279,271,198,116,199,187,153
124,224,211,161,110,165,153,119
142,248,226,173,87,178,166,123
120,235,222,180,117,230,213,157
91,134,122,95,96,158,145,101
90,163,153,115,113,137,126,106
151,302,279,196,81,126,115,95
147,257,245,204,90,157,148,124
131,236,222,177,122,210,195,157
119,171,160,117,79,115,110,93
103,176,166,118,84,131,116,96
95,144,136,100,132,210,191,145
122,225,208,167,79,107,95,74
108,241,228,184,107,181,165,133
116,166,159,118,83,155,144,107
118,233,225,158,121,194,178,134
91,162,148,118,110,182,162,130
161,263,246,184,88,141,130,104
78,128,120,99,74,99,91,79
115,164,148,123,97,139,127,95
100,191,174,133,95,165,152,121
144,244,220,156,115,209,196,143
94,187,177,143,105,173,163,126
122,205,198,149,96,157,148,117
114,191,176,141,96,168,156,116
108,201,192,152,105,181,170,127
106,168,152,124,82,109,102,81
116,218,204,156,70,124,122,90
125,204,192,146,115,183,168,147
130,215,203,161,127,214,200,162
123,195,180,135,90,118,114,87
129,241,221,176,87,166,157,113
127,229,209,166,154,282,267,204
88,126,112,89,94,158,145,126
129,235,222,176,149,249,228,181
162,337,320,229,96,139,129,98
110,244,226,150,132,216,197,167
112,177,165,128,104,180,172,130
133,224,215,146,91,117,107,90
117,225,212,150,88,114,102,84
112,214,199,143,98,197,192,134
140,285,276,194,102,156,138,122
143,245,219,154,94,181,172,137
146,247,235,186,74,99,90,74
113,197,181,143,89,149,139,112
154,326,311,209,107,178,169,125
93,154,144,106,85,146,134,100
107,211,200,151,67,109,103,85
95,122,115,97,99,126,113,97
106,149,138,116,101,151,138,96
156,325,313,220,122,212,197,151
102,142,128,93,112,177,165,127
126,199,187,144,116,183,171,135
131,228,212,168,109,159,148,105
110,221,201,155,109,159,145,114
90,149,138,105,117,164,156,106
136,182,163,132,100,144,132,105
110,166,149,112,109,191,179,124
114,196,182,140,113,196,184,144
147,247,228,178,102,155,149,111
119,208,201,155,86,197,182,132
107,174,159,121,69,103,94,76
108,208,190,143,94,161,143,108
88,166,159,117,106,172,161,130
135,232,216,177,86,139,126,99
97,149,136,102,103,164,154,120
93,150,142,119,78,123,114,103
122,240,229,170,92,178,170,131
135,218,198,152,110,184,170,118
135,210,195,152,102,149,143,101
165,269,251,191,104,215,201,169
116,209,200,148,87,131,116,96
104,180,165,119,68,111,98,87
122,237,224,172,91,149,143,108
104,147,139,112,107,170,154,114
130,243,225,172,94,138,131,108
97,182,174,133,95,135,120,99
93,145,128,111,95,125,119,97
110,188,177,146,110,159,146,115
99,162,148,112,105,161,149,122
143,276,264,206,112,171,162,118
142,252,237,175,123,205,197,150
98,162,151,119,107,161,153,126
128,193,176,140,115,184,172,130
116,194,178,142,86,149,133,99
108,209,198,139,132,227,209,156
104,222,212,167,80,107,101,78
121,230,217,183,91,153,148,121
99,143,130,102,129,210,201,143
148,300,283,207,77,128,119,97
107,190,181,157,86,159,154,127
93,139,123,96,86,147,132,113
137,279,263,204,95,154,139,120
130,220,203,150,109,169,160,120
126,222,202,161,119,168,155,123
123,238,224,166,141,215,204,140
135,239,224,170,76,109,100,74
104,202,188,151,93,146,136,113
105,174,163,129,96,125,119,97
86,129,120,94,101,156,139,115
89,120,106,92,84,123,111,90
134,224,211,164,79,105,96,85
124,185,179,119,93,157,145,121
105,194,185,135,101,145,130,93
113,215,205,153,97,123,108,90
111,176,166,127,105,170,153,135
124,176,166,125,90,140,134,99
149,259,236,189,96,137,124,99
99,172,163,122,89,127,114,102
142,292,276,227,109,177,160,134
139,251,235,174,98,127,116,92
99,145,130,99,103,195,186,132
84,102,95,74,81,151,147,113
130,216,203,157,111,189,178,133
137,233,215,157,107,214,197,155
116,261,246,185,77,121,114,83
144,307,288,228,102,172,160,124
124,255,242,185,108,200,185,120
100,164,155,115,123,231,220,182
129,234,216,180,115,194,181,136
144,269,259,210,83,122,113,76
123,243,229,186,82,134,119,102
105,193,182,147,112,179,161,135
148,331,310,247,84,121,112,97
123,214,202,158,102,177,162,123
132,230,214,165,101,160,151,124
90,138,121,95,77,121,110,88
111,208,194,157,113,154,140,121
100,183,170,142,106,157,143,121
110,158,141,119,80,109,99,85
98,157,148,113,120,244,231,187
137,249,229,182,101,139,127,111
119,212,195,166,89,116,106,89
121,213,196,146,109,181,171,121
126,187,168,130,84,135,123,99
104,192,181,131,102,163,155,121
123,203,187,157,80,125,118,92
108,223,211,149,72,92,80,65
108,168,150,118,111,224,206,159
92,171,159,104,104,153,142,106
105,182,171,137,80,120,112,92
100,181,167,134,72,110,98,81
92,141,129,102,102,164,147,126
127,258,241,184,109,162,149,125
90,141,130,104,123,209,190,162
117,226,215,166,108,185,172,131
93,141,134,101,136,223,216,165
88,159,149,98,130,204,192,134
140,179,164,133,114,170,162,123
119,263,250,213,82,156,150,111
138,256,241,192,70,105,100,81
122,209,201,152,81,106,95,79
116,199,191,144,87,106,96,82
95,164,152,130,99,162,150,112
144,274,258,186,90,137,126,105
116,200,186,128,100,146,133,95
67,104,95,86,78,100,93,76
91,171,160,134,103,181,170,140
136,264,256,194,109,214,204,155
80,120,115,84,88,134,123,104
107,190,174,134,118,170,156,113
101,168,155,116,96,166,147,126
125,229,217,174,83,123,118,88
118,232,220,159,97,161,150,126
98,157,148,114,127,242,229,181
161,317,302,240,66,94,90,72
107,182,172,140,83,141,135,100
106,165,157,122,70,106,99,71
133,234,222,166,50,82,76,55
112,153,140,115,78,135,129,94
89,166,155,132,95,145,125,99
115,169,155,124,110,177,168,136
132,268,260,193,110,157,147,120
118,175,164,119,106,172,157,127
125,205,190,153,122,223,210,153
94,153,138,108,92,140,131,100
100,165,153,116,85,115,102,92
123,256,249,193,114,190,180,141
99,136,129,99,86,134,120,94
144,310,297,229,138,227,211,171
110,183,170,135,97,176,165,133
158,325,313,240,98,165,155,137
126,228,214,150,115,175,161,119
109,172,162,117,74,108,99,74
125,202,183,137,85,118,109,84
97,182,172,135,87,125,114,93
129,220,202,147,117,170,154,132
127,236,223,167,86,136,125,106
113,192,181,137,65,104,91,80
94,159,149,123,96,178,159,132
82,129,121,91,81,116,97,84
111,182,176,131,76,105,93,79
150,262,246,184,117,191,172,137
152,258,249,185,108,184,179,139
107,174,158,119,74,111,104,82
116,178,163,125,96,164,154,112
117,160,141,113,121,216,202,169
130,236,223,172,126,190,176,146
73,97,82,77,96,159,147,125
95,136,124,103,82,128,113,88
108,193,180,150,104,155,145,115
132,202,192,137,122,177,160,118
124,223,212,131,74,93,83,71
116,171,156,122,125,164,153,124
122,259,251,181,82,139,127,106
138,234,221,173,118,201,186,136
124,233,215,173,96,177,163,123
113,168,162,117,106,162,156,128
96,178,163,133,124,225,212,168
113,192,176,146,93,155,149,120
129,263,244,185,126,240,229,180
100,221,213,166,134,236,226,175
95,165,156,129,89,117,110,81
119,190,175,139,107,170,159,121
122,201,190,152,96,138,132,110
184,365,345,262,99,139,126,89
102,175,167,136,123,226,217,170
103,222,211,150,108,174,158,112
132,257,243,165,95,133,124,105
120,188,176,142,69,80,73,58
96,191,178,128,110,182,164,137
120,222,205,169,124,225,217,179
123,177,159,131,135,184,165,128
125,230,216,158,90,147,133,112
126,244,230,188,88,165,153,130
138,261,247,186,103,222,204,160
101,140,129,110,70,105,96,85
133,240,227,175,82,140,129,103
92,167,157,125,94,131,119,107
161,288,275,213,95,173,161,127
144,237,223,168,99,148,136,113
130,264,256,206,102,146,131,111
123,215,201,150,93,126,114,100
133,225,211,151,127,227,208,167
142,281,261,198,93,146,132,107
94,130,114,102,108,215,205,167
108,186,175,134,116,192,173,135
87,164,153,117,101,158,145,122
127,246,235,177,85,138,131,97
104,183,172,136,91,150,144,100
79,113,106,83,89,136,122,99
110,159,143,99,84,120,114,78
132,222,206,161,95,170,156,108
97,143,124,100,81,107,97,84
156,313,294,210,117,240,229,177
131,189,172,138,97,155,142,117
113,177,161,132,111,173,158,126
105,180,170,133,113,207,195,142
172,386,365,299,84,96,87,73
80,136,125,98,80,126,119,95
130,256,241,191,84,129,121,102
141,240,219,172,96,181,170,142
118,178,162,127,106,151,142,105
108,165,147,112,115,187,172,143
128,207,191,154,96,131,118,97
115,171,154,120,97,172,165,127
121,258,250,197,123,207,191,145
167,348,331,262,83,129,119,101
99,221,211,148,97,145,136,108
103,141,130,96,78,108,98,81
116,191,179,136,98,155,141,103
112,205,193,155,53,71,63,52
110,168,149,108,80,136,130,100
129,253,239,171,79,137,125,98
115,193,182,124,115,181,171,134
72,125,119,101,99,151,143,120
121,201,189,143,85,114,104,78
131,277,260,198,88,150,139,98
143,223,203,161,105,200,184,133
132,179,161,110,100,150,140,112
126,208,204,140,94,177,165,133
111,203,185,161,115,224,207,163
117,209,204,154,100,135,119,102
105,164,152,138,88,121,113,97
124,213,199,156,89,166,152,114
123,215,202,149,94,164,157,125
103,200,181,127,121,170,151,134
142,293,273,191,106,160,150,120
153,258,243,177,101,144,131,102
122,185,165,134,79,114,104,82
121,215,200,151,145,263,251,204
107,157,146,111,107,149,139,106
112,176,165,131,86,151,143,110
127,185,171,130,76,102,95,82
153,247,238,167,97,184,171,125
96,169,157,130,96,178,163,131
113,211,194,143,97,153,146,127
121,215,204,149,91,139,127,104
126,231,218,151,79,122,115,94
121,190,184,131,98,161,146,119
120,218,210,165,91,126,115,92
126,240,224,176,105,184,172,125
113,166,156,118,108,192,183,143
98,167,153,128,103,125,119,93
135,230,222,152,81,128,114,84
136,231,217,174,113,191,177,137
109,203,190,149,95,120,107,87
93,185,172,131,77,116,108,87
120,195,184,139,91,134,126,95
108,175,163,121,109,199,187,153
116,169,159,125,102,176,161,115
85,127,121,92,88,121,112,93
112,229,214,164,105,165,150,132
106,197,185,144,100,136,124,110
62,106,98,75,51,91,85,70
137,255,240,182,82,158,153,126
144,290,274,208,117,207,193,158
115,218,204,147,118,190,175,144
131,225,213,163,117,183,167,145
137,234,224,156,92,181,169,148
93,134,126,97,70,76,68,58
97,188,178,140,93,144,134,96
90,143,134,96,84,113,100,76
125,241,226,166,105,171,161,127
124,214,199,164,118,213,202,159
116,219,206,166,70,93,86,62
131,242,219,163,81,113,105,85
152,264,252,209,110,160,148,120
104,167,158,107,105,164,157,111
99,146,133,105,114,190,181,146
156,286,264,208,92,122,111,84
111,176,164,128,75,117,101,81
170,371,355,277,107,154,139,116
107,196,179,151,96,118,109,86
101,192,179,138,79,128,118,102
97,195,185,140,107,134,123,92
120,225,203,155,128,204,190,134
78,99,91,75,74,115,105,83
130,211,202,154,123,195,182,139
131,211,200,148,79,113,101,77
83,140,129,112,115,219,207,153
74,110,98,84,96,200,186,139
100,135,118,109,96,136,122,105
110,213,208,139,111,171,161,120
114,176,167,129,93,170,158,123
109,216,207,161,84,157,147,117
125,207,196,148,110,158,148,116
115,204,187,159,86,123,114,80
146,247,232,181,108,207,193,157
105,188,174,133,78,101,88,75
101,175,162,132,106,172,158,115
116,164,149,116,108,144,131,110
84,147,138,112,83,95,85,67
118,196,179,127,71,114,107,80
143,267,248,188,139,256,243,198
83,132,126,94,108,214,200,145
108,159,148,114,124,172,158,117
135,265,246,202,63,77,69,65
166,298,278,209,116,189,181,143
124,221,200,165,95,151,132,106
126,208,190,147,101,146,129,112
117,246,233,164,85,125,117,90
106,175,154,136,106,159,146,117
130,171,159,132,108,157,143,111
118,208,196,151,95,141,129,99
119,222,208,157,93,154,144,127
126,199,189,142,103,147,127,103
122,218,205,153,80,137,127,106
113,193,179,128,100,149,136,115
127,229,213,146,81,108,93,83
82,124,116,98,82,140,130,100
93,121,111,97,84,129,123,98
114,168,157,123,103,154,144,109
103,137,126,105,82,128,115,94
90,148,138,91,126,202,195,133
97,196,179,156,109,167,162,135
88,142,127,101,98,155,143,117
129,235,224,186,93,164,153,125
123,182,170,124,90,144,132,117
126,250,225,182,93,140,132,105
103,191,181,142,92,125,115,101
115,180,165,137,99,160,150,121
100,160,146,108,82,109,101,86
106,194,172,133,114,166,157,121
88,148,133,109,108,186,175,137
120,223,210,168,110,200,187,152
106,142,124,113,85,157,148,117
122,218,206,164,99,174,161,135
77,122,108,83,86,130,114,89
96,144,135,96,101,173,161,135
142,277,261,182,117,221,203,162
140,240,218,174,90,160,150,128
133,218,206,149,76,142,136,113
88,139,128,105,96,155,148,103
96,136,128,105,97,131,116,104
137,269,254,204,136,259,250,177
116,169,155,127,85,128,120,97
116,241,230,190,79,117,101,87
113,165,152,119,88,136,127,102
83,112,103,82,117,168,155,112
112,204,195,150,52,87,80,71
134,247,228,182,90,105,95,87
163,311,295,194,102,168,151,119
103,153,143,111,101,157,146,124
153,304,291,214,81,104,97,75
133,260,244,182,76,130,123,92
92,127,119,92,71,88,80,60
98,163,154,120,107,180,165,131
138,234,217,177,107,175,162,130
119,178,163,125,106,166,158,124
95,128,117,99,79,102,92,83
107,176,163,114,81,96,85,73
91,159,148,122,86,132,122,101
131,238,225,154,84,156,148,115
102,135,124,89,96,169,156,125
119,221,205,158,104,182,167,134
112,204,192,147,114,176,164,122
122,259,246,185,89,129,117,103
112,231,208,165,73,70,65,53
141,257,240,175,86,130,123,90
102,164,151,113,81,122,102,83
155,285,266,212,84,120,108,89
100,161,151,113,84,124,114,102
113,254,242,185,53,81,76,64
135,204,187,142,115,190,171,143
119,227,215,158,114,185,176,128
126,246,240,165,127,226,216,161
143,252,236,172,127,245,227,179
76,125,117,95,110,162,147,114
141,261,246,166,88,116,106,91
127,238,232,173,130,233,221,169
102,188,177,137,105,152,140,119
100,175,165,134,116,198,185,139
106,169,157,122,115,207,193,166
136,284,270,194,106,152,136,113
92,174,163,118,135,205,182,155
124,222,209,165,58,95,88,75
102,185,176,127,97,164,154,125
135,257,240,188,118,200,187,146
101,173,163,126,78,130,123,108
117,178,160,118,84,109,101,87
130,182,168,125,92,138,127,98
142,255,244,178,100,126,114,96
106,161,148,113,113,194,180,130
110,235,221,166,64,94,88,67
113,173,161,112,56,68,62,51
122,247,232,190,73,102,97,79
114,156,141,109,118,164,146,123
126,260,254,161,108,179,170,129
101,147,130,105,85,133,120,90
132,228,210,158,104,164,154,115
75,162,148,100,110,148,136,111
91,186,180,136,95,135,125,103
100,186,177,122,148,245,225,150
100,157,146,103,102,170,156,126
120,195,184,146,84,126,112,97
88,146,135,121,109,205,191,145
119,216,198,153,94,166,156,110
105,162,153,130,104,158,143,114
124,190,176,129,122,180,169,119
97,168,152,141,122,187,171,131
129,231,216,154,119,167,145,115
132,330,315,217,129,253,240,188
130,246,235,188,95,145,137,110
143,249,229,172,103,153,145,121
111,201,185,145,98,158,150,119
123,182,166,121,71,110,106,90
106,148,134,93,78,109,101,68
127,212,198,148,103,161,148,121
106,186,177,130,114,190,173,128
139,257,241,168,69,98,89,76
100,156,140,116,122,209,193,152
157,265,251,179,89,126,118,97
116,189,173,131,107,185,171,134
95,150,140,103,100,154,139,120
125,182,172,129,77,116,103,72
98,184,170,138,131,208,196,147
124,192,175,145,108,134,119,96
101,191,177,142,81,156,145,111
125,212,199,154,93,148,135,100
82,131,117,99,85,142,135,107
60,82,74,58,70,111,101,80
118,194,182,130,81,105,97,80
98,162,153,117,108,211,194,151
94,206,198,141,106,180,161,145
152,295,279,195,84,100,93,74
139,234,221,170,99,181,171,145
122,226,214,174,103,139,127,103
95,197,189,162,128,200,183,152
88,144,135,110,102,157,148,108
118,186,172,140,86,124,112,90
91,133,125,106,89,120,112,95
157,264,251,185,84,158,155,120
131,211,198,171,96,171,163,132
114,202,186,162,121,206,192,161
141,275,264,198,132,247,236,187
100,185,172,138,86,136,123,96
125,223,212,155,87,130,119,84
119,221,208,155,95,182,174,140
114,176,165,118,111,159,143,123
92,193,177,123,115,166,153,122
108,160,147,116,73,116,110,96
126,211,201,158,94,157,140,110
124,199,176,138,109,161,148,114
83,146,138,119,108,189,178,121
167,333,320,250,124,196,183,127
113,202,183,127,115,177,168,137
135,249,234,188,114,225,216,158
71,148,135,106,112,156,143,130
132,212,200,153,85,112,104,88
94,148,143,112,79,112,108,88
117,204,189,140,105,189,180,143
97,191,176,131,115,195,185,144
112,191,177,135,81,134,121,93
119,171,156,123,81,107,98,90
99,195,184,141,109,148,135,102
143,253,238,166,84,119,107,93
89,147,137,109,120,196,184,139
124,186,178,127,105,167,152,131
140,238,222,178,91,162,153,131
125,231,217,155,84,105,94,78
88,132,119,95,106,154,147,121
133,241,223,177,98,191,178,137
111,182,164,117,105,202,190,164
94,160,150,110,82,102,98,74
125,183,164,140,84,127,118,92
141,310,300,221,123,209,195,153
122,171,153,121,147,267,254,181
89,156,144,100,88,139,129,96
123,184,166,129,99,147,138,112
103,148,135,115,91,166,155,121
106,177,165,145,71,79,73,56
117,222,213,174,105,167,149,114
109,249,234,185,82,110,102,80
137,267,257,189,97,161,151,125
68,113,106,91,110,182,168,119
84,121,108,88,82,128,117,95
128,211,195,153,98,159,154,113
139,265,254,203,96,145,136,119
88,144,130,94,88,115,108,91
111,163,151,117,111,187,179,135
103,186,174,143,111,182,171,142
104,163,152,115,107,200,189,156
148,296,277,202,86,140,131,101
129,264,243,170,115,192,178,143
83,156,150,115,109,227,212,165
110,213,202,168,105,187,176,145
97,178,166,119,82,160,151,122
122,229,215,166,85,144,136,100
132,238,221,168,111,170,160,127
103,164,159,132,79,101,94,82
101,130,116,98,106,213,203,141
121,191,179,150,101,153,143,122
99,148,137,99,126,202,189,150
138,269,254,206,106,216,203,143
75,152,139,110,90,143,134,94
83,144,132,101,119,207,195,150
121,206,193,146,131,223,215,170
146,237,223,173,119,221,207,155
126,241,229,173,95,155,143,110
140,239,232,155,83,124,118,89
106,181,167,133,79,113,104,89
120,229,212,155,115,192,180,140
112,254,242,188,84,147,137,109
111,177,164,125,112,172,149,126
94,172,157,116,77,95,79,73
110,167,163,129,102,179,168,146
119,197,181,134,87,151,144,108
82,109,97,78,138,220,204,152
111,188,176,135,75,98,88,75
104,186,170,131,113,194,179,139
91,145,126,115,100,207,191,148
104,189,173,134,121,166,158,117
102,201,189,156,113,177,168,115
130,270,254,185,95,177,163,126
130,264,253,182,101,165,151,107
127,249,234,159,111,206,189,155
140,244,228,160,119,198,184,140
113,190,170,149,90,140,123,98
80,111,97,81,121,183,165,140
105,215,201,132,116,194,183,144
105,165,150,130,86,125,119,99
119,234,222,159,98,133,127,105
118,169,162,124,118,179,167,121
90,158,151,107,81,137,121,115
92,162,152,109,101,166,158,116
110,209,199,144,78,135,125,105
120,196,182,145,95,178,163,129
114,220,208,150,123,207,193,152
102,156,148,115,77,97,91,67
110,175,161,133,60,116,114,95
142,316,293,232,88,123,117,93
148,314,299,228,95,134,123,107
131,218,209,143,121,166,154,126
78,118,111,87,103,162,150,110
107,203,193,147,91,114,102,88
98,165,147,112,123,206,193,145
107,168,159,123,78,96,88,69
111,202,184,139,99,181,168,132
122,226,211,167,105,174,165,117
103,170,162,132,82,152,143,122
116,133,121,108,94,158,150,112
101,187,171,146,69,106,100,77
133,239,223,168,121,176,167,123
89,172,164,120,112,176,160,124
112,176,162,121,129,229,217,163
82,173,159,116,82,118,112,83
142,228,213,163,112,203,192,149
122,231,211,157,100,135,126,104
131,241,225,168,140,244,229,188
160,310,292,231,85,126,120,81
140,269,257,194,95,170,160,120
130,197,178,138,102,147,141,111
129,189,175,129,114,200,188,138
140,237,224,192,121,245,231,201
76,128,120,95,95,145,136,102
148,317,300,231,89,153,142,107
125,254,245,197,124,204,189,148
135,241,219,173,81,101,94,76
146,254,245,159,86,112,100,88
120,246,228,159,74,115,105,89
99,189,178,138,99,134,123,97
128,259,242,192,122,194,185,146
134,222,205,160,95,167,161,118
119,230,214,165,96,137,127,107
116,219,210,149,97,150,137,117
94,161,151,116,138,248,229,188
115,156,149,121,109,180,166,118
110,202,194,137,108,169,150,122
134,271,258,191,93,172,159,119
108,167,150,126,92,162,154,109
141,279,266,197,92,116,108,86
113,195,180,144,77,150,143,113
118,190,178,143,113,228,216,159
101,165,153,115,96,134,127,98
91,162,156,141,121,209,190,159
83,120,110,86,120,176,162,130
175,396,379,293,101,140,132,111
146,263,244,178,165,251,227,169
101,184,174,141,86,148,138,107
97,184,175,137,113,192,181,153
131,238,222,150,134,222,215,169
76,108,103,78,99,155,147,125
115,243,230,176,81,128,118,90
112,201,190,136,83,134,123,105
132,238,215,164,104,203,195,140
121,204,190,146,99,137,126,107
156,330,312,254,111,203,189,154
128,201,189,138,81,129,123,93
136,296,276,201,99,163,146,113
101,192,180,136,98,140,124,100
131,307,283,219,81,131,116,96
131,203,188,148,89,148,141,110
72,106,101,82,128,211,197,155
111,189,174,128,128,258,243,198
110,200,191,147,121,212,201,159
104,155,147,110,95,133,125,92
104,167,149,111,93,141,132,103
119,222,211,150,95,189,171,137
193,348,329,249,128,248,237,194
98,181,172,135,88,119,105,86
108,233,223,164,117,229,216,159
104,165,153,121,103,171,160,124
110,157,153,117,104,192,181,142
103,166,152,120,128,218,208,162
73,120,111,89,88,124,113,99
81,150,136,89,101,159,150,132
97,192,183,141,91,157,146,108
149,285,268,190,100,165,155,113
164,322,298,225,81,120,111,86
96,165,149,107,105,162,150,127
141,242,222,162,102,163,152,121
119,205,187,135,115,227,216,156
98,150,137,120,78,135,128,109
111,169,160,125,123,181,172,136
147,279,264,218,104,199,183,157
115,176,167,109,86,135,125,102
100,178,166,117,126,220,211,155
121,179,167,139,99,156,150,100
115,231,223,153,84,120,111,89
140,263,246,180,99,135,126,110
129,274,259,194,109,157,147,124
127,240,228,168,115,181,167,138
140,219,207,153,115,242,227,152
148,285,265,186,97,145,135,106
108,149,136,99,105,173,164,128
133,194,181,145,116,176,159,135
107,152,137,105,93,111,96,81
135,210,194,142,102,162,144,124
100,172,164,130,112,192,177,134
136,231,221,154,119,200,187,131
95,168,160,125,105,173,159,122
146,260,236,169,79,110,101,87
112,177,162,127,102,154,151,122
118,209,196,148,96,113,102,86
114,182,172,141,92,143,133,104
120,259,244,204,121,200,183,149
117,209,190,142,90,146,136,111
98,182,166,120,83,143,137,107
111,191,176,133,83,128,120,100
112,172,163,133,123,228,215,153
107,163,153,121,78,103,98,77
97,207,201,155,105,156,142,118
117,183,164,134,87,119,106,92
119,179,165,138,109,169,161,120
116,208,195,141,100,171,165,140
84,118,109,88,99,149,142,118
102,153,146,103,85,169,154,126
119,170,150,133,90,117,110,88
81,146,138,113,97,158,149,117
137,227,206,157,78,121,108,85
94,146,137,106,62,110,104,91
149,298,284,203,122,196,182,145
118,229,217,165,93,149,143,118
109,197,174,137,106,182,171,135
103,171,164,130,117,216,207,148
95,168,158,126,101,164,153,127
94,128,122,103,97,165,150,121
106,161,145,116,64,102,90,87
99,152,147,101,102,147,138,110
146,277,252,192,116,201,188,152
114,177,163,129,122,212,200,155
134,252,237,183,94,162,153,123
165,368,354,287,86,118,109,92
113,192,173,145,89,120,112,97
160,302,278,205,75,121,112,84
120,251,230,163,103,192,176,156
109,179,168,134,83,140,135,100
102,217,203,166,82,126,119,91
119,181,170,123,134,238,220,177
124,233,216,169,86,161,154,132
97,172,156,126,98,172,166,120
132,326,308,232,120,199,178,141
88,143,131,105,87,144,135,106
83,146,138,111,98,177,165,124
135,303,285,215,84,118,106,73
119,220,208,163,84,143,130,94
136,236,222,164,87,129,120,98
99,159,152,127,95,130,118,98
89,151,143,114,102,160,149,118
114,187,164,127,94,132,121,96
141,255,237,184,95,170,152,115
111,176,160,114,97,147,132,107
157,270,258,207,133,228,218,182
123,245,232,179,86,136,129,93
114,199,190,143,121,192,182,135
111,165,154,113,93,125,113,94
123,226,210,152,88,175,164,133
128,208,190,156,84,146,136,109
124,189,176,145,92,158,150,125
98,160,147,123,76,121,114,77
90,141,131,115,102,143,132,92
100,160,143,115,90,136,126,92
116,175,163,129,101,182,168,123
141,251,238,168,112,200,191,150
89,135,124,97,106,182,175,129
121,214,198,157,100,168,155,107
99,162,149,109,104,156,136,121
137,236,218,162,101,136,126,103
90,147,138,103,128,266,257,212
135,251,242,205,62,113,104,82
113,209,197,146,88,136,126,106
141,287,266,186,119,228,212,174
118,217,205,165,118,167,152,120
106,178,165,133,111,145,134,107
122,211,198,145,128,194,180,135
105,178,159,121,127,212,196,167
110,175,168,135,100,159,146,119
133,233,214,156,96,149,141,114
93,137,128,98,92,148,138,93
122,207,196,149,101,142,127,105
114,227,218,164,101,175,169,134
175,338,324,246,87,128,121,94
101,139,131,104,70,92,76,66
105,170,161,128,123,206,199,153
143,251,237,196,98,157,141,111
112,227,218,152,125,203,188,146
111,164,154,125,111,161,150,127
99,149,143,118,90,139,126,106
90,155,142,113,143,244,225,169
119,232,206,154,87,117,106,81
52,68,62,56,83,141,131,99
153,266,252,184,85,118,109,92
94,126,120,83,95,180,168,139
114,200,188,152,106,171,167,128
117,174,163,113,113,177,168,123
84,160,148,108,59,75,65,63
114,160,148,111,88,164,154,113
105,193,180,152,116,188,178,143
128,193,181,140,92,148,138,109
147,266,251,184,88,116,106,96
124,225,204,162,90,126,116,106
104,202,194,140,95,131,115,93
133,279,266,192,101,150,136,117
141,272,256,195,107,153,140,111
94,138,131,103,135,232,219,171
105,189,177,128,86,133,126,96
95,149,143,100,60,84,81,66
120,235,223,176,104,194,182,140
103,203,188,150,118,204,181,143
105,166,156,123,77,108,93,83
106,156,144,113,90,160,145,120
149,305,285,228,91,162,154,128
121,207,199,143,130,225,218,160
121,211,205,148,66,113,105,87
121,276,261,192,104,197,184,140
142,223,210,164,100,146,136,99
107,193,183,143,133,244,229,176
101,190,175,142,71,102,93,66
164,282,264,204,93,170,158,115
136,237,218,160,91,130,121,88
73,121,113,92,117,208,201,147
129,221,209,151,86,143,138,104
113,225,207,162,104,158,151,115
98,191,187,131,95,196,184,151
104,155,145,104,62,73,67,59
126,234,220,189,104,153,138,115
124,228,218,172,118,209,193,151
135,265,249,177,110,217,205,167
114,208,194,148,91,135,126,105
115,207,194,150,117,172,160,121
82,114,102,88,97,161,149,126
136,232,212,168,104,166,153,124
109,166,151,124,126,213,203,146
118,175,160,131,91,159,147,114
63,80,71,62,104,149,136,102
132,283,271,204,107,157,147,112
124,257,240,171,79,132,123,91
123,175,165,123,107,153,137,104
95,174,165,131,142,216,194,145
114,180,165,123,77,126,115,86
127,255,246,188,100,175,161,125
130,194,179,116,102,131,121,93
121,211,198,160,106,184,173,131
104,172,167,130,118,191,178,141
128,222,206,154,115,208,196,143
129,277,261,188,98,154,144,114
127,205,192,142,108,161,145,122
95,170,161,116,116,208,194,138
147,312,292,220,86,140,125,100
117,220,210,147,76,109,104,86
133,237,224,179,86,136,123,92
81,150,143,100,104,149,134,106
139,241,223,178,105,182,168,123
121,183,175,133,114,195,187,132
89,157,144,121,96,143,131,106
122,180,167,134,90,135,123,102
94,171,150,122,107,196,181,121
144,308,294,228,95,132,121,100
146,277,255,188,86,156,146,106
91,183,176,150,109,162,151,126
153,324,309,244,90,124,112,91
161,335,313,247,101,177,163,129
99,164,149,113,82,111,100,86
138,254,244,187,96,141,132,100
120,193,174,129,90,165,159,131
118,241,225,174,95,191,185,141
98,117,106,94,77,133,126,97
117,247,225,161,113,189,176,138
68,115,108,87,96,186,177,137
137,229,215,165,99,142,127,110
107,217,195,150,95,132,118,98
120,229,211,155,89,139,126,105
107,153,141,111,72,143,134,102
149,289,271,204,87,150,145,104
111,211,197,151,116,195,177,147
123,240,229,175,96,154,140,116
111,177,168,135,72,123,115,96
82,135,130,95,98,178,161,130
142,283,267,175,96,143,130,106
119,193,182,138,117,165,154,127
108,166,147,109,101,150,135,109
127,229,215,163,77,106,98,77
145,254,242,171,80,134,128,103
91,151,139,113,105,181,174,124
108,152,140,116,105,141,126,85
94,191,179,117,116,201,186,135
109,236,223,159,102,174,160,130
145,259,242,179,115,175,161,139
96,162,152,120,65,110,104,81
152,269,252,211,103,155,143,126
101,211,202,162,113,178,168,127
109,167,156,117,85,112,101,76
131,226,211,171,94,137,124,99
152,284,273,214,104,173,155,123
113,221,204,168,114,221,206,150
107,194,186,134,94,144,137,114
128,246,228,170,87,117,104,83
118,212,205,161,100,127,119,97
133,241,232,170,93,130,116,93
120,194,183,136,113,193,181,143
77,114,108,87,82,112,104,78
