220,205,143
268,255,187
232,219,164
193,184,133
186,169,120
324,303,224
161,147,110
128,117,106
143,129,110
145,134,106
179,163,135
211,191,145
195,182,136
219,208,148
171,159,120
170,155,123
212,198,157
218,205,146
228,218,164
292,276,217
147,142,97
138,128,110
244,224,192
198,178,137
231,221,174
287,273,199
196,183,150
135,120,95
277,256,187
225,205,159
278,256,195
144,130,108
255,240,179
242,230,166
151,138,100
122,112,91
190,178,135
115,108,85
250,234,165
235,223,153
256,235,184
241,224,163
166,149,127
163,150,120
238,224,172
301,286,219
244,231,156
118,106,85
191,179,127
164,148,131
129,121,93
207,187,142
106,99,75
151,141,115
156,148,117
258,240,186
215,209,155
159,148,107
236,225,166
240,225,173
279,262,230
182,171,134
185,172,139
193,179,131
168,152,121
173,158,117
235,211,169
186,174,124
220,209,137
294,277,218
221,210,173
185,172,140
163,151,121
195,180,131
136,125,95
173,159,121
196,186,136
275,254,187
247,231,148
267,254,185
193,182,122
264,253,199
176,167,137
179,170,137
247,233,170
193,184,136
238,226,171
257,242,182
207,194,143
175,166,113
266,250,182
273,261,212
256,248,190
407,386,298
131,123,90
267,248,193
162,143,113
175,155,121
236,229,174
185,169,134
277,263,205
200,191,145
125,119,102
221,204,166
163,150,110
150,142,108
162,147,119
180,174,139
226,209,166
223,213,173
200,187,140
178,169,139
224,204,158
126,118,86
128,118,87
145,135,112
86,80,56
183,169,123
141,130,97
289,275,228
280,261,194
177,167,123
184,174,136
96,86,72
166,153,110
173,164,131
126,111,93
213,197,159
192,183,133
191,181,145
188,176,144
208,196,137
133,124,101
180,163,140
288,270,222
184,170,133
136,130,95
244,226,159
149,139,108
171,161,122
190,180,144
208,199,158
206,195,156
185,172,127
178,168,114
199,183,142
193,179,143
198,188,140
234,215,158
200,178,137
147,141,110
178,161,138
135,123,97
218,204,148
122,116,75
264,246,178
148,134,97
296,279,226
185,170,137
206,190,147
186,174,132
154,143,119
251,237,201
240,225,160
156,139,118
371,349,272
182,170,142
189,175,124
206,190,157
195,185,150
131,118,95
220,203,152
209,196,148
97,92,72
181,169,125
163,156,116
183,176,131
218,202,162
231,217,173
166,153,127
189,176,132
215,203,168
160,153,118
152,140,115
199,187,144
139,129,102
196,174,142
202,190,136
124,114,99
195,187,144
269,254,182
180,168,128
170,161,121
316,298,226
145,134,101
140,132,102
253,241,174
191,174,129
249,233,171
250,232,180
139,129,107
157,146,120
179,165,135
208,196,143
178,167,122
178,170,133
272,253,197
148,140,103
330,304,240
170,162,130
203,190,142
193,181,128
249,234,174
131,117,92
217,207,158
150,137,110
234,223,164
178,169,138
195,185,134
254,243,202
232,219,168
194,174,144
216,202,167
176,170,131
185,172,134
185,168,147
157,145,121
177,162,128
179,169,119
217,201,151
182,173,129
208,196,159
242,231,171
138,127,96
229,210,165
223,205,155
202,193,140
328,305,224
200,179,140
172,162,126
166,159,130
148,139,107
183,168,125
217,193,155
242,232,179
204,186,141
208,189,136
242,228,177
186,172,125
183,170,138
254,236,193
227,216,150
209,195,151
221,206,162
217,198,152
312,294,219
180,168,137
246,236,168
209,198,147
174,162,135
246,234,178
151,142,120
283,269,203
135,128,106
146,138,109
115,111,85
225,209,170
137,127,105
216,203,160
142,131,115
229,214,158
176,163,127
156,145,104
175,165,130
230,218,149
163,151,111
186,175,127
189,182,129
207,191,143
162,154,117
229,220,155
237,224,163
215,206,157
214,200,166
145,135,85
179,169,129
230,213,189
304,286,216
171,160,121
335,313,218
286,271,203
230,216,167
303,286,220
138,123,103
216,200,156
259,240,167
122,112,95
213,200,159
183,171,140
190,183,137
158,149,129
159,149,110
148,140,107
158,143,120
181,172,120
255,236,177
131,119,98
189,172,143
190,180,133
197,185,152
176,169,129
244,232,167
169,157,115
161,148,115
237,223,172
206,189,133
157,143,112
163,146,107
146,131,99
128,118,99
170,160,134
293,275,220
269,253,180
250,239,176
157,142,118
190,179,137
165,154,114
195,176,132
273,256,171
161,153,112
208,195,141
237,218,158
188,178,133
228,216,170
246,232,181
257,236,193
238,216,157
231,220,134
150,137,106
152,142,110
275,255,192
291,276,217
207,191,152
150,139,101
171,153,125
149,135,113
241,226,177
212,198,145
155,143,114
184,168,128
285,266,197
181,173,141
230,216,155
113,107,87
185,170,130
172,163,111
205,195,145
204,191,142
187,170,137
294,266,210
184,172,123
233,215,168
250,238,174
200,176,148
168,156,124
267,244,196
201,193,134
169,150,116
287,264,183
137,126,89
150,140,119
162,153,121
191,178,126
256,229,187
195,178,143
286,268,212
121,111,81
230,214,152
219,205,167
262,249,189
171,160,120
131,122,96
157,146,119
175,162,121
231,223,177
173,162,116
239,226,174
208,198,144
288,270,199
265,250,198
189,174,126
320,291,221
179,165,123
137,125,94
199,187,145
217,202,141
220,203,161
165,152,117
229,209,162
145,132,102
238,224,160
252,238,173
200,188,145
242,226,175
215,200,165
183,169,128
168,152,97
233,221,164
198,183,138
164,155,123
137,127,93
207,195,149
178,161,128
155,137,120
252,241,185
184,168,128
263,248,182
111,103,83
199,188,143
129,121,89
253,227,174
193,184,145
124,111,95
225,209,137
259,251,200
190,178,142
264,250,185
149,138,119
136,125,107
239,226,172
270,257,192
219,209,161
149,136,110
152,139,102
306,292,217
147,134,110
228,216,173
105,97,85
184,170,122
158,144,115
204,191,140
201,189,137
275,255,194
183,171,134
216,199,144
197,182,146
209,193,143
276,260,191
146,138,98
170,152,122
182,168,136
223,211,162
224,213,157
207,194,141
137,124,108
204,190,148
195,176,148
179,169,135
246,233,185
232,220,158
317,296,244
346,318,238
164,150,125
178,163,124
213,199,158
258,250,189
203,186,150
176,162,124
243,222,184
230,213,163
218,207,160
236,220,170
150,142,109
146,137,104
191,186,141
151,137,110
215,198,139
135,121,90
215,197,140
195,181,141
192,179,142
198,183,127
177,159,136
215,196,153
121,111,79
167,156,113
202,191,149
196,182,156
206,192,147
156,143,121
238,219,168
237,219,176
238,220,166
164,150,105
234,222,161
159,149,119
221,207,180
189,172,123
212,193,158
310,291,210
194,184,141
219,203,151
172,163,121
205,194,141
213,204,157
160,150,106
244,238,162
239,223,162
202,188,145
158,143,102
202,190,135
244,224,188
257,242,173
158,151,114
183,171,124
223,208,163
151,140,110
149,134,101
261,244,184
277,255,171
178,169,133
217,196,139
216,203,163
170,158,121
195,183,130
237,221,165
286,272,200
293,274,202
200,186,138
214,199,159
130,123,100
249,231,173
185,172,130
198,188,145
180,168,123
188,179,135
144,137,112
235,220,161
210,198,156
141,130,111
228,214,156
171,160,125
159,148,114
143,133,111
143,136,104
213,206,160
214,195,152
174,163,141
174,158,117
147,137,110
187,172,140
236,219,154
199,181,127
166,158,112
175,160,128
104,93,69
214,202,168
212,200,154
142,134,106
136,127,86
217,204,160
149,139,104
217,204,147
186,168,116
257,239,198
123,110,84
169,154,126
208,200,147
124,115,92
105,99,81
202,189,153
175,166,131
159,150,116
227,216,157
218,206,162
284,277,205
228,210,163
129,119,84
240,226,171
227,215,177
180,169,126
131,122,105
136,129,106
137,123,89
129,123,87
154,149,106
132,123,103
197,182,135
264,253,178
143,132,106
245,228,170
230,210,171
88,83,61
214,199,156
323,305,234
157,144,114
159,144,118
185,173,122
243,225,177
268,253,192
265,248,205
258,241,174
245,228,178
154,144,112
187,171,134
145,135,99
325,310,251
214,203,156
224,214,164
153,144,117
213,201,155
182,175,138
239,224,161
215,205,136
237,227,160
180,171,125
238,232,158
152,142,115
249,239,187
194,177,131
257,247,184
199,189,155
125,116,91
182,173,131
177,166,130
187,169,125
158,145,115
141,130,103
177,171,136
197,186,133
185,171,133
143,137,99
137,124,101
230,213,166
194,186,130
215,202,167
215,201,123
239,219,157
198,190,155
153,141,109
139,128,93
171,162,129
169,156,126
181,164,132
228,216,172
245,234,181
220,201,152
167,158,127
167,156,119
231,210,173
256,238,182
136,127,91
141,130,110
192,180,137
213,191,124
253,233,180
288,275,200
345,326,242
171,161,121
273,260,193
146,137,98
287,273,186
169,153,118
208,191,152
163,154,109
216,208,144
169,160,124
251,238,169
107,97,83
286,268,209
201,188,153
220,203,162
237,223,168
345,329,259
160,155,134
307,294,241
125,114,90
189,171,147
220,207,152
207,192,139
141,131,105
151,143,98
167,153,132
336,323,233
198,181,138
211,195,133
205,189,155
228,210,171
271,259,190
139,130,111
170,161,128
248,232,176
180,170,135
230,216,154
162,149,114
218,205,170
110,101,79
121,112,94
273,254,201
217,203,143
175,166,130
165,145,117
158,142,103
187,178,141
158,144,124
290,268,211
84,76,54
230,216,162
245,232,172
289,259,200
186,170,129
261,248,192
115,108,78
212,195,143
173,162,129
260,241,184
159,149,127
165,158,119
189,179,132
242,224,164
226,209,168
236,224,154
199,191,146
241,226,168
193,182,124
215,200,155
159,146,113
152,144,104
267,245,182
195,179,131
207,196,133
148,141,107
220,202,143
188,173,120
274,258,186
155,144,113
251,236,185
154,141,108
140,132,95
189,178,129
201,189,143
109,101,76
246,227,171
313,294,223
280,262,207
268,253,202
225,204,158
100,89,74
194,179,140
200,187,149
98,87,73
316,295,233
177,166,121
277,257,207
201,193,135
212,199,150
278,263,178
230,218,157
161,148,122
250,236,187
233,217,165
227,208,176
154,144,106
210,195,149
147,137,106
267,244,178
174,159,122
229,214,173
173,160,120
168,156,119
295,285,226
176,161,117
165,152,114
273,263,199
172,165,112
256,238,171
255,241,189
178,170,134
327,304,219
170,156,118
203,185,144
238,224,168
245,226,172
182,166,128
192,172,139
130,122,85
176,164,122
183,165,134
126,117,89
91,83,69
253,244,155
212,201,151
186,168,121
192,181,143
214,202,157
188,173,145
269,252,187
157,149,120
309,284,224
125,116,90
231,214,169
213,204,143
189,177,140
236,222,172
208,200,130
239,228,177
208,196,122
178,168,127
165,157,129
241,231,174
160,151,124
157,142,114
166,151,120
257,242,161
248,232,154
248,237,174
180,168,143
286,276,190
163,150,128
214,200,142
183,174,127
263,250,191
147,135,114
245,231,174
132,123,95
173,160,115
255,237,169
222,207,147
165,153,111
139,131,98
192,175,133
151,138,97
182,169,121
58,51,47
117,103,88
366,350,261
200,193,143
236,222,183
157,141,116
154,145,110
213,204,160
151,138,119
223,210,160
182,177,133
112,101,87
198,186,151
157,144,122
247,235,190
233,221,167
220,204,151
113,105,79
349,334,279
203,189,137
217,202,152
126,117,101
217,204,138
151,142,97
199,186,154
316,301,209
158,151,116
189,180,146
177,161,134
97,90,70
108,101,84
157,149,110
136,126,95
239,230,184
167,154,127
203,190,155
205,186,139
280,266,205
230,218,173
185,167,135
248,232,193
183,168,112
185,168,143
244,220,180
131,120,99
297,283,210
359,342,243
167,157,116
240,227,178
164,151,112
175,160,128
254,241,194
201,190,146
153,142,100
251,234,159
243,225,173
241,224,185
253,240,185
240,228,170
128,115,97
263,237,185
169,157,128
223,211,150
230,222,158
175,167,120
120,113,78
292,279,218
314,301,234
301,284,218
188,175,136
255,237,187
208,191,149
307,289,230
214,197,153
222,205,171
249,233,181
188,179,135
212,197,154
302,291,227
170,159,131
168,153,133
219,204,165
228,221,174
104,91,83
201,191,148
214,199,160
316,295,209
151,133,100
235,225,172
181,174,141
209,200,138
178,171,131
160,150,117
247,233,179
331,312,247
167,156,115
155,146,114
139,129,85
166,152,129
238,221,179
168,155,111
209,195,150
218,209,164
357,335,230
146,137,112
194,181,133
200,184,143
146,131,104
123,116,86
176,164,117
229,210,166
284,263,208
253,241,170
160,153,114
217,202,165
313,288,235
276,259,193
140,129,103
256,244,178
284,268,206
219,200,165
115,110,81
168,161,125
228,218,142
202,185,149
229,215,161
235,223,161
188,177,143
147,138,103
252,240,171
182,168,146
185,177,147
145,136,107
223,205,161
210,197,153
107,97,76
198,185,151
221,204,165
207,198,146
190,169,142
242,227,160
166,156,126
313,301,222
156,144,101
151,143,115
186,176,123
266,253,188
257,242,195
166,145,115
224,210,159
225,209,135
233,220,162
307,291,221
125,116,90
227,211,157
106,91,76
203,191,148
240,229,182
191,181,145
161,150,116
219,197,150
189,173,126
195,183,134
112,103,86
257,243,188
250,232,160
262,246,188
249,233,167
128,116,81
201,186,145
146,136,112
148,134,109
151,139,116
247,232,181
171,157,121
201,189,147
236,218,178
179,160,127
196,182,154
227,212,159
236,220,172
300,285,203
205,195,149
167,150,127
177,171,131
233,222,142
242,226,170
218,206,154
206,199,151
160,142,119
228,214,157
169,159,120
283,269,205
186,170,143
256,242,163
234,223,167
222,208,151
212,204,158
157,147,116
196,182,140
188,181,138
174,155,121
128,115,92
98,91,75
255,239,175
285,265,215
233,218,180
103,92,79
347,324,245
172,159,128
217,206,175
195,184,140
168,158,132
181,169,127
242,226,169
193,180,152
153,142,103
139,121,101
83,77,64
193,183,151
187,175,134
224,200,179
138,124,103
184,172,137
234,219,164
156,141,112
182,177,136
143,131,100
217,201,160
217,202,150
261,248,200
235,225,161
201,189,134
120,108,85
175,157,125
154,143,111
218,204,157
228,214,172
197,184,141
206,193,146
285,273,210
178,167,136
185,171,129
282,264,192
152,145,97
132,125,100
231,212,160
165,152,121
127,107,89
156,144,109
285,270,187
185,173,135
171,159,120
259,236,194
178,164,129
99,91,82
279,261,202
188,178,127
208,197,151
162,149,115
200,183,139
195,188,135
237,222,173
240,230,186
246,231,175
217,203,151
178,171,134
261,248,179
183,172,139
110,107,88
233,221,181
254,231,165
162,149,114
177,169,133
255,240,188
253,237,186
174,155,122
214,196,155
218,197,160
336,319,256
195,178,139
151,140,108
118,109,87
138,133,110
211,197,162
316,298,242
157,141,112
146,130,101
138,124,105
140,128,104
177,162,119
339,322,250
273,258,197
184,168,133
259,244,176
218,208,154
206,191,126
148,137,108
219,209,151
353,336,266
184,172,134
181,163,127
189,176,143
227,211,178
280,261,195
197,187,129
308,293,250
174,170,140
186,181,137
169,157,125
229,214,172
191,181,129
225,210,153
237,224,165
161,149,128
216,201,162
154,142,89
207,197,156
167,154,136
231,219,183
217,208,145
129,121,98
199,187,153
154,148,116
236,224,174
133,119,91
223,210,155
169,158,122
239,218,156
124,109,96
213,196,151
187,177,148
255,244,184
248,237,179
219,209,171
245,225,169
166,153,124
288,272,207
184,167,123
112,100,77
252,236,196
237,221,160
122,113,96
166,160,124
186,173,135
328,310,225
278,267,212
166,156,109
307,292,210
227,213,160
235,218,168
92,81,75
160,143,117
173,162,121
230,216,167
193,185,138
184,172,127
251,235,174
388,361,281
210,192,158
189,171,127
188,175,128
270,255,195
179,165,109
199,191,143
176,165,130
237,223,166
124,117,84
293,267,199
289,271,179
207,192,150
159,143,117
185,171,139
181,169,131
180,167,141
149,143,108
127,119,94
301,287,221
161,152,125
149,141,106
230,211,157
232,218,191
140,133,112
245,227,174
195,185,141
268,249,197
132,123,97
309,293,202
223,210,162
193,181,147
137,126,104
176,168,122
217,208,159
322,304,234
300,281,220
258,237,175
248,238,187
179,168,126
209,198,157
148,137,93
179,165,135
293,277,229
198,186,143
202,190,148
208,198,159
168,157,124
316,299,215
215,200,163
253,244,183
185,176,129
253,242,194
188,174,136
160,148,113
179,167,125
164,154,125
150,140,99
156,148,111
199,192,149
206,188,147
250,235,177
260,236,165
217,202,150
260,246,198
193,180,122
176,171,151
189,177,137
202,185,145
152,144,102
134,124,103
254,238,188
217,207,163
190,177,140
142,132,99
123,117,95
237,222,179
147,132,108
260,246,181
145,135,102
244,233,167
163,150,124
178,165,124
223,209,169
210,201,155
170,160,137
206,193,145
203,193,149
149,138,110
261,239,195
204,191,146
148,136,111
182,173,128
163,150,122
193,178,127
213,200,156
222,208,165
224,209,173
198,187,139
247,230,194
160,149,118
233,224,159
253,237,175
227,212,167
180,167,128
208,189,159
185,172,125
225,210,164
153,148,122
179,175,117
288,267,204
189,179,136
117,106,88
200,185,160
267,248,183
152,140,106
158,143,119
142,130,108
285,266,198
229,219,153
163,149,112
192,187,130
210,196,147
200,186,146
173,156,139
173,162,124
251,239,188
224,210,164
195,184,137
337,320,233
119,107,94
257,242,168
159,147,117
226,209,168
290,271,218
191,178,150
298,283,197
190,175,146
139,128,112
280,272,200
156,149,119
147,135,113
158,151,111
153,143,102
204,191,132
147,141,110
187,178,129
233,222,170
156,142,116
226,215,160
159,149,118
221,206,170
242,232,148
246,228,180
183,173,128
245,234,171
187,170,133
251,237,172
145,135,117
220,204,155
124,117,91
174,166,136
190,177,137
165,155,123
209,198,150
190,182,126
145,134,92
218,210,144
288,272,182
260,246,174
240,221,169
350,330,258
141,122,95
222,215,152
264,253,203
207,196,156
201,194,141
175,166,110
230,222,153
241,228,178
206,191,156
248,230,184
127,119,83
183,169,129
252,239,190
232,217,168
153,137,106
207,196,132
127,120,99
251,233,188
183,174,122
161,153,111
263,248,207
159,145,98
143,135,117
170,158,121
138,123,91
216,207,148
167,152,121
184,173,124
142,129,111
245,234,170
170,157,124
191,182,154
184,171,135
146,139,98
136,127,113
154,142,118
225,209,158
154,138,114
228,218,173
133,119,99
153,138,121
221,205,153
144,136,98
139,131,116
205,189,152
245,228,166
180,163,124
183,175,134
133,120,105
242,225,173
270,253,191
196,178,149
136,126,103
179,164,123
246,235,173
155,138,109
154,147,116
150,136,119
193,178,141
249,232,183
183,168,145
189,174,144
221,207,174
179,166,147
154,138,106
106,98,73
267,251,203
173,161,118
156,140,105
200,189,143
208,200,132
178,162,118
270,257,199
256,243,178
200,187,153
256,253,185
232,220,173
178,167,119
243,227,184
364,342,256
197,187,138
197,186,151
168,150,125
132,127,94
193,182,142
236,215,167
197,183,145
260,243,178
183,169,129
252,233,177
133,124,100
268,253,202
248,233,191
194,179,140
133,126,106
229,216,170
201,190,146
192,182,139
174,163,122
282,273,195
196,182,144
144,131,96
164,155,119
130,119,100
293,278,209
126,118,82
210,191,158
150,140,115
182,171,135
174,165,122
217,201,157
162,150,115
232,223,180
147,132,108
300,285,223
182,166,129
188,174,134
220,205,164
292,277,197
156,144,116
129,124,89
201,188,158
233,212,169
226,211,169
212,201,138
254,234,195
237,230,173
116,102,93
100,91,80
157,147,112
168,159,127
203,191,153
225,210,163
192,175,134
228,214,156
194,185,137
229,209,161
192,184,144
279,263,208
163,150,99
186,175,137
198,186,145
238,224,166
219,204,163
259,244,171
174,165,132
151,141,110
108,104,75
235,229,162
269,256,203
206,192,156
194,179,137
158,146,116
142,131,104
250,239,188
290,275,197
133,122,102
229,213,163
183,171,133
180,167,131
155,142,118
196,185,143
208,193,148
184,169,123
136,123,105
142,129,99
114,102,83
189,181,132
295,275,209
170,161,132
177,169,133
136,125,102
148,140,114
284,270,192
315,295,222
239,227,156
228,205,167
131,121,89
162,158,107
239,222,152
205,193,157
304,293,230
164,146,116
201,187,140
257,240,162
269,251,210
216,200,148
170,156,126
232,215,151
129,114,103
164,150,128
181,168,128
165,149,110
142,128,94
152,139,108
258,237,175
183,174,127
211,197,148
207,200,147
222,211,160
230,218,171
211,198,153
119,110,94
164,150,119
147,130,114
164,151,121
252,239,180
215,203,155
198,190,140
244,228,174
232,212,157
208,193,156
174,167,119
133,119,106
202,189,134
276,257,194
216,203,144
208,196,152
220,203,150
164,155,122
195,185,151
316,299,239
198,188,131
184,168,124
217,198,163
172,159,130
210,193,146
119,109,101
191,184,154
289,274,217
169,162,130
223,213,152
163,154,112
181,164,129
305,289,226
262,246,170
178,169,138
176,161,128
172,161,134
271,258,193
178,159,119
241,223,153
176,167,131
201,192,150
231,211,160
207,190,144
135,128,102
269,248,193
136,125,103
220,206,157
148,131,108
206,192,157
120,108,79
208,199,158
163,149,109
159,146,122
227,212,167
209,196,150
123,117,91
207,197,147
121,108,92
163,152,117
197,179,138
223,211,153
224,212,167
143,136,96
174,158,116
165,157,124
152,140,111
277,252,196
202,187,141
196,189,161
175,167,121
247,232,182
194,181,147
258,245,189
213,203,156
263,250,201
196,183,124
175,164,123
243,231,172
206,194,155
157,150,115
235,217,165
250,237,178
111,99,80
150,138,101
231,213,162
245,229,192
270,261,189
219,210,166
160,150,129
161,145,116
209,197,148
204,188,152
160,147,112
151,137,111
212,199,153
249,236,182
201,193,151
209,195,171
167,153,121
145,134,111
235,223,176
206,194,129
135,125,96
93,88,73
244,225,162
246,232,173
208,194,144
232,220,180
185,166,116
160,152,114
162,147,116
146,132,99
221,206,160
248,234,172
143,133,103
221,209,154
141,129,112
359,346,255
249,234,190
168,155,121
207,197,158
123,109,87
228,216,159
167,152,104
136,124,93
207,196,138
144,132,112
190,175,137
133,125,98
268,253,178
188,175,131
270,260,187
234,223,164
288,271,186
138,130,96
111,102,76
172,162,134
225,213,159
193,177,144
184,172,121
256,245,182
168,158,120
130,122,107
262,245,194
166,152,119
241,218,155
125,114,93
105,100,77
228,218,145
241,228,182
189,177,135
234,226,175
225,208,138
146,136,112
204,194,154
197,186,129
171,166,132
168,155,130
167,155,122
199,187,129
183,176,121
182,163,127
105,94,71
207,192,154
141,134,110
218,207,151
294,284,214
142,129,102
206,190,141
120,113,83
125,112,93
287,276,220
336,316,251
206,193,148
201,187,155
219,201,153
287,268,220
260,247,205
147,139,100
236,229,174
175,162,127
207,196,143
232,222,150
192,177,135
168,160,108
242,230,180
224,208,168
187,174,150
173,161,125
255,244,187
299,278,220
300,283,215
192,180,132
192,185,131
196,183,135
227,208,144
145,133,101
172,163,128
169,160,118
222,205,149
212,203,170
222,207,178
227,208,155
109,102,79
262,248,201
181,175,117
184,177,142
269,262,177
274,255,184
172,156,112
132,121,94
283,269,210
137,117,98
242,230,160
142,129,99
236,219,177
255,244,195
310,300,211
386,368,285
177,162,133
200,191,141
156,145,101
181,168,126
169,155,114
253,240,192
203,189,134
235,222,169
239,230,175
213,198,150
149,131,109
159,154,123
169,148,125
149,142,91
170,153,119
230,214,172
221,213,149
220,206,148
169,156,118
238,227,165
160,150,117
207,189,147
247,234,157
283,267,183
252,232,183
230,215,162
229,206,154
168,156,121
330,308,260
172,161,119
213,200,148
171,161,121
154,147,118
228,211,148
215,203,159
146,132,98
118,114,81
221,207,159
156,144,114
203,187,154
208,199,158
181,166,133
222,210,165
359,333,278
121,112,85
241,227,167
158,147,123
259,241,180
173,162,112
165,156,116
170,150,113
204,195,150
225,210,164
172,160,115
213,194,157
164,150,121
122,112,94
239,225,178
342,313,242
201,185,149
197,185,136
160,145,110
112,102,84
158,149,111
178,166,124
239,226,159
256,236,189
306,279,227
193,181,122
180,169,119
186,169,135
186,174,128
190,178,139
254,237,193
115,110,89
255,238,185
217,201,152
149,139,114
186,172,141
310,290,215
105,97,77
307,285,210
236,220,167
152,144,116
164,156,121
123,112,92
220,212,154
132,128,94
163,149,109
162,144,123
114,101,85
160,149,122
146,134,114
206,191,144
203,186,131
179,165,135
211,191,145
282,266,202
199,187,150
223,211,153
181,175,137
162,145,120
145,136,107
133,118,99
153,136,109
192,185,129
226,207,149
259,240,199
157,150,111
170,160,115
155,145,116
107,92,86
203,191,147
159,148,108
210,198,148
254,235,182
201,188,132
163,151,115
231,219,172
191,180,137
146,131,112
148,134,107
293,280,225
175,163,110
271,257,190
183,170,121
195,180,154
209,198,157
198,181,148
197,183,133
119,112,100
252,238,175
174,162,129
176,164,130
242,225,174
209,201,153
81,73,66
241,227,185
216,199,149
240,225,183
188,177,124
212,201,162
159,148,115
161,150,109
183,168,122
197,179,149
133,121,96
213,197,138
297,281,206
133,119,88
255,240,182
270,250,217
183,174,129
192,181,124
295,291,207
163,156,127
197,188,137
194,177,145
202,190,145
93,88,71
124,116,94
289,274,205
341,317,246
176,162,129
123,109,92
145,138,110
216,196,159
157,139,121
174,165,125
104,92,72
106,98,79
196,188,152
190,180,142
196,187,142
215,196,171
234,215,166
117,106,83
210,200,155
192,182,132
237,224,173
294,266,208
214,203,137
181,167,132
165,161,134
187,175,136
128,115,94
107,96,76
150,143,110
170,160,113
235,228,155
202,183,145
123,115,94
176,166,123
125,120,68
168,157,127
256,240,203
272,262,208
210,198,161
151,139,114
127,114,100
170,162,124
268,243,189
233,223,166
239,221,171
163,155,118
207,200,135
173,165,135
220,207,163
171,157,140
246,237,198
224,211,163
185,166,134
215,203,159
220,202,150
206,195,153
223,206,143
200,190,128
163,151,122
246,223,159
226,207,167
100,90,73
236,216,175
161,150,122
164,156,117
163,155,119
158,147,120
151,143,113
142,132,101
181,169,126
183,168,137
111,99,86
149,137,108
223,207,156
312,295,222
204,193,154
186,172,129
154,142,100
200,182,151
195,184,134
224,213,162
247,231,158
137,128,92
223,207,141
224,209,152
211,193,141
207,199,150
224,209,144
163,148,127
258,246,199
268,251,184
124,113,88
196,185,138
180,166,134
234,216,177
160,144,109
273,260,192
202,185,145
246,231,184
158,146,110
170,160,122
185,165,118
202,190,143
129,124,99
256,245,199
155,146,111
202,189,144
202,183,141
188,176,133
208,198,144
140,125,104
175,154,121
251,236,168
219,206,177
152,135,98
212,206,145
181,172,122
203,187,134
288,277,215
205,190,139
260,249,175
189,180,146
137,125,97
143,130,99
179,162,125
125,118,99
213,205,155
209,200,140
201,187,145
154,141,105
193,183,131
153,139,114
199,182,138
259,243,178
258,242,152
161,150,117
252,227,174
216,208,147
214,199,149
145,139,108
195,179,140
164,151,127
187,167,147
258,244,180
201,187,145
220,209,165
206,191,147
120,111,81
192,175,132
377,356,259
224,199,145
196,190,139
134,123,92
168,152,114
223,212,165
306,291,225
145,134,94
151,139,109
233,222,159
193,180,134
154,142,114
222,209,164
237,226,162
209,198,140
105,94,71
285,269,203
166,159,116
248,240,163
193,177,144
132,117,92
124,114,93
191,175,130
232,220,173
203,185,131
163,149,111
172,161,108
243,229,181
243,227,163
170,162,120
196,192,148
208,195,142
238,221,172
325,305,253
181,171,120
123,112,97
307,295,228
220,208,154
100,93,78
138,127,105
163,151,131
260,239,157
166,157,107
163,153,110
204,193,134
211,200,144
207,190,147
210,198,158
166,149,123
147,135,100
254,236,187
233,223,168
315,296,223
220,202,153
136,122,106
141,129,104
217,197,161
282,266,210
245,231,177
175,164,127
189,175,131
187,174,128
264,247,198
224,210,159
168,152,103
199,191,150
293,276,209
269,251,173
169,161,134
183,173,134
191,181,141
181,166,123
71,65,58
197,182,155
160,148,120
254,239,190
288,270,214
190,172,120
156,141,105
207,195,141
190,175,144
203,190,155
168,151,123
161,148,116
165,159,126
164,154,122
136,121,99
230,214,164
192,173,129
150,141,110
242,233,163
199,185,150
178,163,115
247,222,166
175,163,127
158,144,112
228,221,159
163,149,113
200,195,147
156,148,117
269,252,198
197,189,133
187,173,138
151,135,107
321,301,220
144,135,104
243,231,181
250,237,172
168,158,127
132,121,104
124,113,87
221,210,152
175,167,113
222,208,147
267,252,191
255,245,210
228,215,169
207,193,144
256,241,176
257,246,189
228,214,166
174,167,125
166,155,118
260,246,202
369,354,294
157,146,116
193,181,149
110,97,78
183,172,132
221,208,166
196,183,147
200,190,144
259,244,175
225,213,158
188,175,136
191,179,138
165,152,131
209,192,158
175,164,123
231,222,154
208,192,140
200,193,163
193,178,140
139,125,100
283,266,202
191,179,143
148,134,115
285,272,205
263,249,185
234,216,154
279,262,206
151,140,109
207,193,137
201,187,144
221,209,155
197,179,136
193,184,138
189,177,148
128,118,98
273,261,198
193,176,135
242,224,149
237,216,177
185,175,140
130,119,94
143,134,97
191,177,134
197,187,136
220,209,138
180,167,138
246,231,159
237,222,168
260,243,166
139,127,95
228,207,144
196,175,121
133,120,85
288,267,218
215,204,154
256,244,177
257,235,188
173,165,130
181,169,136
333,317,234
199,189,149
171,163,119
300,289,219
254,237,175
141,126,105
160,145,124
214,194,146
152,140,110
144,130,112
348,329,252
203,192,136
249,229,171
222,208,170
161,150,128
167,155,123
343,329,231
176,160,119
162,148,120
248,236,178
177,166,107
222,211,161
254,238,187
133,124,99
120,114,89
166,154,129
178,172,127
300,282,215
166,155,133
207,191,149
170,157,134
214,197,158
139,132,90
183,168,130
136,120,106
237,215,161
175,165,107
117,110,80
182,164,125
110,102,79
163,148,118
278,261,185
190,180,130
228,218,157
129,123,95
162,155,114
228,222,164
203,190,142
228,216,160
177,167,123
177,162,134
132,118,99
234,225,183
130,120,105
177,167,135
223,210,172
291,274,210
111,99,89
147,133,117
210,200,156
273,260,192
202,188,140
169,162,115
320,305,214
231,213,156
197,184,140
197,186,144
127,114,88
121,111,91
243,231,160
259,244,182
195,179,143
157,141,114
266,246,182
235,221,172
213,202,159
188,178,145
269,255,191
236,215,165
181,168,113
157,144,129
284,268,191
151,139,101
168,160,114
135,124,105
252,233,184
163,155,117
222,214,157
299,278,200
189,178,135
266,247,192
222,202,151
216,198,152
165,152,124
165,153,108
213,204,155
225,214,157
194,184,139
154,143,112
212,199,154
163,151,126
138,128,104
195,180,129
186,175,124
194,182,139
150,140,109
342,316,237
199,181,150
286,272,198
194,174,135
223,206,158
122,115,83
293,282,203
108,100,85
148,132,114
177,161,125
218,201,159
223,211,172
165,149,112
197,186,160
161,155,121
237,225,162
171,154,121
217,206,157
154,144,106
126,120,87
262,245,201
183,171,138
183,172,145
147,130,101
187,172,127
221,209,142
255,240,187
253,241,186
219,207,164
148,138,112
228,218,164
215,202,154
204,197,153
231,221,154
201,188,137
122,111,95
234,227,159
227,212,171
294,279,186
198,187,157
101,90,74
168,162,125
233,221,168
268,255,192
188,176,138
220,208,150
211,198,156
207,193,149
218,204,155
223,210,156
204,190,151
151,138,105
226,212,165
219,208,178
164,151,121
119,108,92
147,139,99
223,209,171
217,205,168
132,125,92
207,195,136
131,118,102
239,229,170
178,165,131
212,199,141
276,265,203
107,96,83
236,221,161
140,130,98
219,209,156
183,175,132
193,179,145
96,87,76
202,191,155
311,290,207
157,145,113
271,254,171
176,161,128
273,254,189
172,158,119
179,170,126
198,177,138
152,142,104
193,175,144
184,174,137
167,162,134
134,129,92
197,184,133
201,190,150
106,93,76
149,142,109
204,186,146
192,183,143
193,183,147
195,183,140
197,184,128
141,131,107
236,229,160
156,144,114
168,151,117
275,252,204
249,229,170
162,150,117
194,177,148
221,201,152
255,245,190
138,130,97
168,156,125
223,209,157
186,170,123
244,227,175
211,194,152
172,159,117
161,152,126
278,262,200
215,203,150
211,202,148
198,179,143
290,276,195
243,224,180
275,258,202
235,222,159
194,178,136
227,214,164
255,242,177
175,164,132
169,161,129
149,141,123
316,301,238
137,126,88
193,182,137
217,206,166
251,237,187
163,152,136
221,208,181
270,260,200
225,206,164
191,178,131
242,223,166
256,244,180
127,112,94
258,243,176
171,155,124
226,216,163
176,164,136
323,305,239
177,164,131
257,244,183
249,240,186
224,213,173
259,245,180
191,178,149
165,148,126
224,212,167
215,204,153
131,121,91
183,167,118
214,203,159
199,189,135
206,198,148
139,127,99
206,192,148
337,320,237
228,217,166
164,153,117
176,158,126
183,177,128
195,181,142
154,141,108
173,159,128
227,216,173
184,170,130
180,166,108
185,174,140
255,236,190
117,113,92
218,200,160
135,120,98
292,265,209
131,123,90
212,199,156
259,237,169
226,217,174
223,213,153
235,221,177
195,177,135
225,209,132
183,170,128
169,155,119
266,252,207
148,137,121
191,179,136
165,155,117
232,214,163
264,249,179
232,215,177
160,152,116
225,203,155
181,172,136
244,228,159
162,144,125
173,162,129
228,218,175
155,143,107
188,173,131
217,202,149
236,226,162
278,261,179
182,171,138
158,141,117
110,100,89
199,186,152
274,261,193
221,204,166
150,143,117
239,226,184
255,236,177
353,335,258
153,138,96
117,107,83
151,138,112
184,175,132
106,101,88
254,241,185
244,227,170
152,141,100
300,283,223
128,119,108
171,155,115
179,168,115
195,176,137
172,159,141
136,125,87
155,148,117
213,196,153
133,122,96
141,132,97
116,111,91
138,124,99
179,166,125
151,139,112
213,202,146
156,138,103
181,172,135
158,145,116
152,139,117
284,270,195
125,109,84
171,158,125
243,233,160
135,121,100
218,205,166
359,339,269
199,182,151
189,183,144
316,301,232
280,263,196
162,152,116
195,182,123
242,225,192
204,186,134
206,188,142
176,162,129
165,145,123
188,175,137
217,202,145
179,169,136
218,203,164
278,265,194
183,168,130
180,166,121
243,231,174
225,209,164
216,199,154
205,196,136
301,287,216
102,95,73
216,206,148
270,255,179
141,126,104
168,162,112
192,183,152
174,162,122
167,153,123
284,270,198
139,136,107
189,176,145
155,144,112
173,162,138
216,206,157
150,129,114
182,169,103
168,153,127
188,171,133
99,93,75
152,140,115
193,180,124
196,182,144
298,281,223
150,136,110
214,204,157
182,171,132
171,159,126
224,213,169
270,257,206
189,177,146
237,224,169
257,238,180
237,222,156
169,158,122
195,181,144
258,240,180
224,207,172
251,236,173
111,96,82
228,216,155
239,218,175
218,202,161
142,134,104
204,191,141
111,100,82
228,219,169
168,154,117
258,240,194
250,234,179
278,271,201
177,161,127
221,209,167
200,186,142
248,234,171
276,255,205
135,129,105
290,269,194
246,233,162
181,168,123
268,253,198
190,180,155
171,159,125
139,127,100
192,181,145
117,102,89
195,183,149
234,223,181
148,130,114
208,193,146
206,200,148
188,175,135
301,285,203
265,250,195
231,219,167
217,207,150
178,170,110
265,249,185
144,127,97
124,109,99
219,206,152
266,259,196
189,174,131
131,118,99
162,148,102
260,243,190
274,259,182
228,219,158
186,177,123
165,157,123
291,273,201
251,235,162
266,249,184
299,281,211
179,165,132
87,78,62
229,219,181
214,197,142
179,163,118
249,228,186
166,154,111
130,118,106
290,276,214
137,129,100
142,135,112
175,166,131
258,247,186
287,267,191
205,189,163
261,243,194
154,141,121
210,198,151
329,310,242
246,233,171
157,146,119
159,150,115
145,138,105
179,165,126
262,251,196
203,195,143
212,200,152
235,215,163
195,188,141
269,256,177
201,186,141
147,127,104
306,296,222
194,178,133
277,259,209
214,199,140
169,155,116
193,176,132
186,174,136
139,128,106
203,191,131
263,250,189
147,139,116
227,210,159
224,208,179
236,226,177
187,175,125
118,112,93
228,214,149
132,126,105
252,229,192
154,143,113
236,216,167
155,139,120
165,155,128
272,264,199
198,191,124
184,174,129
214,201,152
214,201,145
153,146,110
185,171,137
175,167,121
237,224,173
272,257,191
204,191,143
245,238,169
201,186,151
211,196,161
306,286,229
316,297,199
266,247,209
174,167,122
199,186,147
242,225,169
191,183,137
199,186,126
204,194,146
192,177,156
162,153,136
157,139,112
243,230,177
155,143,116
183,169,133
201,188,131
148,140,105
147,130,122
190,179,140
205,196,166
153,144,118
179,160,130
235,225,172
193,179,149
164,153,123
241,225,184
187,175,130
180,164,128
195,182,138
237,221,165
231,220,177
133,119,93
381,363,267
152,143,112
201,190,134
132,121,113
228,211,170
222,211,162
213,200,139
156,143,109
175,168,130
205,191,151
129,116,90
250,233,184
191,175,144
219,205,164
186,170,134
159,148,115
262,250,191
212,193,161
205,194,139
120,110,92
244,231,166
218,206,158
198,190,145
156,143,108
177,165,114
251,231,166
193,183,126
176,159,108
134,125,106
138,130,108
218,209,164
296,284,238
169,158,114
173,164,133
237,218,164
245,232,167
158,149,112
261,246,188
271,256,197
154,142,101
96,89,71
213,195,153
177,164,134
245,233,178
225,212,157
171,162,128
291,268,195
204,195,141
169,161,125
143,135,107
147,137,100
196,188,136
166,157,111
209,192,142
225,217,164
179,169,130
211,194,133
134,124,85
201,186,137
193,183,139
152,142,113
303,282,214
238,225,189
176,162,121
195,184,143
159,147,119
236,221,172
206,191,155
181,168,124
155,141,106
175,161,123
166,159,132
281,264,213
225,206,150
187,177,130
219,210,163
228,218,167
285,271,193
227,216,148
156,141,112
180,170,132
105,99,75
254,239,170
219,206,151
152,138,110
214,199,158
247,235,169
228,217,157
222,212,170
217,197,157
181,167,131
169,148,130
198,190,144
197,186,139
180,166,139
271,251,184
134,120,96
223,212,161
175,161,117
154,146,118
273,257,201
192,176,132
257,242,184
181,177,128
238,219,162
224,210,162
149,141,105
169,158,126
138,129,92
151,140,108
170,159,115
234,220,166
176,163,123
209,193,162
189,176,141
117,107,93
235,221,169
233,214,153
249,229,165
193,181,142
222,211,157
123,118,90
342,321,232
121,111,77
153,141,109
115,102,83
147,135,103
205,193,141
205,192,137
137,120,101
169,154,126
244,224,180
246,235,174
171,163,131
331,319,232
160,149,109
231,210,147
208,192,153
119,109,90
220,210,166
197,190,139
226,207,164
202,192,129
196,183,149
276,265,189
187,174,125
101,92,70
187,172,142
198,187,136
126,113,90
186,180,137
229,218,157
298,284,213
250,232,168
212,200,165
167,158,129
177,164,133
242,224,182
213,205,152
162,152,114
201,189,143
227,215,159
233,213,161
179,165,119
324,303,226
293,274,194
232,221,160
246,233,174
153,141,105
292,282,206
237,227,169
256,244,182
209,195,157
159,152,106
220,203,165
239,220,176
243,228,167
153,140,112
153,135,111
226,209,173
169,153,119
194,186,128
188,179,130
261,244,178
238,223,166
206,190,129
170,162,123
110,97,82
159,143,117
146,136,112
219,203,148
166,154,122
312,284,219
187,176,129
220,210,160
192,176,145
161,148,105
127,114,107
142,129,99
231,223,178
149,140,108
203,190,132
193,180,120
168,154,124
207,192,138
132,126,97
159,142,126
282,273,210
188,172,145
250,240,185
249,232,184
102,93,76
198,184,141
192,179,138
128,114,102
210,190,151
205,194,147
165,155,115
195,180,125
141,125,101
210,194,151
198,191,138
253,240,168
255,247,184
237,217,172
177,167,132
281,269,214
203,192,151
154,140,105
136,126,91
202,190,153
203,186,148
164,152,109
265,248,209
147,140,114
192,184,139
268,246,201
188,179,138
201,188,134
164,146,133
220,210,156
195,176,131
241,229,165
215,208,156
159,147,116
291,273,199
169,159,117
149,142,114
160,147,126
192,179,132
260,243,175
134,125,98
250,238,188
181,173,116
137,125,96
242,228,173
218,205,158
206,188,152
165,157,114
172,154,131
265,249,192
244,234,176
257,244,173
139,131,103
153,139,124
156,147,127
183,174,139
213,200,166
258,238,185
193,182,134
200,185,135
183,175,119
257,240,189
147,139,101
194,183,137
136,119,102
210,193,149
276,259,195
127,118,96
262,244,174
102,94,85
185,176,129
145,133,102
261,249,182
244,229,172
197,185,142
297,282,199
210,195,149
275,249,197
178,165,129
191,170,135
176,166,135
187,174,130
237,217,163
286,262,190
324,301,229
348,325,246
212,198,163
199,187,144
206,195,146
211,196,151
219,211,149
363,339,253
195,185,135
242,231,184
169,162,112
182,169,137
138,122,110
153,147,125
204,192,153
238,218,140
267,248,177
129,120,95
235,224,180
225,211,171
184,171,128
293,278,192
175,161,128
288,274,219
189,173,150
177,163,133
288,266,217
182,166,129
294,277,218
122,112,91
183,170,138
165,149,130
190,175,137
236,214,159
194,184,144
231,217,178
277,261,183
203,180,137
131,122,101
244,238,181
185,172,124
215,202,151
264,241,186
195,179,149
193,178,136
173,161,131
164,155,121
242,222,155
185,176,122
167,149,119
199,188,146
222,212,155
217,203,154
144,131,107
227,212,161
196,182,135
209,192,152
236,226,163
170,155,115
175,160,127
145,137,92
199,188,143
149,142,113
162,144,116
178,164,137
206,188,153
120,109,82
228,214,155
190,177,138
283,263,186
188,178,143
257,247,172
235,221,163
232,214,152
190,176,133
208,197,150
194,179,149
130,124,98
221,211,149
201,185,135
240,227,191
115,101,87
244,229,168
176,168,139
249,231,185
203,187,152
213,194,152
246,232,183
270,257,182
255,237,183
200,193,139
121,113,88
238,222,165
218,204,157
242,224,162
173,168,123
157,148,125
127,121,104
234,211,165
166,158,114
217,197,145
211,191,153
210,193,146
223,206,172
190,179,136
208,193,154
208,194,148
252,239,174
242,222,176
115,106,89
135,124,104
138,130,103
279,263,202
126,117,89
310,285,251
375,356,253
248,236,192
159,150,119
216,203,145
138,132,110
204,188,146
192,184,139
182,172,123
137,129,109
139,133,96
274,265,227
301,285,231
186,179,134
254,241,183
212,194,153
155,141,111
137,126,95
166,151,120
241,227,182
88,80,67
256,243,186
139,130,95
268,251,190
132,122,102
257,240,175
175,162,125
244,231,185
264,250,177
235,217,197
121,107,87
144,134,104
223,208,168
169,159,133
174,160,123
234,215,162
261,249,178
213,205,130
191,177,142
233,219,160
321,300,226
187,175,124
269,251,178
170,157,121
207,192,148
251,238,186
136,132,97
228,212,164
259,245,181
227,216,143
290,272,219
242,224,171
212,203,150
184,175,126
219,205,166
193,177,155
225,213,153
112,103,76
129,121,98
188,177,135
174,164,130
202,188,156
223,213,169
257,242,190
239,222,166
173,160,136
151,140,109
262,249,188
154,144,127
120,110,80
80,75,65
240,225,194
191,179,138
249,237,190
233,215,174
251,228,183
159,154,109
257,239,168
102,93,75
130,123,90
240,221,162
185,173,134
213,204,158
139,124,93
291,271,193
215,199,133
162,155,103
89,81,77
207,196,137
194,178,139
220,202,141
184,168,134
192,179,126
181,170,121
335,321,250
248,237,175
104,93,72
324,304,214
237,225,186
142,132,98
156,142,111
221,203,160
311,292,204
197,187,139
186,172,135
312,290,212
175,161,111
213,203,157
178,165,122
219,202,146
194,178,144
233,214,150
225,218,170
192,178,130
257,235,185
230,217,153
111,104,81
221,205,169
158,149,115
145,125,93
283,260,201
184,173,136
168,156,114
197,190,131
225,210,145
135,124,95
121,112,90
210,194,158
185,170,125
265,253,186
179,169,132
168,164,116
181,162,127
269,248,199
294,275,192
223,213,153
180,170,134
120,114,86
172,166,121
99,89,82
189,176,130
195,186,141
257,241,188
257,245,171
192,184,143
115,108,81
135,124,110
144,135,112
204,196,134
205,200,146
203,187,133
188,180,139
167,153,130
257,240,182
148,138,121
137,127,103
375,356,292
239,231,167
183,171,130
234,217,172
167,156,143
188,179,140
252,233,185
224,210,164
175,161,117
251,245,186
120,109,84
214,195,150
263,248,210
253,237,184
285,263,189
212,196,159
170,157,131
197,183,144
179,166,127
139,127,103
272,256,187
203,193,148
239,229,171
247,221,179
208,196,144
236,222,179
155,134,113
146,138,98
197,183,148
177,171,123
183,172,121
195,179,143
210,203,152
134,127,95
153,140,108
189,179,140
208,194,153
227,217,174
204,188,140
203,185,149
295,275,225
295,281,226
294,273,198
197,183,139
225,212,168
168,156,125
212,194,153
195,183,141
92,84,68
238,224,183
194,176,129
271,247,193
199,181,146
202,186,141
184,174,119
205,195,145
114,106,90
248,234,186
150,143,103
119,108,91
101,87,79
243,234,171
123,117,82
158,146,119
126,114,84
184,169,129
170,153,126
336,314,240
175,162,115
144,135,102
177,161,137
187,178,131
129,119,101
276,257,213
224,215,155
165,153,127
225,209,154
100,95,79
355,334,264
242,234,171
134,128,104
207,196,148
124,117,92
227,218,161
170,159,105
222,206,170
297,283,210
141,130,97
204,192,147
183,170,136
249,232,171
254,240,184
180,164,144
171,159,128
201,188,150
124,113,79
170,154,121
108,102,91
265,246,204
147,139,101
199,191,147
254,238,180
230,214,164
233,218,166
254,233,180
114,102,93
219,203,157
205,193,138
119,113,96
181,169,123
251,234,169
174,163,128
130,124,108
167,153,121
242,220,172
133,120,100
156,146,119
200,188,134
177,168,127
190,166,149
235,220,165
129,118,105
209,194,140
220,209,159
240,225,168
281,271,212
203,188,148
208,200,139
223,207,168
309,287,228
172,166,129
193,176,146
243,233,174
207,188,140
291,272,213
128,121,85
201,186,150
174,160,115
136,129,101
165,155,120
145,132,98
204,186,165
195,182,137
220,206,159
193,183,141
276,257,188
231,217,182
273,257,212
122,113,85
348,330,255
125,112,87
125,113,100
222,204,135
181,171,128
181,164,118
224,215,148
161,156,118
226,215,157
195,181,138
177,161,132
298,277,219
186,176,139
173,164,110
306,285,213
181,168,128
184,171,132
267,256,202
204,190,155
225,211,140
165,155,123
179,168,126
158,148,110
192,178,147
238,221,171
204,192,138
224,218,177
349,333,259
240,222,170
285,267,204
277,265,197
206,190,131
288,272,197
269,255,196
290,264,189
223,206,156
253,239,181
258,244,192
208,196,144
163,151,119
170,156,128
189,175,138
196,182,151
168,162,123
264,251,179
138,128,101
136,130,99
223,214,187
235,218,164
114,103,82
227,209,158
149,140,117
171,153,123
195,187,146
259,236,176
196,183,132
179,166,121
172,162,134
230,224,175
149,136,116
152,138,98
209,202,148
312,295,233
154,143,116
310,295,238
333,319,234
306,288,220
131,120,103
183,172,123
157,142,115
247,228,174
202,193,143
236,220,178
224,214,143
179,172,136
232,209,142
209,197,146
248,228,173
124,115,86
121,111,92
197,184,132
209,202,161
191,178,154
229,219,173
222,212,152
176,158,129
231,221,166
247,235,188
287,269,210
191,178,145
161,150,107
200,187,149
256,242,202
255,233,193
209,192,138
208,193,147
188,178,128
158,151,121
161,149,118
165,157,126
135,127,114
179,167,132
131,122,93
216,200,159
189,178,130
86,79,69
189,166,118
235,221,168
244,232,178
288,269,196
181,165,122
257,239,191
155,144,112
185,167,115
227,211,152
109,95,84
345,326,249
161,151,105
212,202,163
277,259,187
187,176,146
268,254,166
143,133,99
230,212,161
216,197,169
195,187,138
200,184,145
185,177,123
148,134,104
297,279,224
152,141,114
218,209,149
132,122,90
342,319,230
205,191,157
165,150,110
270,258,185
162,149,107
243,228,177
155,146,123
125,120,97
158,147,125
130,116,99
184,170,141
232,220,185
165,153,123
190,177,148
215,202,160
222,211,173
236,214,168
251,232,160
210,198,156
322,303,223
144,126,104
223,203,147
191,172,132
324,308,210
243,228,176
191,184,133
268,242,181
243,229,178
386,367,273
218,208,171
227,207,162
199,186,137
158,147,117
207,196,142
250,232,177
188,172,144
220,211,172
229,214,168
145,133,105
168,154,131
130,122,99
146,136,106
155,137,117
233,215,174
241,229,180
223,209,147
247,232,182
100,91,83
200,188,142
151,146,96
183,167,115
217,212,161
225,214,167
208,193,141
243,232,177
169,156,114
195,179,142
189,180,131
162,148,119
227,216,166
220,203,149
175,164,126
127,116,92
172,161,116
214,203,156
170,154,121
147,142,107
282,262,200
170,161,124
295,278,200
265,253,179
268,249,194
194,180,137
126,112,94
172,159,124
149,133,95
192,178,129
156,146,122
200,182,134
124,113,82
191,186,141
195,186,132
149,140,99
172,160,141
233,219,156
248,235,190
265,251,187
208,197,144
198,182,129
155,140,113
289,271,196
246,237,175
236,224,173
180,162,136
137,126,97
160,149,114
226,210,158
266,250,188
285,269,192
130,119,97
217,210,141
212,199,154
256,233,183
250,233,179
231,216,164
112,105,87
150,145,109
210,197,150
353,335,251
259,242,189
169,152,119
202,187,144
290,269,184
198,187,149
281,273,215
139,127,109
249,234,177
270,252,183
268,252,195
239,217,176
251,231,164
168,159,132
205,194,152
275,254,195
200,189,141
191,182,142
150,136,116
247,239,158
141,133,111
203,191,160
190,176,136
152,143,97
234,224,168
173,157,116
205,192,156
151,139,105
185,175,129
189,175,130
202,188,149
283,259,193
250,233,180
171,164,114
224,205,157
302,285,196
241,228,181
196,182,141
169,159,123
232,222,171
264,247,209
255,241,187
200,189,151
166,152,123
223,204,172
157,146,122
198,191,143
177,164,125
141,129,99
220,206,159
203,186,137
182,166,147
78,69,64
233,223,158
126,117,99
161,156,116
149,138,105
92,79,70
237,223,174
198,183,141
152,140,113
208,194,148
137,131,103
197,186,145
171,157,120
214,200,158
157,147,115
177,169,137
173,160,112
83,71,61
174,165,134
129,123,88
126,116,103
139,133,111
175,162,134
227,199,149
205,189,153
204,180,146
310,288,231
256,238,173
232,219,175
233,217,162
192,179,143
234,217,179
164,154,115
148,140,109
186,168,131
219,209,139
286,271,210
277,259,200
228,216,165
195,184,139
110,102,82
213,199,155
189,177,138
154,136,110
177,167,128
159,149,123
170,161,108
275,258,199
188,180,127
144,136,106
246,226,176
95,88,65
205,191,151
203,199,150
155,144,125
259,249,188
198,181,127
262,248,185
188,177,131
235,217,154
248,231,185
215,197,146
183,162,129
214,199,151
246,231,170
167,158,109
272,259,205
226,218,154
121,114,90
156,146,109
227,215,159
190,173,138
198,179,139
95,89,74
170,153,127
220,213,181
194,180,149
207,196,151
287,266,211
230,217,172
187,175,129
251,238,194
157,146,122
115,105,80
171,157,125
234,219,169
239,227,176
182,167,126
209,193,144
192,182,151
135,128,102
186,175,126
171,166,121
225,209,149
177,167,139
208,192,151
170,158,111
148,136,110
161,148,111
125,112,89
122,108,83
226,217,172
245,227,184
251,240,176
159,150,121
226,215,148
194,180,142
250,239,181
211,198,143
212,201,154
164,151,114
165,152,114
145,139,106
263,253,193
220,199,149
179,172,142
113,96,88
202,185,133
266,258,193
196,184,138
239,223,169
233,223,177
305,296,228
182,167,123
188,180,138
209,194,136
286,265,216
274,252,197
257,239,186
293,279,220
151,138,118
298,282,227
236,219,164
317,305,217
158,142,116
211,206,155
204,198,147
128,124,96
172,160,121
146,134,106
212,201,147
