101,92,74
132,125,101
96,90,75
106,102,87
87,77,69
100,94,76
126,117,100
99,90,82
100,90,78
117,111,88
116,108,96
93,82,78
89,79,75
108,97,86
89,81,73
99,91,75
125,112,89
87,83,61
116,106,101
66,58,56
83,76,58
85,76,62
72,67,52
80,78,64
115,108,85
70,64,64
102,93,73
116,101,84
92,84,71
86,81,71
76,69,70
82,72,66
94,77,72
82,70,61
76,66,65
78,72,60
137,127,102
89,81,69
83,76,66
121,110,93
81,70,67
140,127,115
73,61,53
82,78,65
89,82,68
79,68,64
108,94,82
75,67,55
74,67,62
145,139,99
86,82,79
59,48,49
128,120,97
116,109,97
72,64,54
80,74,65
82,76,65
125,118,83
127,117,92
88,80,74
106,100,85
108,89,86
96,86,77
98,89,70
110,102,84
77,69,59
102,95,85
77,72,65
75,72,56
93,80,79
82,75,66
65,55,51
118,107,79
96,88,74
103,87,85
106,90,90
97,88,76
101,90,79
84,74,70
82,75,66
73,69,62
97,89,71
89,82,74
80,71,65
76,68,61
63,57,46
114,105,95
87,76,67
88,82,65
82,75,61
69,65,56
98,90,80
78,72,63
69,62,62
82,79,67
72,64,67
91,82,75
93,86,76
97,88,75
85,76,68
108,102,72
109,97,74
66,58,52
74,63,56
116,106,84
88,81,59
129,120,102
103,93,80
80,70,65
113,104,89
75,69,66
122,108,96
128,124,97
74,69,62
68,66,51
94,84,78
85,81,64
63,58,51
86,78,66
97,90,71
71,65,50
120,107,92
105,96,80
97,89,73
78,62,67
112,102,81
77,71,66
91,81,78
77,74,64
63,58,50
83,74,66
69,63,58
92,83,75
99,88,80
64,56,53
94,83,75
73,67,54
88,80,63
109,98,94
100,87,78
127,122,106
81,74,69
87,73,71
93,84,68
103,95,84
80,68,62
94,84,75
102,94,84
85,79,68
93,87,82
84,79,66
74,71,61
75,64,56
89,82,71
89,80,65
80,74,60
125,116,106
79,75,67
103,89,81
94,85,71
71,65,55
72,65,59
130,121,96
72,66,63
96,87,75
88,80,67
76,69,67
118,110,92
84,79,67
86,79,62
104,99,82
102,93,77
96,85,75
69,61,59
90,84,75
113,94,93
75,69,56
67,58,46
92,83,73
73,67,58
128,118,92
84,74,65
77,69,63
83,76,62
93,84,76
130,126,101
100,94,81
85,74,69
88,78,72
83,78,66
91,83,73
105,92,73
94,83,74
84,82,65
120,115,97
85,81,65
78,67,65
100,89,77
116,109,85
91,83,68
114,102,89
144,134,113
89,78,68
93,78,78
101,94,74
93,86,73
62,52,53
105,96,74
85,77,67
98,91,78
100,91,77
62,58,52
67,61,58
107,102,84
74,65,61
78,70,60
76,68,63
112,98,81
64,58,54
73,67,55
130,120,108
103,92,80
56,51,46
82,75,68
47,39,35
76,70,66
99,92,69
128,114,94
91,85,74
134,123,108
92,83,78
119,112,100
80,73,66
102,90,82
74,71,60
103,94,83
112,106,90
93,85,77
97,87,79
107,98,81
94,89,83
78,69,65
105,97,86
99,90,82
96,87,72
89,76,70
107,98,88
88,80,70
89,85,68
79,73,64
74,70,57
95,87,81
81,71,60
68,59,52
96,87,71
86,78,71
76,68,63
66,63,55
94,84,75
68,57,47
88,78,69
75,62,60
87,80,69
106,102,81
129,119,98
79,77,64
108,102,82
90,83,67
115,110,94
106,96,89
103,92,78
109,102,90
127,119,99
94,88,82
62,58,50
128,117,99
87,82,68
104,90,81
70,63,57
83,78,57
89,84,70
77,71,59
87,77,68
105,98,76
118,109,99
98,90,75
62,56,55
101,85,79
93,84,74
116,103,81
72,60,50
123,110,97
93,79,68
86,77,65
80,72,66
88,77,73
99,89,77
112,100,92
98,89,74
68,62,59
97,90,79
90,86,75
60,52,53
84,77,69
70,60,48
87,74,68
69,66,58
109,103,85
102,92,77
72,66,53
82,71,67
104,98,70
90,81,72
88,79,73
84,75,73
84,74,59
97,92,75
89,81,73
87,83,70
94,83,76
88,75,74
129,126,99
86,72,64
91,87,77
98,91,85
90,83,72
88,83,70
105,99,82
76,66,59
99,95,77
74,67,61
94,83,80
85,76,64
123,113,86
108,102,91
102,91,75
112,100,94
69,63,59
80,71,62
90,85,68
86,75,67
82,70,67
131,120,98
80,71,66
72,61,62
76,73,64
94,88,73
106,100,84
89,80,68
77,64,63
99,86,74
89,79,71
77,69,66
97,85,81
124,113,97
101,87,84
95,83,77
77,70,59
72,67,60
80,72,64
96,91,76
129,123,103
79,73,64
76,69,54
78,71,59
83,78,59
96,88,66
98,95,80
85,75,71
93,85,74
103,93,73
94,82,75
76,65,60
113,102,92
72,68,61
88,80,69
126,119,89
82,76,65
81,71,67
97,83,77
108,97,87
115,106,88
92,83,72
104,94,78
88,80,77
71,69,58
73,71,58
56,52,42
120,112,93
78,72,64
80,68,66
104,96,86
85,77,66
62,52,51
93,81,76
117,106,95
90,86,70
60,54,54
93,87,76
86,76,65
103,92,79
99,89,77
101,90,79
93,84,66
97,91,74
76,66,56
82,79,61
101,98,70
73,66,55
88,80,72
89,83,72
112,106,93
79,68,61
99,87,74
84,80,72
97,87,68
81,70,62
91,81,68
91,87,67
113,101,87
81,74,65
108,98,82
84,68,72
87,78,68
122,111,88
96,90,77
92,85,74
116,102,90
94,75,67
80,69,66
80,71,64
75,69,51
102,89,78
71,67,53
119,111,93
111,94,74
94,83,68
73,61,53
101,93,79
108,101,79
70,64,50
109,102,85
59,52,52
69,64,52
125,113,99
73,64,55
70,61,61
118,114,98
92,87,61
116,104,89
125,111,85
93,85,67
77,67,57
73,64,61
120,107,93
86,74,73
100,91,79
128,117,100
96,91,78
112,108,86
113,104,93
69,57,63
128,114,104
118,109,97
84,79,69
79,69,66
111,101,89
88,81,64
106,98,75
79,71,65
98,88,85
90,80,70
69,64,55
83,76,69
124,112,95
59,53,51
80,69,61
75,68,67
81,72,64
81,72,69
96,86,74
103,92,82
112,105,77
116,107,86
91,83,72
98,88,81
93,83,68
91,87,70
93,87,78
91,82,73
63,57,52
104,96,84
108,100,87
124,118,97
92,88,67
84,77,70
70,64,57
86,79,70
76,74,56
58,54,52
97,86,82
122,112,99
77,69,61
73,64,54
88,77,75
104,97,88
88,79,67
99,89,82
72,66,59
81,80,72
119,113,82
118,110,89
111,101,86
88,79,67
82,79,73
80,73,67
101,90,72
90,84,63
120,109,90
88,79,62
88,78,68
103,93,76
114,110,82
115,99,90
82,73,72
126,122,89
82,77,63
114,104,85
102,89,82
67,61,56
113,106,88
86,82,75
137,124,109
92,83,77
91,85,71
85,72,74
93,87,71
79,71,62
89,76,69
104,95,76
91,84,69
52,45,43
80,70,74
92,82,71
96,85,72
54,49,44
64,55,53
89,85,65
84,77,70
83,77,65
101,95,80
82,71,61
101,93,77
95,88,73
112,100,93
124,112,106
87,71,68
113,109,83
87,80,71
98,92,78
57,51,44
91,84,73
109,105,87
121,109,89
95,87,75
109,101,83
89,77,77
102,98,81
79,70,63
102,90,78
101,90,73
101,92,83
95,87,71
111,106,86
77,68,68
82,74,64
98,89,82
65,58,59
111,101,88
96,91,75
99,92,80
86,77,60
89,82,66
83,72,64
91,79,77
56,49,45
115,108,97
107,102,90
92,87,76
75,72,57
81,73,66
75,67,61
97,85,74
123,110,101
106,100,88
143,136,111
69,62,62
92,86,72
128,119,96
100,92,85
99,96,76
115,109,91
98,92,78
99,88,80
116,108,88
100,88,89
92,81,72
70,61,56
91,83,73
85,76,65
83,78,68
88,83,76
67,60,57
103,98,71
94,87,79
76,67,54
69,61,50
98,92,83
89,79,69
98,90,74
116,102,88
65,58,55
90,84,69
72,64,58
90,82,64
86,78,69
90,87,68
92,82,63
113,107,88
104,97,74
76,70,62
105,94,84
96,89,70
93,85,75
103,94,76
66,62,57
106,89,80
125,110,92
81,72,67
85,74,68
89,85,70
86,80,67
74,61,58
85,77,65
87,75,63
91,79,74
90,82,73
98,87,81
108,92,76
73,67,57
123,112,91
111,105,82
92,84,69
82,72,66
92,84,72
80,76,63
126,113,96
79,70,60
98,90,83
79,69,69
85,77,64
77,71,65
94,86,75
102,93,82
79,70,59
97,87,75
97,85,76
93,87,74
112,104,75
94,83,77
101,94,80
97,88,76
99,83,79
86,78,72
66,59,59
121,112,100
88,83,73
94,82,82
72,65,62
154,143,120
94,85,72
85,73,70
74,66,57
101,98,77
90,84,77
114,106,91
93,86,71
82,77,61
97,92,74
64,57,55
92,86,64
107,98,84
99,91,76
78,72,60
102,96,83
100,91,76
91,88,75
92,79,72
113,100,89
109,99,82
141,127,115
114,104,82
101,96,85
107,101,86
64,57,53
81,74,61
106,99,85
70,64,59
70,64,61
79,74,60
89,80,69
118,102,91
109,101,87
88,81,76
102,95,75
76,64,67
81,73,63
84,79,71
88,81,71
127,113,103
100,84,74
77,66,64
90,85,78
141,128,113
65,55,53
80,72,71
100,88,85
103,91,79
58,52,43
132,122,95
141,128,119
72,63,55
88,80,74
84,72,70
75,65,55
87,81,70
96,88,87
92,83,71
110,104,87
118,107,89
90,86,75
100,95,83
99,91,79
116,108,92
96,90,81
107,100,81
69,63,46
77,68,50
111,105,82
97,86,78
123,112,99
119,109,94
81,70,67
96,86,77
91,83,73
105,95,81
54,45,46
99,94,72
38,32,32
99,94,71
92,79,73
82,71,61
95,89,78
59,52,45
125,116,97
94,86,69
91,80,64
94,84,76
86,79,72
105,101,80
89,83,76
68,58,56
93,83,75
75,69,66
103,96,88
106,100,85
94,89,75
86,79,66
148,136,108
53,49,43
93,79,64
90,82,66
73,63,66
109,95,82
109,101,87
87,81,73
83,71,66
74,71,61
105,99,84
67,61,52
104,91,86
92,86,66
105,102,77
93,88,69
59,56,49
111,100,88
89,77,67
68,63,58
69,61,54
82,71,63
124,120,96
86,76,69
82,69,66
108,98,82
65,63,50
104,91,85
101,88,85
92,81,70
91,87,69
67,63,54
88,77,78
99,91,74
122,116,100
73,62,58
111,99,89
120,109,96
72,67,54
106,100,82
79,69,62
85,75,67
83,79,67
102,94,83
106,98,79
80,75,65
103,91,74
86,77,64
96,83,75
100,94,75
97,91,76
98,91,79
96,88,79
95,88,73
93,83,71
93,87,69
109,106,74
129,122,96
85,78,65
115,103,82
91,84,75
72,64,55
94,85,69
96,90,68
88,79,77
85,75,70
99,91,82
103,92,76
108,101,83
93,83,68
81,74,74
101,92,67
82,75,69
80,76,63
88,77,68
81,77,70
80,75,66
101,92,77
91,84,70
79,76,63
97,94,79
100,92,85
77,70,60
72,65,63
132,123,107
102,91,84
75,68,59
95,89,65
100,88,78
114,105,97
95,85,76
95,84,78
101,94,80
89,78,76
127,115,93
98,84,76
64,53,49
95,90,81
68,63,58
59,55,47
93,81,68
102,94,78
67,50,54
91,80,69
100,94,78
106,97,87
97,93,79
91,80,73
80,75,67
76,70,65
71,64,60
84,74,72
99,88,77
89,78,71
84,72,66
78,70,71
78,74,65
96,86,76
62,52,48
72,65,61
98,88,80
82,77,64
102,96,85
73,68,54
106,96,85
88,83,66
113,108,86
94,85,74
83,76,69
56,48,47
112,103,74
117,108,93
135,119,103
87,82,68
100,88,76
113,110,90
84,76,69
93,84,75
135,121,100
88,82,74
60,56,49
100,91,85
82,72,59
119,108,91
80,70,62
72,66,53
117,107,84
98,89,76
71,62,58
75,65,61
89,81,74
79,73,60
86,82,64
80,70,64
89,79,62
117,103,74
81,73,63
98,94,71
108,100,83
81,73,61
79,68,63
104,97,94
94,85,64
75,70,67
93,84,78
149,138,115
107,98,92
91,84,76
87,84,68
94,84,78
64,57,51
67,60,55
91,86,71
106,97,84
63,56,54
77,70,57
74,67,59
62,55,53
89,81,67
115,108,98
84,78,66
100,92,76
58,49,44
102,91,85
65,60,52
105,96,78
84,78,71
73,63,57
70,64,57
97,91,67
99,94,79
95,86,74
95,84,78
73,60,60
110,101,82
74,67,56
81,75,68
132,127,100
77,67,70
98,89,80
103,97,80
79,72,61
79,70,62
88,80,65
106,95,84
70,64,62
79,73,65
133,127,114
78,75,63
102,90,72
123,112,97
128,118,99
83,76,65
81,73,66
107,99,89
107,99,87
66,61,50
82,75,65
106,102,88
57,48,46
82,75,60
100,87,82
76,72,65
115,104,91
92,85,72
80,72,64
83,73,61
89,82,68
57,46,51
112,107,91
107,94,83
71,65,61
107,100,84
85,75,59
55,52,49
70,65,58
78,67,62
92,82,75
60,51,49
81,71,69
84,77,60
96,86,81
78,73,53
116,106,91
107,99,83
89,80,73
62,55,52
109,102,88
78,71,63
56,50,45
99,92,75
97,88,84
89,81,67
86,79,64
101,93,87
95,86,67
62,56,44
108,104,87
78,68,63
71,64,65
89,76,74
88,80,73
80,71,63
82,72,64
79,71,62
87,77,71
97,91,71
71,65,54
58,55,44
124,116,90
77,69,57
83,75,70
81,75,71
87,85,69
98,90,77
66,61,51
121,113,98
96,88,76
82,69,73
133,125,107
112,107,86
100,89,78
85,80,71
84,71,62
100,94,77
114,105,88
102,97,77
69,63,61
78,73,59
125,115,98
80,73,59
105,95,84
71,66,59
82,74,67
66,58,53
107,102,83
91,85,71
77,70,59
110,101,95
112,104,89
87,80,76
131,119,102
82,76,63
102,90,83
92,79,68
105,96,75
97,91,73
77,73,65
95,83,74
109,95,72
71,68,56
79,71,68
92,84,76
95,89,80
92,88,67
80,74,63
95,83,78
114,104,91
98,90,77
81,72,59
78,71,63
87,79,66
112,106,82
110,102,90
87,83,63
81,68,62
80,67,60
77,72,63
78,74,69
96,87,71
64,60,50
68,62,56
94,89,75
88,75,68
103,88,80
82,75,65
87,81,72
69,62,56
65,59,49
98,87,81
99,87,80
113,103,86
111,101,88
85,77,69
97,87,76
105,97,86
74,68,60
86,79,71
108,99,96
86,82,67
89,78,68
102,93,83
133,124,107
61,54,54
82,74,68
102,91,84
80,70,59
82,75,65
112,104,84
87,78,70
66,59,56
74,63,54
70,63,58
135,126,97
93,85,75
102,92,81
112,104,79
124,119,94
81,75,65
71,65,56
92,82,72
90,78,72
82,75,65
82,72,67
64,53,54
103,92,80
89,81,65
105,95,79
66,60,51
73,70,57
87,80,72
99,91,76
81,74,65
84,78,68
65,58,53
70,65,55
68,62,49
82,74,64
104,92,81
95,83,82
94,87,76
95,89,73
102,94,78
91,85,80
63,58,54
74,70,56
106,96,77
117,107,83
132,118,104
84,75,67
99,91,77
95,84,74
90,83,74
111,106,79
108,97,77
104,98,78
138,124,98
92,84,78
76,63,58
89,79,68
85,72,67
105,98,81
110,101,90
68,66,59
109,106,80
91,88,77
88,76,72
112,104,86
106,96,80
76,69,60
106,102,78
112,107,90
95,86,72
94,88,74
89,78,68
76,68,60
87,78,67
85,81,69
79,71,60
82,76,53
99,91,78
86,78,73
89,76,75
95,89,61
72,68,55
80,70,65
103,92,75
95,89,75
97,90,79
73,69,55
101,96,86
74,71,58
68,61,51
78,70,55
56,50,43
107,98,86
122,109,98
89,78,75
79,68,63
131,121,100
109,100,86
99,94,90
109,101,89
117,102,90
97,83,78
56,54,44
130,122,100
89,81,69
118,112,92
97,80,80
70,57,53
84,74,68
117,105,87
83,74,67
77,72,62
90,83,73
106,100,83
84,79,69
112,104,97
101,91,76
82,76,74
88,83,73
102,95,82
85,76,73
69,62,54
108,100,84
62,54,54
95,93,74
83,79,70
91,78,70
89,81,78
90,81,73
100,89,75
76,70,52
125,112,90
73,63,57
78,72,63
96,90,79
95,87,71
99,91,76
77,67,60
125,114,88
84,79,68
87,78,76
87,81,66
101,97,85
68,63,50
70,56,59
79,73,62
82,73,62
122,112,97
104,97,87
108,102,83
96,92,73
94,84,64
98,93,80
72,67,54
82,77,57
103,95,84
106,95,77
96,86,82
81,73,64
111,101,87
87,79,65
81,76,64
97,89,78
126,115,101
88,81,66
88,82,67
76,70,55
80,73,62
102,93,80
75,70,60
99,89,76
111,97,83
71,64,52
110,103,77
85,74,62
105,92,78
87,81,64
76,68,62
127,113,97
123,104,97
77,71,65
83,77,67
89,82,78
80,68,72
95,88,76
70,60,55
75,69,60
79,69,65
76,70,61
102,88,85
78,69,64
81,70,62
85,77,70
93,86,68
106,101,86
92,87,72
80,70,66
126,116,85
89,86,60
85,77,66
88,80,67
70,64,60
89,80,70
71,63,56
109,97,93
78,70,61
90,85,68
89,82,73
85,78,67
85,82,63
84,73,62
114,105,86
97,89,80
81,74,69
92,83,74
90,84,73
91,82,68
81,75,62
85,78,65
70,63,53
104,97,72
103,87,76
159,146,125
82,72,61
67,60,59
83,70,69
94,86,73
84,76,62
136,128,121
76,70,67
86,78,67
84,79,71
101,95,78
122,117,89
94,79,72
122,109,91
80,77,67
136,122,100
93,87,79
121,110,89
130,119,107
52,47,45
95,82,69
98,88,80
72,65,59
92,86,70
91,80,66
95,90,73
67,59,52
110,104,83
104,98,88
87,81,66
76,68,61
100,97,79
114,103,79
90,82,73
93,81,75
106,98,80
108,99,83
84,77,63
80,74,71
92,84,74
92,82,80
85,75,65
75,68,59
77,69,68
76,70,60
104,91,74
123,115,95
94,81,72
68,61,52
93,80,75
94,87,80
102,95,73
82,75,64
98,90,72
83,78,73
100,91,85
93,87,72
105,93,83
81,75,58
100,90,83
111,100,85
101,96,75
103,95,83
117,108,92
100,92,73
64,56,55
100,93,85
74,66,63
111,103,94
78,70,64
87,81,61
72,62,59
96,86,67
77,71,60
83,76,68
89,77,70
104,96,79
85,75,63
133,123,109
75,65,61
77,73,65
77,73,58
91,83,74
66,60,55
123,115,89
73,68,55
61,58,43
83,77,70
87,74,63
86,76,68
99,87,81
98,89,78
116,106,91
103,99,87
88,82,62
133,121,109
84,78,65
83,71,71
65,58,49
124,105,93
102,91,84
94,83,73
76,66,59
68,60,49
102,94,78
62,57,53
86,78,72
76,70,64
115,106,87
74,67,63
96,89,80
95,89,76
156,146,113
73,67,59
78,66,61
92,80,72
97,89,82
89,79,70
84,80,73
85,76,68
109,105,85
72,62,55
80,73,58
81,75,66
86,74,64
83,75,68
62,56,52
93,84,76
101,92,83
85,78,63
74,64,60
93,82,72
86,75,66
57,51,45
62,57,51
61,50,47
107,96,77
82,72,62
103,90,78
105,98,86
66,59,53
109,97,88
85,78,62
108,96,85
122,108,95
105,97,81
95,85,73
88,80,68
78,67,68
75,71,62
87,82,69
141,134,105
110,101,90
83,74,56
93,84,70
114,102,89
80,75,60
129,119,109
89,81,74
55,51,44
100,90,75
97,88,78
93,86,74
108,99,73
96,81,78
101,91,74
153,144,109
101,92,71
116,107,95
83,74,65
84,76,70
80,71,55
101,92,85
81,68,66
87,79,72
111,97,86
94,85,69
85,76,73
107,99,86
85,76,62
80,70,59
104,99,81
72,62,60
81,74,64
95,84,76
97,93,84
94,85,75
86,81,67
73,57,59
60,54,47
85,78,68
86,78,69
89,84,67
82,74,63
105,94,77
73,67,60
106,100,91
87,83,70
67,61,52
97,88,83
75,70,54
123,103,86
95,84,80
103,92,87
100,91,88
94,81,78
121,112,101
82,73,75
90,81,67
147,135,103
84,75,67
86,80,73
98,86,73
95,81,75
94,81,70
87,80,63
114,105,93
113,101,87
68,61,51
99,91,79
86,81,66
66,56,55
89,80,74
92,86,71
72,63,61
102,91,74
82,72,70
74,64,57
96,92,77
121,113,89
117,101,89
109,100,89
77,69,61
71,66,54
154,146,126
103,88,72
88,83,69
87,83,77
71,65,60
112,102,88
80,70,66
63,54,55
118,105,83
76,67,57
72,67,61
71,64,54
120,111,93
87,78,74
103,94,74
89,84,70
101,91,82
90,84,76
118,108,96
103,96,80
88,82,74
77,67,58
90,82,66
106,96,87
96,89,80
93,84,69
123,117,92
123,113,102
120,112,99
80,76,63
89,79,73
65,53,54
59,55,52
107,95,83
118,114,100
68,59,51
76,71,59
75,66,54
84,76,63
109,103,90
74,66,64
100,90,78
71,66,58
87,73,68
72,61,58
82,75,60
86,76,65
76,68,60
91,84,77
124,117,93
109,98,88
90,84,68
90,83,64
106,101,81
98,93,67
92,83,70
60,50,49
108,95,84
92,81,72
93,88,77
95,88,73
70,63,52
127,117,87
106,102,82
114,105,94
91,80,77
78,71,59
81,73,64
83,76,69
107,104,81
104,96,78
87,77,67
108,95,89
89,81,64
64,55,46
76,68,60
99,89,71
75,72,68
106,97,84
81,72,69
62,57,49
110,100,74
96,88,77
86,80,72
76,66,62
82,75,66
112,104,82
90,84,65
98,88,74
79,70,56
115,105,86
89,82,62
125,113,92
91,82,74
102,93,83
112,104,89
116,106,83
74,60,61
121,115,96
68,57,57
92,86,81
104,93,78
84,76,68
83,73,66
86,76,71
96,85,75
94,89,72
93,81,71
75,65,63
94,85,71
120,110,90
77,68,58
84,76,70
104,98,76
87,78,67
110,97,82
107,95,83
103,91,76
102,93,78
101,95,85
104,96,83
80,69,63
104,94,83
112,104,91
64,57,52
75,71,55
82,76,58
92,83,82
96,84,82
94,85,70
94,85,71
123,112,88
110,99,84
69,63,61
104,97,82
87,78,76
97,89,80
78,67,63
81,74,53
95,89,74
74,70,66
96,89,73
121,111,93
53,48,45
77,68,58
121,112,94
90,84,74
99,96,74
158,149,122
111,102,75
70,62,50
99,88,83
104,98,85
89,83,71
70,64,54
66,59,56
75,69,63
82,69,67
106,99,82
98,92,72
60,52,49
100,93,77
96,90,75
50,47,41
105,99,75
105,92,82
84,79,60
105,96,74
73,66,60
91,87,77
63,56,51
87,83,71
87,77,70
88,83,68
53,50,38
91,85,73
77,71,58
82,69,71
84,75,71
75,68,58
76,66,60
105,94,86
112,102,93
72,62,58
126,118,96
96,87,78
91,84,73
78,69,62
105,96,79
89,78,70
80,73,63
119,110,96
104,96,89
86,76,68
65,58,57
82,77,64
128,122,88
106,94,82
82,77,66
76,67,61
92,86,73
124,116,87
87,79,65
70,63,54
90,76,75
77,71,55
79,73,63
104,98,83
97,87,66
103,94,83
135,122,104
95,81,81
91,84,72
85,79,68
134,124,98
87,78,74
92,80,71
83,77,70
80,74,69
97,87,75
122,110,87
87,76,70
97,86,81
69,64,50
97,88,80
109,105,81
94,93,79
68,62,48
71,67,54
91,82,78
113,104,92
104,91,86
46,41,39
134,121,103
78,70,60
93,85,72
81,75,66
143,135,108
104,94,84
69,63,53
93,86,79
74,63,60
107,94,88
85,74,75
74,66,54
79,75,58
106,94,77
85,77,65
108,97,90
105,98,78
103,89,80
85,75,67
76,70,57
108,100,78
88,81,63
86,79,72
84,81,71
95,89,76
76,71,61
81,73,64
110,103,81
78,67,62
101,93,77
92,85,73
82,68,64
95,86,73
71,61,62
76,68,65
93,87,78
108,103,85
90,86,74
111,99,89
108,97,87
100,91,82
112,102,94
133,112,98
92,84,76
73,67,52
105,94,88
90,83,66
101,86,75
99,90,82
89,81,63
99,90,77
84,75,68
86,83,63
93,85,80
87,78,64
75,70,61
113,103,85
130,120,93
53,46,40
82,75,67
127,114,95
64,56,51
96,90,80
96,88,81
117,109,91
97,94,81
114,107,89
94,88,81
92,83,76
92,90,71
87,78,70
87,77,72
102,91,67
104,92,84
84,80,68
97,94,78
103,89,82
108,97,87
88,79,68
77,67,61
109,98,83
59,49,51
110,103,93
82,77,62
116,109,88
69,62,47
84,76,64
84,80,60
109,101,87
61,53,49
101,92,72
99,91,86
74,71,63
77,69,62
89,81,67
109,101,81
99,92,78
79,72,66
108,98,84
105,87,84
95,87,82
84,78,68
97,89,70
68,61,47
108,100,73
72,61,53
119,112,87
63,56,52
80,70,57
104,93,71
110,103,85
85,77,68
87,78,81
69,61,49
116,108,89
80,73,61
99,89,81
109,96,82
102,95,80
96,89,83
93,80,75
95,87,76
113,103,89
102,90,78
80,76,65
122,109,94
77,64,63
94,88,74
87,80,67
107,97,85
113,106,90
86,77,69
79,70,70
95,87,65
82,72,65
109,100,87
161,152,121
64,60,51
134,128,102
78,70,62
85,80,64
92,85,78
103,95,83
98,93,80
90,84,75
70,65,65
60,54,45
86,77,66
79,74,63
103,95,85
96,84,76
103,87,79
75,64,60
77,70,63
111,99,87
80,73,53
70,63,59
79,76,66
86,78,71
98,92,68
95,86,81
98,86,80
108,101,87
84,74,67
101,92,77
86,78,64
127,115,96
111,106,89
121,110,90
86,74,68
82,77,62
100,95,80
83,78,70
120,107,100
99,88,80
94,86,80
72,63,57
108,98,88
97,88,84
67,60,54
105,96,77
86,80,70
82,74,65
93,85,70
97,89,71
101,92,81
91,86,66
109,102,82
102,90,75
108,96,83
105,96,84
107,98,89
97,93,82
109,98,88
90,81,79
80,72,66
82,74,67
46,41,38
85,77,68
71,65,54
83,76,71
107,96,84
114,108,87
77,67,57
77,68,61
72,64,60
78,68,69
83,77,65
115,105,84
94,82,69
89,81,70
74,67,53
91,81,72
89,78,73
72,64,60
72,67,54
85,72,67
124,115,95
88,82,72
98,87,74
86,77,63
118,108,93
90,84,73
133,122,95
133,120,96
111,99,84
70,66,55
87,79,72
76,71,64
74,67,63
84,78,65
94,84,68
78,70,53
97,89,62
92,84,72
125,115,93
93,87,75
130,121,92
91,79,69
92,78,71
86,79,73
79,68,69
85,80,72
94,84,72
79,70,66
81,73,73
122,112,85
85,80,72
92,86,79
103,94,83
98,89,65
95,88,74
110,104,89
78,70,70
75,66,63
79,71,65
109,100,88
89,78,75
98,81,66
93,87,75
95,88,78
52,47,41
90,87,70
76,71,58
83,78,71
104,99,88
95,88,79
87,75,65
96,87,71
69,63,54
90,80,78
103,96,83
91,83,69
99,96,79
97,86,79
95,86,75
81,73,67
75,63,59
113,104,90
104,97,83
79,69,65
105,94,82
114,105,91
134,121,100
103,97,74
89,78,67
74,65,57
67,61,49
76,71,63
112,104,78
98,97,71
78,76,62
121,111,108
91,83,74
108,99,84
130,119,103
111,99,81
74,66,55
132,124,92
89,82,73
95,86,72
83,72,66
87,79,73
94,84,80
91,82,68
101,90,76
97,93,76
82,74,67
73,65,56
80,69,65
100,93,76
87,79,67
105,93,82
83,73,65
103,93,77
108,95,78
69,63,54
76,71,60
104,90,82
81,75,57
82,75,64
86,76,68
95,88,69
116,109,92
121,110,97
84,73,65
59,55,51
58,52,48
84,78,72
99,89,78
60,57,49
68,64,52
101,96,80
81,71,66
79,74,61
103,94,85
99,93,73
75,64,61
80,77,68
54,49,43
89,84,67
91,78,82
105,94,76
77,67,60
90,83,76
109,98,81
88,80,77
101,93,85
115,108,92
63,57,46
107,100,81
102,100,82
87,77,75
105,96,76
62,52,48
87,80,68
104,94,90
91,82,69
89,82,72
117,108,86
128,119,94
101,91,81
99,91,76
90,82,74
118,106,87
82,75,71
74,66,58
101,95,82
79,71,65
107,100,88
105,96,80
105,96,90
109,101,84
85,80,71
108,99,88
59,52,49
92,83,74
93,82,72
102,88,79
72,61,60
67,61,50
103,89,86
72,63,59
92,87,77
91,83,71
90,82,74
74,63,64
102,93,84
70,66,58
98,91,76
93,82,70
76,71,64
68,58,51
94,87,65
103,96,78
106,101,87
114,105,88
92,84,67
103,99,82
92,81,72
69,59,54
106,98,86
85,71,65
74,65,64
77,69,62
70,62,55
119,110,91
116,106,84
111,100,88
77,68,68
84,76,67
96,85,74
69,61,60
82,78,63
134,122,101
63,59,54
70,61,61
85,77,77
110,100,86
106,97,79
109,100,87
79,75,60
96,81,74
101,96,78
98,90,74
103,88,88
113,102,89
104,93,83
71,63,65
78,72,68
127,117,103
119,111,93
96,86,67
99,89,79
88,81,73
105,92,80
84,74,66
115,107,98
108,97,84
111,103,88
88,81,77
89,79,70
103,96,70
95,81,78
77,70,62
103,95,85
108,103,83
108,98,75
85,71,67
89,82,82
114,104,86
110,101,87
81,72,62
90,80,68
102,92,79
93,84,73
100,86,84
108,99,88
80,75,60
95,89,76
84,75,70
107,91,80
83,71,72
84,79,71
100,90,80
95,86,81
116,102,86
87,75,70
71,60,54
71,62,59
118,114,99
121,115,98
109,100,94
79,71,60
91,85,71
113,103,91
100,90,82
97,91,72
94,84,71
86,76,68
71,60,57
80,72,69
72,61,56
74,67,62
96,86,67
90,77,76
68,65,50
107,97,85
86,79,68
88,83,72
92,86,69
101,90,75
108,99,86
87,82,68
101,94,74
120,109,88
67,60,59
91,83,73
115,102,84
101,93,80
110,102,89
94,86,80
82,73,65
104,92,75
88,82,66
91,85,69
90,83,64
81,76,64
74,62,61
57,55,46
70,66,57
88,80,64
104,91,79
97,90,71
86,76,72
100,91,77
78,71,59
86,80,68
72,65,63
116,105,87
106,97,85
91,90,71
84,75,65
86,77,74
78,68,64
88,81,62
85,81,68
77,71,55
91,77,71
77,70,59
50,46,41
92,82,69
93,85,75
85,80,66
70,59,54
105,94,79
68,65,54
104,92,79
85,77,71
108,98,85
112,107,83
122,116,90
101,91,79
88,77,74
101,93,83
128,123,97
104,97,79
92,82,72
102,93,77
77,71,67
109,102,78
81,74,58
56,47,50
107,100,87
106,95,80
89,84,74
94,90,68
124,110,96
65,62,47
56,53,43
94,81,69
99,87,77
90,82,69
98,93,76
101,95,77
108,100,89
82,77,66
76,62,59
59,54,45
100,90,86
94,80,69
77,69,62
91,82,76
76,68,62
93,85,71
94,83,74
81,69,62
81,69,67
77,73,54
104,90,77
86,78,69
57,53,49
91,81,72
64,57,54
106,95,77
95,87,77
80,74,67
94,78,77
107,98,80
98,91,80
98,89,75
87,78,66
85,75,74
94,85,70
95,85,77
99,90,78
83,75,68
117,107,92
76,71,60
102,92,77
138,121,111
86,76,74
73,68,60
90,83,67
104,96,86
91,84,79
101,92,80
80,73,63
72,68,54
101,94,69
103,97,84
100,91,80
85,79,63
136,124,93
94,87,67
82,72,69
128,116,88
105,92,81
77,65,64
68,63,49
69,62,53
95,87,78
96,86,71
82,70,66
82,71,67
89,82,73
75,67,57
89,81,71
94,90,72
97,92,73
73,71,60
99,90,79
74,68,63
73,64,55
121,115,89
93,86,73
94,85,82
102,94,84
92,78,72
129,120,96
78,67,62
107,102,84
84,75,66
95,88,72
98,89,81
63,50,53
79,69,65
71,58,58
89,78,73
82,75,64
100,94,80
90,79,69
115,103,86
90,81,67
77,69,62
113,105,83
80,74,68
108,100,80
85,81,62
127,118,96
85,81,70
59,57,50
69,60,56
117,103,94
110,104,80
76,68,59
95,89,81
73,64,64
93,86,73
99,89,87
99,92,73
76,68,68
95,83,69
74,66,60
80,70,68
84,71,66
108,102,89
95,89,77
74,70,58
116,107,92
62,57,45
96,89,81
87,79,71
95,89,71
103,98,78
76,71,56
81,75,63
85,79,70
92,85,75
109,99,86
93,82,69
98,87,73
111,101,79
75,73,60
83,71,62
79,72,68
84,78,68
81,74,60
72,65,54
53,51,50
72,65,54
91,82,66
90,79,74
80,72,69
75,68,68
101,92,74
86,79,67
93,84,80
78,70,61
86,78,65
95,88,79
95,83,81
90,85,70
119,107,91
120,111,95
76,70,64
105,97,77
80,74,68
108,97,77
61,54,50
122,116,99
108,103,80
64,58,53
126,118,98
76,70,55
113,108,87
81,77,68
109,99,89
75,64,54
99,88,73
111,97,80
106,97,88
100,88,81
90,79,73
106,97,81
78,71,59
106,98,82
85,79,71
83,72,69
66,59,58
64,59,55
114,107,91
88,84,69
123,109,97
87,76,73
83,71,65
66,51,56
74,68,62
114,101,92
94,86,82
87,77,66
128,119,92
71,64,58
88,76,74
85,72,69
99,87,77
87,81,72
93,81,73
112,99,81
84,78,72
65,55,51
101,92,67
81,72,67
83,73,67
92,81,75
69,62,61
89,82,72
114,105,98
105,98,77
94,85,75
110,102,85
72,68,56
79,73,61
76,67,59
112,102,91
74,69,60
108,100,82
86,82,68
113,100,87
69,64,46
127,117,107
102,93,78
83,76,66
65,55,50
95,87,71
81,78,62
95,89,81
85,81,72
117,106,92
82,75,64
106,100,84
100,90,66
69,61,59
73,63,54
97,90,72
99,83,80
119,111,95
91,87,69
88,81,73
108,102,77
94,88,73
90,83,76
86,77,59
71,61,54
84,75,70
128,118,99
114,103,91
104,95,84
97,85,78
42,36,37
68,61,57
98,95,78
86,76,68
105,99,71
68,62,62
94,85,63
81,71,64
72,65,59
87,76,68
101,89,79
95,88,77
94,83,67
62,53,52
111,100,78
106,99,84
100,94,76
76,68,69
103,96,84
95,91,69
104,96,79
105,94,72
88,79,77
110,103,87
89,73,74
110,99,89
54,47,49
126,121,100
79,74,61
96,88,72
89,87,70
81,74,66
117,105,89
103,94,78
96,87,73
76,69,62
92,84,79
93,88,74
102,93,85
62,56,50
82,77,72
92,85,66
74,67,57
95,84,76
89,81,69
120,114,96
62,52,49
88,79,73
105,96,92
84,78,68
79,71,70
77,73,61
78,69,66
135,122,98
107,101,84
101,93,79
123,110,90
117,104,97
129,119,103
128,118,98
121,112,92
115,110,91
93,80,73
94,83,75
131,125,95
76,68,61
53,49,46
91,77,74
94,87,66
111,105,87
97,87,81
72,65,49
105,95,82
77,66,66
114,99,83
85,77,63
136,130,103
94,83,79
115,108,88
79,69,64
84,74,66
98,92,68
114,109,84
84,74,63
97,86,73
51,50,42
69,63,57
89,81,69
93,80,69
87,80,64
105,94,75
84,71,68
83,78,70
108,92,85
101,89,83
85,78,77
81,72,68
105,95,79
106,99,83
104,96,83
124,111,101
113,107,81
128,121,103
79,69,61
87,84,68
96,87,78
74,65,66
104,97,84
77,70,58
112,104,83
74,68,60
78,74,68
80,70,69
118,106,94
96,89,84
105,99,74
93,85,79
101,91,79
115,107,88
76,69,63
124,112,95
91,77,76
123,117,96
83,73,61
67,59,53
111,105,90
84,77,63
125,120,94
96,85,76
102,92,82
115,104,92
69,60,55
109,97,73
92,82,68
95,87,77
66,56,46
100,96,82
104,97,73
79,68,67
100,91,75
97,88,77
87,82,67
62,51,45
79,76,68
72,62,59
106,99,75
69,61,54
112,105,89
122,114,93
112,102,81
90,81,74
69,58,53
85,77,65
112,100,85
81,71,68
85,77,72
90,80,64
82,72,71
95,88,71
65,62,59
72,67,56
101,92,76
90,87,65
91,85,71
70,64,54
82,70,67
113,100,85
83,71,67
89,76,63
85,79,71
91,84,72
77,68,58
94,86,66
121,106,99
127,121,105
92,83,79
101,91,77
85,80,66
110,101,81
107,98,81
70,66,59
111,103,82
136,127,102
114,104,90
97,88,80
86,78,71
112,103,83
61,55,53
108,101,87
92,81,69
101,93,73
67,58,57
87,80,67
75,68,63
81,76,64
52,46,40
95,86,82
69,62,54
84,76,68
90,81,74
80,71,56
88,83,70
70,63,55
94,92,80
90,82,76
107,101,78
88,80,76
89,80,74
63,58,54
106,99,82
98,90,79
101,96,83
89,79,76
94,81,87
79,73,66
90,84,66
74,63,62
94,82,76
92,84,76
106,98,87
84,74,62
104,95,80
80,74,61
113,105,93
71,68,61
108,103,84
126,117,90
77,69,61
109,103,86
73,62,58
103,94,82
80,75,63
130,120,88
104,85,86
73,68,61
53,47,46
57,50,50
74,70,57
76,73,60
79,73,59
105,93,86
84,77,69
97,94,72
97,83,81
125,119,94
109,101,94
46,36,41
98,89,85
106,102,76
67,61,52
75,66,61
82,77,66
101,95,75
81,78,66
79,71,59
115,108,84
84,74,67
66,57,56
92,81,73
92,86,74
68,62,58
96,82,75
98,92,77
78,66,61
86,75,67
64,57,55
87,82,71
127,118,101
95,89,80
77,62,61
94,87,71
87,77,69
91,83,68
112,101,93
72,64,49
64,54,51
79,73,57
105,95,82
116,106,86
83,77,68
101,94,80
108,100,79
101,95,79
93,86,79
97,90,75
85,74,69
100,87,78
106,97,84
108,95,84
75,67,65
93,87,67
157,144,120
58,50,52
98,91,75
86,83,72
115,108,87
77,69,66
122,113,97
74,66,61
91,79,71
72,67,58
82,75,64
87,82,71
123,116,98
127,119,94
103,99,80
72,61,59
83,67,61
109,99,89
126,117,100
79,69,69
74,66,55
72,68,57
56,51,48
74,70,60
90,83,80
57,51,48
85,80,68
79,73,71
62,57,54
84,77,68
72,59,63
78,74,60
83,76,63
82,76,67
66,57,50
78,72,71
124,113,92
106,102,78
112,103,88
83,75,67
107,100,87
77,69,69
82,77,68
103,97,76
78,70,68
82,71,56
91,85,71
104,91,82
98,91,78
102,97,90
97,88,78
82,74,67
86,80,71
57,54,50
110,101,89
101,90,78
108,95,79
78,71,63
89,78,71
85,79,67
99,92,77
92,84,74
124,111,97
75,68,65
106,99,78
103,93,80
128,120,101
105,93,82
80,75,61
86,81,68
72,68,58
129,121,97
94,88,69
109,99,77
70,63,54
105,92,84
83,76,67
73,66,61
89,83,74
89,82,77
84,72,63
121,113,81
97,90,79
92,82,78
92,85,72
69,61,57
56,52,44
109,97,82
91,82,74
90,79,75
94,87,64
64,55,50
81,72,65
106,92,73
105,99,82
99,91,78
74,68,58
98,88,77
87,78,72
116,109,91
104,99,83
148,136,112
85,78,74
75,68,63
122,112,88
97,94,70
108,105,79
94,88,76
139,134,108
94,85,72
88,79,68
116,104,87
79,72,66
98,94,77
99,89,80
104,96,86
77,71,58
115,107,91
102,90,77
68,60,58
82,75,62
89,83,71
89,83,73
108,101,89
79,71,68
76,70,56
86,80,65
62,60,55
72,65,53
91,80,75
66,61,54
92,81,62
76,70,60
76,65,57
92,84,77
75,63,51
94,84,74
125,113,93
91,83,75
90,83,75
83,81,67
62,56,49
99,88,78
121,116,92
114,105,90
110,104,87
112,105,91
98,85,78
96,84,69
92,89,78
81,75,58
122,114,99
71,63,60
82,78,63
110,99,88
118,109,90
81,76,66
103,94,82
89,77,75
106,95,83
72,69,54
113,105,92
93,83,77
119,104,90
125,117,97
94,92,76
101,91,72
86,78,63
114,107,94
58,50,42
89,80,66
123,115,91
94,82,68
104,95,84
96,89,79
92,90,82
102,95,79
95,90,74
85,81,68
106,93,88
81,75,70
104,93,79
101,92,80
91,83,64
78,70,66
95,81,74
83,79,63
105,96,82
66,57,52
109,99,87
94,90,70
110,96,82
129,118,92
94,81,82
59,51,46
129,116,101
106,100,85
88,82,74
111,100,89
81,75,68
61,52,52
93,83,72
102,97,79
84,72,70
120,107,94
86,83,69
90,83,66
132,118,93
122,113,95
102,98,79
81,74,60
98,90,82
113,104,94
90,82,70
91,81,71
73,64,54
87,78,70
99,90,79
94,82,77
69,61,56
78,72,66
78,66,67
111,104,92
54,49,42
77,70,62
115,110,87
107,99,84
55,48,45
94,88,70
91,80,69
95,89,67
70,61,57
104,94,84
110,104,87
79,70,62
75,72,57
111,105,83
83,79,69
119,110,91
108,96,77
102,90,76
91,78,69
96,92,82
80,72,64
87,79,63
72,67,56
104,90,80
81,71,64
121,113,94
108,99,78
70,65,63
88,78,71
68,58,51
89,81,71
76,68,62
95,87,83
95,84,75
93,85,74
74,71,69
139,130,102
98,93,80
76,71,61
102,94,78
87,79,68
69,59,58
122,117,93
67,64,53
127,118,98
93,85,75
80,75,68
120,114,90
108,99,84
70,62,50
101,92,81
79,62,69
87,79,74
102,96,76
89,78,76
90,81,76
81,77,65
95,86,69
102,98,86
113,104,86
96,85,80
99,88,74
64,54,51
110,101,92
69,66,54
55,49,47
94,86,81
97,91,78
95,87,80
104,95,72
88,84,69
98,86,77
125,114,94
100,86,75
92,88,69
97,90,75
65,55,49
115,110,92
80,69,64
106,95,85
77,67,62
119,109,92
87,81,73
106,101,87
91,81,70
81,69,67
105,98,79
111,104,87
109,102,79
90,84,76
162,149,129
123,118,95
97,87,70
72,66,59
94,86,67
123,116,94
86,71,76
87,77,69
85,77,67
77,74,54
132,117,89
95,83,70
76,68,60
99,89,79
93,81,75
94,86,71
110,104,85
98,88,78
83,72,64
89,81,71
125,117,93
123,118,105
118,107,87
74,64,63
85,76,71
160,147,119
80,78,64
117,109,97
115,109,94
110,102,87
114,104,87
85,74,63
99,86,77
76,71,52
104,90,79
74,66,56
57,50,44
79,71,57
97,88,77
68,63,57
99,89,71
87,78,73
92,87,72
51,44,42
93,82,71
87,79,76
95,87,71
68,61,51
118,111,94
111,104,86
90,82,61
86,79,61
91,77,71
80,74,62
97,91,75
93,86,83
80,68,71
132,115,104
69,63,55
71,67,59
128,118,98
96,86,74
91,80,72
121,110,99
80,75,72
84,74,73
100,96,77
92,86,76
120,105,94
99,88,76
76,63,58
90,83,75
73,65,56
69,66,60
69,65,50
95,87,76
112,107,86
95,93,75
79,72,54
90,81,72
88,79,68
64,62,47
82,69,64
120,109,93
105,99,79
93,87,75
87,78,61
96,92,73
106,100,85
80,73,66
81,70,70
91,80,73
67,59,56
71,64,56
65,58,53
100,92,77
109,102,87
113,105,84
107,100,86
104,93,79
71,57,62
86,76,69
94,84,78
90,85,74
82,73,68
90,84,75
90,80,72
105,95,82
68,60,53
84,78,61
78,69,69
99,91,70
78,67,59
94,84,72
95,86,71
63,56,40
97,89,78
78,70,65
85,77,66
97,86,79
103,96,76
93,81,71
112,103,79
72,63,53
139,129,87
81,71,65
118,110,90
109,99,83
72,65,60
94,87,71
101,89,92
105,95,76
73,64,60
105,97,87
86,81,67
88,80,69
89,81,68
100,91,75
85,76,68
108,98,85
97,88,75
80,70,72
78,70,56
78,71,66
95,86,75
115,105,89
74,62,54
91,83,72
66,56,51
88,80,71
124,110,91
89,84,69
82,73,70
100,92,82
85,81,65
93,83,76
98,94,73
95,83,73
73,64,61
74,66,61
84,78,68
92,88,71
106,100,83
71,65,57
78,69,55
108,96,81
108,106,84
84,73,50
86,82,69
69,63,52
113,105,87
86,75,67
115,108,85
90,84,70
97,87,79
102,90,85
83,76,71
81,70,70
92,80,71
124,119,96
88,81,76
93,84,78
107,95,81
95,89,69
91,84,68
92,88,71
91,79,69
93,87,78
73,66,62
81,71,63
75,69,63
65,58,55
72,66,63
82,76,70
121,110,96
91,78,67
97,90,82
92,87,72
118,106,88
97,88,73
106,93,88
107,92,88
120,110,85
125,118,101
126,114,102
94,87,68
113,103,90
92,83,80
83,76,67
107,99,78
103,96,84
88,80,79
108,102,90
82,73,70
74,65,57
128,121,97
84,78,67
82,74,60
90,82,72
79,73,66
116,103,90
85,79,65
89,80,76
96,88,67
70,61,58
73,69,65
98,90,71
59,54,48
114,103,94
121,114,87
85,79,59
104,98,86
84,71,67
89,85,69
82,76,67
103,96,85
106,94,77
90,78,76
80,70,62
91,75,72
69,62,54
101,93,84
117,106,81
80,73,66
103,94,81
78,70,67
82,73,63
86,77,64
87,81,68
134,120,104
78,70,60
110,99,84
94,83,71
64,59,49
114,103,93
89,84,70
102,93,77
97,91,78
81,74,65
101,95,75
94,83,76
116,105,94
76,65,55
70,59,51
73,68,65
97,82,70
64,56,56
62,53,58
88,79,72
118,109,94
63,57,49
83,75,68
81,73,67
72,67,61
97,88,82
102,93,79
69,62,52
102,91,79
102,98,78
78,70,61
89,83,70
53,43,45
102,89,87
92,82,67
95,84,70
140,130,104
102,90,77
85,76,71
102,91,78
82,74,70
132,117,94
108,99,79
128,117,89
93,82,71
79,72,64
70,63,59
96,82,78
75,66,56
97,89,80
136,128,107
91,86,73
75,69,63
94,87,79
66,59,54
110,102,83
80,72,64
99,87,78
82,78,68
102,90,76
116,100,93
110,102,85
97,89,85
102,91,81
69,61,56
113,105,87
66,58,58
95,88,83
70,58,57
74,63,55
79,75,67
106,101,81
145,135,109
99,90,79
112,104,84
111,98,84
51,41,42
102,89,79
114,103,86
77,68,65
58,48,51
89,83,65
81,72,69
78,68,60
81,73,63
96,87,78
73,66,63
104,94,81
81,70,64
97,91,77
134,124,100
71,62,55
95,86,78
118,111,87
90,80,68
96,88,74
101,97,75
110,103,90
102,89,78
86,79,75
98,91,86
94,78,73
79,73,67
130,118,105
80,68,64
110,96,90
75,64,60
44,43,36
92,81,74
89,85,79
106,102,91
98,94,78
79,69,65
94,89,76
90,83,65
57,48,46
81,79,66
81,74,63
94,86,70
99,95,72
84,75,63
95,86,77
119,109,85
85,71,73
84,76,72
107,96,77
87,82,68
75,69,61
57,50,50
81,74,65
92,83,71
88,79,66
97,86,74
99,90,76
95,85,77
102,93,72
94,86,68
95,88,77
87,82,73
88,83,69
76,67,64
109,101,82
85,79,64
75,66,56
102,96,73
106,100,85
71,64,57
72,68,59
80,71,63
106,97,82
87,81,70
97,90,76
73,67,52
118,108,99
85,72,63
85,73,69
74,68,60
98,90,74
87,83,66
98,88,73
89,82,72
110,105,81
99,85,83
114,101,85
138,129,100
118,104,88
79,71,64
85,77,56
122,115,96
113,103,86
100,94,73
123,118,94
71,65,58
77,71,67
131,123,94
78,70,64
93,87,67
74,65,60
72,66,51
77,69,65
100,95,76
74,69,60
87,74,73
74,68,59
75,61,56
103,93,83
108,103,95
74,69,60
95,89,77
113,108,89
105,95,79
61,58,52
60,51,49
77,70,68
77,72,55
104,91,82
123,113,87
87,80,72
73,70,62
80,75,65
98,91,71
73,67,59
113,108,94
101,95,87
91,85,76
84,77,60
79,76,68
60,56,49
111,97,96
64,61,50
111,109,83
65,56,51
142,131,113
96,85,72
73,69,53
86,75,70
100,95,81
123,120,98
79,69,64
93,79,80
95,90,73
74,69,57
97,87,81
85,75,67
78,75,61
72,63,57
86,80,68
121,113,90
74,66,56
68,65,53
81,74,62
90,81,68
75,67,66
74,65,63
81,74,65
74,66,66
72,63,56
94,82,75
148,136,114
71,65,58
77,70,65
115,102,99
88,75,73
109,100,75
61,54,48
104,99,83
52,45,43
93,83,72
78,70,61
97,88,76
90,81,77
89,81,73
91,82,77
67,56,52
117,106,85
119,109,103
105,95,84
68,60,55
84,75,60
72,64,59
129,120,101
96,87,79
101,85,80
104,96,80
84,74,66
94,82,76
112,106,85
104,99,71
73,65,50
58,53,49
83,76,65
107,100,91
86,76,73
76,69,61
100,91,80
74,62,58
91,84,70
107,94,76
97,91,76
75,69,60
83,74,66
83,82,66
79,69,69
108,95,80
93,90,71
89,83,77
88,84,67
94,83,77
95,86,77
74,64,63
93,81,81
93,90,77
53,49,44
84,76,62
87,77,70
91,82,68
74,72,62
92,85,74
88,81,67
80,73,63
102,93,84
106,99,82
99,89,79
97,84,76
87,76,75
61,53,51
99,92,72
132,121,102
97,84,79
106,98,85
110,98,86
106,101,83
93,86,76
100,98,80
102,90,89
88,80,73
112,106,87
105,97,83
91,85,74
131,114,97
103,92,79
79,71,67
110,102,84
80,69,62
79,75,61
127,125,99
95,85,70
76,65,57
113,99,86
94,88,80
94,88,78
81,68,66
109,99,84
100,90,76
74,65,58
114,103,86
100,90,83
88,79,72
86,82,66
66,59,52
69,63,60
87,79,72
87,78,69
85,76,71
87,78,64
112,101,85
79,74,65
95,87,68
91,86,65
94,84,73
102,94,81
135,120,112
74,60,53
92,84,70
104,89,78
62,59,53
95,86,76
119,108,97
94,85,68
105,98,87
95,79,71
102,91,81
109,100,91
104,94,72
84,75,73
78,70,47
122,109,90
106,94,81
106,97,88
102,95,70
101,95,73
112,102,90
71,62,58
99,92,72
112,105,92
119,105,93
94,87,72
121,112,89
64,59,57
109,100,84
109,96,94
79,73,60
140,125,105
104,97,83
96,86,78
110,96,81
77,73,57
106,101,86
74,67,59
75,70,63
119,108,94
76,71,66
103,97,78
94,87,71
82,77,59
70,65,55
92,84,69
106,102,81
99,86,80
71,60,56
72,70,63
105,92,81
100,85,81
119,108,90
94,85,76
113,106,84
78,75,58
96,88,79
68,58,50
71,68,61
92,86,80
100,95,78
64,55,49
90,83,72
104,97,88
81,75,63
63,58,48
101,90,73
99,96,80
96,86,70
81,76,61
90,80,74
84,74,67
93,86,74
110,98,83
143,133,112
98,88,82
100,95,78
103,95,85
84,80,71
93,84,70
128,120,93
87,79,78
90,84,68
95,90,79
80,72,63
65,60,51
83,77,73
84,79,67
54,48,44
82,80,67
79,75,67
90,82,66
103,94,82
48,41,39
119,110,85
97,88,81
105,96,84
117,106,94
104,95,84
84,76,66
77,68,61
123,113,92
67,59,54
91,83,73
96,82,70
77,71,64
117,102,92
122,109,98
87,77,70
60,52,52
65,56,49
79,71,59
111,96,84
96,90,71
89,76,68
115,104,93
94,85,79
82,75,60
83,75,72
82,69,68
102,95,80
71,67,61
78,72,70
79,73,65
87,78,64
92,86,78
84,74,65
132,123,107
66,62,58
76,66,65
77,71,60
97,93,80
107,96,82
98,88,74
98,90,75
102,91,78
109,103,90
76,70,57
118,108,93
74,68,64
88,80,69
80,75,63
89,82,66
99,92,76
99,92,80
85,77,65
84,79,70
104,97,84
92,85,69
75,65,54
71,66,52
111,105,83
69,66,63
81,77,64
86,75,71
95,86,79
75,66,60
92,82,72
84,76,69
119,106,83
94,86,75
117,109,91
78,68,59
70,63,58
95,85,83
114,100,77
70,61,50
