124,218,206,154,67,85,78,66
97,201,185,136,79,133,125,99
166,325,309,224,73,94,82,73
130,337,319,245,89,109,93,86
186,373,354,257,73,90,80,74
95,157,147,115,81,120,113,77
178,332,308,250,79,84,81,71
132,263,252,183,107,117,107,86
181,400,380,281,79,95,88,70
152,314,298,229,80,121,116,94
165,412,398,307,90,117,103,84
112,197,183,139,91,129,119,99
158,284,272,207,76,94,80,75
128,297,288,216,76,107,97,75
149,281,266,200,67,95,87,83
186,464,450,312,102,114,106,86
214,473,451,346,94,120,107,95
194,366,343,243,93,127,118,93
157,271,250,174,88,143,134,106
217,519,503,371,56,77,71,65
139,257,246,199,75,103,91,79
167,344,321,225,83,93,84,74
112,206,194,146,82,102,94,85
188,414,396,277,78,97,84,75
188,380,364,281,68,105,95,83
151,324,310,230,80,109,96,93
151,271,252,202,90,131,121,97
138,241,225,174,79,100,97,64
142,303,280,201,68,87,83,69
159,324,304,228,78,102,97,83
119,264,250,188,50,64,57,51
156,324,306,220,80,96,87,82
164,335,312,214,88,124,111,90
195,410,390,296,76,83,73,68
161,323,311,227,70,70,63,55
146,275,264,195,72,94,83,72
119,226,210,155,83,115,106,95
142,274,263,190,75,104,96,83
178,400,373,259,64,94,86,71
129,282,271,183,80,118,111,92
174,314,299,223,78,97,87,78
154,288,272,210,63,82,76,65
175,375,346,242,84,97,89,78
169,369,347,246,82,128,119,96
139,272,256,197,83,109,99,83
141,306,298,209,101,146,134,109
73,116,110,89,88,110,95,87
177,392,373,250,72,115,104,87
131,279,264,198,93,132,118,95
129,248,233,195,90,123,114,96
144,245,223,153,82,103,90,82
143,273,259,195,82,97,87,76
140,264,249,163,82,122,114,89
195,358,330,237,68,87,76,65
158,302,284,184,74,85,78,72
156,324,311,219,76,113,105,88
115,221,211,132,96,118,113,90
212,465,435,327,92,143,130,116
172,400,378,268,94,111,102,80
94,155,146,96,77,102,94,79
133,253,234,166,93,115,104,91
176,353,327,223,93,141,134,106
97,170,161,119,82,95,92,71
177,365,350,253,59,67,62,55
141,296,277,190,73,74,66,61
174,352,342,213,96,128,112,98
161,400,381,294,77,117,105,86
216,426,401,325,88,103,88,77
210,507,487,350,74,91,80,74
133,257,245,181,80,134,125,111
203,458,443,331,72,65,61,55
185,370,348,238,76,101,89,71
155,328,315,225,89,110,100,93
151,328,313,223,87,114,102,86
179,348,324,222,66,99,94,81
182,356,333,219,67,68,56,51
207,428,412,310,93,159,152,109
151,303,286,228,85,113,105,87
190,444,414,311,63,80,76,60
148,290,264,188,75,80,74,60
160,364,348,247,56,79,73,62
188,478,454,342,67,99,89,73
116,229,215,173,78,96,86,75
170,404,385,274,84,124,118,98
146,271,255,209,83,99,90,77
129,231,213,162,73,79,71,64
195,460,436,336,92,131,124,99
203,393,372,280,73,93,87,65
208,512,480,349,73,96,92,84
200,431,408,313,82,127,113,90
152,274,256,184,103,168,148,113
126,252,232,159,102,142,127,110
162,343,320,214,52,61,56,50
175,379,367,261,78,83,72,68
141,259,243,189,79,120,107,90
186,412,393,286,80,100,94,80
169,342,323,235,78,91,83,67
126,210,195,152,85,94,84,77
152,296,282,213,74,83,73,74
150,277,260,190,70,80,70,56
130,264,249,177,68,76,67,63
139,248,232,159,77,122,116,98
160,342,322,219,101,121,108,97
152,252,236,184,69,94,88,80
170,341,317,225,78,94,86,77
179,297,277,208,87,107,98,88
170,326,310,223,71,83,73,64
179,345,323,235,84,115,107,98
146,321,307,220,66,93,84,61
180,343,323,245,69,91,85,72
178,374,354,226,70,98,90,66
163,290,275,173,70,89,81,66
133,286,280,186,83,109,100,79
105,218,210,165,85,95,84,73
129,234,213,150,86,131,120,106
185,406,378,267,78,104,89,74
159,364,348,269,39,60,56,50
124,219,207,140,77,110,103,84
127,238,221,161,72,82,75,69
174,299,280,210,87,139,133,98
119,257,236,181,63,83,77,68
189,338,310,245,64,78,72,67
200,381,364,268,68,79,72,63
164,352,332,249,78,109,95,86
244,473,448,347,80,106,93,89
216,404,376,285,62,81,74,69
157,377,357,262,85,122,114,92
205,448,427,325,88,120,110,95
174,394,378,289,76,115,109,83
179,350,324,231,72,93,87,71
163,294,273,205,82,119,112,88
132,217,194,148,99,124,113,102
151,270,255,198,79,88,81,67
160,355,333,258,80,100,94,78
169,302,282,192,73,102,94,82
95,151,139,111,80,93,85,71
156,323,305,225,78,96,91,76
152,299,285,209,62,98,91,74
127,276,254,177,77,136,129,98
239,482,459,336,87,117,104,92
120,240,224,158,64,72,65,57
143,305,291,219,72,98,89,75
202,381,359,287,87,128,117,97
154,319,306,224,80,114,108,94
135,292,278,217,78,110,103,94
157,329,310,227,88,114,102,87
123,234,220,161,63,85,76,68
183,416,396,304,65,77,67,66
94,172,161,127,76,123,113,85
119,252,238,177,68,87,80,66
238,487,456,334,75,107,92,76
148,281,262,191,95,128,117,105
206,498,478,365,70,102,97,85
130,266,245,181,79,84,79,63
172,333,320,240,66,67,58,58
231,501,466,335,80,100,91,71
157,291,281,205,89,107,101,71
176,374,359,266,62,80,75,72
198,370,350,255,64,89,82,66
162,300,282,207,81,119,108,86
118,250,239,175,65,89,84,64
151,319,303,239,64,97,92,82
179,398,384,279,106,168,153,118
104,171,154,118,86,113,106,90
173,401,383,295,78,107,98,84
149,265,253,177,76,101,88,87
158,306,290,207,80,98,88,82
173,310,292,218,80,109,98,88
138,240,222,155,73,83,74,66
134,259,238,169,69,81,73,67
150,299,276,203,76,113,104,88
210,434,411,319,65,88,77,71
114,190,175,149,71,94,83,67
71,107,99,73,77,95,86,66
167,323,302,223,70,87,81,69
213,439,412,299,58,63,56,46
142,311,297,218,84,116,109,89
139,247,236,168,89,105,99,82
156,350,327,238,86,117,107,87
190,375,356,280,84,101,90,86
150,371,353,261,71,77,63,63
145,353,331,245,63,81,76,59
190,418,392,271,86,103,91,73
157,306,288,190,63,70,67,61
128,219,204,147,75,102,99,72
170,331,317,237,61,65,60,50
157,360,343,259,79,108,96,69
141,255,243,175,67,77,69,59
188,377,356,255,66,91,83,76
160,277,258,188,78,108,94,89
168,353,326,254,89,147,142,119
141,287,266,201,87,147,134,123
189,338,324,220,88,126,117,106
173,328,309,202,78,103,97,85
115,159,143,134,70,99,91,79
179,387,371,273,70,102,99,76
200,433,410,289,73,101,98,77
131,276,267,191,95,136,122,102
198,422,400,315,89,116,109,76
157,273,255,177,62,78,76,61
197,356,325,237,66,71,61,61
150,295,271,197,73,109,100,91
191,382,362,268,68,106,102,94
125,274,256,151,93,121,113,90
174,354,332,246,94,149,136,112
124,230,213,163,64,84,79,61
184,379,365,286,66,77,68,66
144,254,239,180,95,135,124,104
193,423,403,299,85,120,110,100
130,289,278,210,80,115,106,82
124,203,189,153,76,110,103,86
176,297,288,230,86,114,103,85
169,320,304,219,92,140,128,113
183,381,358,262,58,58,50,45
185,397,372,278,68,78,73,61
144,248,233,182,102,132,118,105
162,332,316,236,87,102,87,81
94,164,155,117,67,87,79,72
154,288,269,190,80,112,101,90
79,153,142,112,80,108,97,84
144,272,254,177,71,114,110,95
137,293,282,202,69,87,81,71
170,307,292,212,75,98,91,75
144,256,242,184,58,81,72,66
168,318,294,214,84,97,90,67
143,276,244,179,64,86,75,60
165,335,318,243,92,120,114,93
140,324,304,215,73,116,109,92
171,371,345,256,67,92,85,75
154,327,310,212,67,90,78,68
174,412,391,281,65,86,80,72
142,360,346,233,74,118,107,81
205,579,555,433,70,97,84,72
109,173,162,128,76,123,113,88
131,301,285,219,70,88,80,68
178,387,371,262,91,110,99,81
141,285,269,162,93,127,120,95
149,216,196,144,74,87,79,65
115,220,203,146,72,99,90,78
144,285,272,215,83,105,94,86
127,203,186,127,81,106,95,80
136,279,260,190,77,125,118,99
132,269,249,173,92,111,99,85
134,293,275,199,63,70,62,50
149,313,291,215,71,87,83,70
158,266,247,181,74,116,108,83
189,391,369,281,83,114,104,92
176,380,356,268,75,100,94,78
168,333,319,244,67,103,94,84
219,511,481,375,75,115,105,83
176,372,355,238,89,115,104,90
196,465,446,333,75,100,94,76
189,432,404,297,82,100,83,74
212,449,429,331,78,131,121,97
200,498,475,355,66,90,82,73
106,173,158,120,62,74,70,54
142,260,242,173,46,59,57,51
137,316,302,217,67,101,95,73
121,244,227,169,80,111,107,84
129,256,237,182,71,95,84,74
105,225,212,165,70,85,82,61
146,277,254,195,60,75,68,61
136,296,270,200,82,107,95,76
146,266,252,187,72,103,93,78
140,254,242,169,83,122,109,98
167,343,327,237,85,96,85,72
161,310,294,236,81,124,114,100
132,294,280,181,85,114,104,85
153,309,291,212,74,106,96,85
190,430,402,316,70,86,78,63
179,343,327,250,85,106,96,88
143,286,270,188,90,137,131,97
168,353,327,269,49,76,70,61
214,516,497,354,84,108,97,85
167,393,378,274,74,111,100,87
164,294,283,215,78,100,89,78
163,294,281,202,60,82,74,61
154,287,275,197,70,102,93,74
165,305,285,198,64,95,90,77
165,359,342,254,84,103,96,79
169,299,286,209,70,83,75,61
171,339,325,231,74,88,81,79
134,288,274,207,91,133,127,106
149,270,253,208,79,119,111,94
166,369,351,251,65,87,79,66
170,348,330,248,73,106,94,82
116,219,208,149,87,109,100,85
139,314,293,205,70,101,91,84
159,339,317,226,89,127,118,91
215,410,388,275,71,81,75,67
107,206,192,138,77,112,103,80
187,341,325,238,72,99,94,80
234,408,382,284,83,128,114,86
155,333,315,234,76,96,87,75
174,350,327,250,71,87,79,62
167,320,305,235,59,62,54,52
141,318,302,214,79,98,89,84
170,333,308,218,75,87,78,68
214,486,457,340,89,131,123,105
138,259,241,178,83,114,106,77
149,255,241,193,71,101,90,79
164,356,341,245,59,71,62,54
153,298,285,215,74,96,86,83
165,327,305,214,71,109,99,88
175,398,372,258,74,96,88,77
108,210,197,150,90,156,147,115
156,295,273,211,63,82,71,63
189,407,386,268,76,90,80,69
220,434,413,305,94,129,116,99
150,310,300,201,102,141,136,108
150,373,349,251,67,86,73,67
209,461,436,301,81,111,101,86
144,336,322,231,75,94,88,70
77,112,97,79,92,115,108,87
222,492,462,345,96,139,131,98
125,197,178,142,86,109,103,89
190,463,433,329,99,139,120,109
142,268,253,197,81,94,89,73
146,243,228,174,70,87,78,66
161,350,332,244,83,114,109,88
170,334,314,228,62,73,66,59
195,449,429,298,78,103,92,85
229,422,397,277,89,128,119,96
133,254,239,169,77,83,77,71
97,133,120,104,76,104,93,82
117,188,168,132,87,118,108,92
173,403,385,313,88,105,95,85
188,440,412,300,75,89,76,72
148,246,223,179,84,104,97,84
174,312,291,210,79,93,86,79
156,249,230,181,48,64,57,57
144,260,246,186,58,83,77,68
167,387,364,266,81,113,104,77
170,379,359,243,82,103,90,81
110,266,249,155,76,94,86,70
165,333,312,226,92,102,92,81
214,416,389,289,85,108,99,73
179,413,397,289,78,110,98,82
155,286,270,208,91,108,99,88
160,315,295,211,59,98,90,71
159,302,284,204,82,109,97,95
222,544,518,381,84,100,88,84
238,498,470,356,79,85,78,55
189,394,367,258,82,107,98,76
223,489,462,312,87,97,89,74
133,280,264,198,91,117,108,91
124,224,209,145,83,88,76,63
186,343,319,265,88,105,99,87
123,196,176,131,93,118,110,94
151,271,262,211,94,138,127,107
164,315,299,218,88,107,102,87
191,415,399,301,81,86,74,64
166,340,318,246,101,126,111,89
151,315,302,203,58,71,68,65
130,258,242,182,70,105,96,79
145,241,223,160,78,92,81,68
220,493,462,348,86,122,112,101
166,317,295,215,84,125,117,90
178,413,388,278,76,103,96,70
174,316,305,219,73,86,79,67
158,329,311,238,64,93,83,68
132,243,234,169,67,93,89,72
157,320,303,227,84,120,110,94
147,316,300,230,91,120,111,87
156,243,226,169,77,111,98,80
194,351,322,223,62,70,63,56
152,327,312,236,78,116,109,89
197,360,339,231,65,81,73,65
152,276,260,195,63,74,65,56
178,379,366,299,91,122,112,103
151,320,303,219,80,93,84,76
102,176,162,128,84,110,101,85
170,331,322,250,66,81,79,64
153,279,258,194,73,79,69,57
191,441,417,282,77,114,105,88
110,233,220,155,78,92,84,64
195,466,436,338,79,101,92,83
125,251,233,170,81,119,112,94
173,342,321,224,96,118,104,87
169,385,365,258,73,86,76,52
170,377,352,256,78,112,107,95
182,385,367,273,76,101,88,82
133,258,245,184,59,81,70,66
96,187,178,140,87,125,116,100
206,460,439,339,62,87,78,69
184,335,317,251,59,78,68,60
158,309,294,207,72,84,74,63
197,363,339,261,68,84,80,64
128,277,258,193,90,106,96,83
193,348,322,230,98,115,102,84
124,235,214,160,79,103,97,83
158,283,265,198,78,124,114,97
177,321,294,204,75,105,94,89
123,239,225,173,81,99,86,79
173,298,280,221,84,124,113,97
207,447,421,310,82,100,83,81
111,222,208,181,56,68,59,57
129,192,174,141,67,100,91,79
151,276,261,197,73,88,78,69
128,281,270,173,59,57,49,48
145,284,261,213,69,77,70,60
161,369,351,258,85,136,132,107
111,203,190,152,75,109,99,84
163,313,296,220,71,90,81,70
195,357,335,246,65,89,82,78
155,377,360,246,63,87,78,67
129,188,179,117,66,74,66,59
109,157,142,116,61,68,64,56
142,248,228,165,58,96,88,75
210,391,370,275,78,107,97,86
149,328,314,236,82,107,100,80
122,225,216,154,65,76,67,62
152,348,325,224,74,91,83,71
117,167,153,128,63,87,85,73
137,280,258,209,77,107,99,79
122,190,175,122,82,100,92,77
133,261,246,183,81,92,85,64
196,465,446,329,61,76,70,63
107,191,184,141,76,104,93,90
139,311,285,190,78,102,98,75
168,292,278,215,85,117,106,79
140,231,212,163,68,82,77,71
140,268,253,182,75,89,81,74
122,206,188,138,74,98,90,74
155,246,219,171,59,61,55,54
163,337,311,235,81,119,107,91
126,210,196,149,59,74,67,57
165,362,346,251,80,98,90,72
198,444,421,313,81,97,92,83
207,432,406,295,79,116,107,95
162,375,353,266,77,100,91,87
182,383,363,238,71,89,78,72
120,269,257,177,73,110,101,88
170,351,331,233,63,77,72,62
162,307,287,224,60,74,68,63
181,344,315,244,80,111,101,92
173,447,422,300,64,72,66,63
122,275,258,184,96,118,105,95
150,269,255,191,89,122,119,99
160,325,306,239,71,86,80,68
236,448,417,286,57,86,81,60
173,361,344,260,88,116,108,84
123,183,163,131,100,130,117,94
159,295,281,221,70,82,76,70
183,377,361,266,70,80,63,70
124,286,267,185,74,94,89,73
182,388,351,284,66,76,63,57
154,293,275,213,59,74,70,65
199,471,451,324,82,106,99,81
155,320,300,222,69,89,83,64
131,289,275,232,78,106,101,86
195,392,367,271,86,115,108,94
190,413,392,281,96,136,123,100
149,285,270,204,115,179,163,138
172,292,275,216,84,112,106,90
163,361,337,252,68,90,83,68
178,351,336,265,87,126,113,83
180,458,443,320,73,90,77,77
90,180,170,131,106,121,105,83
106,150,134,113,75,89,81,71
205,383,357,274,61,81,72,60
141,276,263,207,75,88,80,64
173,336,318,247,86,117,105,102
178,404,380,279,62,68,61,55
142,302,292,218,68,76,70,61
155,282,266,208,70,90,83,77
128,262,246,171,49,60,56,51
236,553,534,398,67,100,96,72
174,378,360,243,68,103,93,86
132,209,198,137,86,91,77,76
98,167,156,126,76,99,89,79
183,329,303,216,80,120,111,95
176,417,386,279,67,80,68,66
160,344,327,230,68,87,82,68
121,241,223,172,74,75,66,62
173,355,336,228,91,108,98,76
168,342,314,219,75,88,79,64
168,367,345,245,70,68,65,49
132,214,200,140,68,92,81,75
143,284,262,161,93,130,118,102
154,406,383,296,98,117,103,92
129,265,254,170,48,59,53,47
158,279,266,206,98,147,135,117
170,322,302,221,66,81,69,69
123,264,248,176,65,81,67,66
172,365,340,252,75,94,85,67
198,393,378,288,88,114,105,88
174,431,407,309,57,68,63,57
151,280,268,188,69,93,85,72
159,324,306,218,91,102,90,81
174,335,317,253,78,96,87,76
204,515,491,403,59,78,69,64
105,187,174,138,73,84,75,61
189,420,402,289,70,88,79,69
146,299,290,211,77,102,95,73
142,301,280,228,52,62,56,53
147,285,273,195,68,105,96,79
149,320,303,206,93,121,106,83
222,490,462,335,90,113,106,89
164,310,286,207,63,86,79,56
180,367,347,243,56,63,58,44
179,354,330,244,68,82,77,64
119,240,218,178,98,126,115,93
201,358,339,265,88,130,114,92
123,231,217,170,90,128,119,102
152,278,268,197,79,92,87,80
161,322,301,220,89,124,115,93
159,299,283,196,56,68,63,61
149,285,267,202,90,114,106,91
148,286,271,203,70,104,97,82
116,231,216,158,70,89,78,67
127,225,209,154,58,60,46,48
183,414,393,316,66,93,80,81
119,253,245,197,78,88,79,66
173,305,287,200,77,96,89,65
120,258,245,171,79,106,101,81
164,308,290,215,73,110,102,91
138,279,260,189,67,71,64,58
159,288,268,193,74,98,89,83
224,523,494,353,75,98,89,73
163,339,320,250,74,96,88,81
169,314,293,215,66,82,70,68
198,357,341,231,60,66,60,51
149,280,259,210,109,146,137,109
140,250,238,166,78,107,93,94
152,265,255,188,64,89,82,75
143,263,242,177,96,132,121,102
130,316,301,220,102,143,133,111
174,316,300,235,90,120,107,87
194,376,351,281,92,129,114,98
141,312,295,223,72,84,78,66
166,377,352,262,60,76,70,59
121,252,236,195,69,89,81,69
205,490,471,354,78,102,93,79
197,474,455,325,69,94,88,70
159,298,272,200,79,95,88,73
133,266,244,177,56,55,49,43
167,306,289,226,89,129,120,102
165,298,279,213,73,99,87,78
123,259,241,192,77,128,119,103
163,341,315,249,80,111,102,85
85,152,142,108,80,94,84,77
163,328,310,213,56,61,57,51
136,239,222,183,95,118,107,92
222,505,486,346,73,79,71,56
175,313,293,211,68,84,73,69
134,238,221,168,86,124,110,92
171,347,333,252,92,125,117,101
179,341,318,250,101,110,104,82
152,241,232,157,90,112,98,86
234,566,540,396,63,89,72,75
194,374,343,245,78,79,70,63
207,408,388,277,70,82,79,64
120,191,174,120,74,109,102,85
158,277,258,196,94,111,101,82
156,272,251,196,64,76,74,55
167,387,369,278,85,133,124,103
186,401,381,260,72,94,85,86
147,268,248,184,92,122,108,98
100,183,171,123,78,115,100,86
162,313,301,217,83,100,92,77
146,248,228,174,83,104,98,80
174,324,302,236,76,79,70,56
179,437,421,310,79,95,88,75
166,337,317,231,95,135,121,100
119,252,237,163,77,113,102,89
140,238,228,170,78,99,90,72
142,291,271,182,67,90,83,68
126,250,237,171,60,73,66,53
135,313,303,235,72,99,88,78
172,403,380,297,51,55,47,44
175,360,338,249,75,93,84,76
145,303,284,181,56,63,58,49
151,315,297,223,79,105,98,89
175,373,356,270,73,85,80,67
166,360,347,274,79,109,99,91
123,258,243,187,58,86,84,66
172,382,357,295,74,97,87,85
120,187,173,147,88,112,102,82
170,352,334,247,66,81,72,73
205,427,398,301,67,82,76,62
196,420,398,291,65,81,72,62
168,347,335,250,85,95,90,73
118,186,177,129,83,117,103,94
163,335,311,259,77,111,104,86
122,252,236,177,95,119,106,100
133,250,232,178,73,93,88,72
186,360,333,234,61,83,75,57
218,482,450,345,87,142,134,104
103,192,177,130,85,136,125,98
176,322,299,219,74,105,98,82
135,306,292,199,74,100,92,80
185,362,338,243,71,87,80,68
152,332,312,214,68,92,80,77
191,394,372,280,63,73,63,53
198,329,313,228,86,140,127,116
108,232,218,181,72,96,90,69
164,348,328,244,76,99,89,81
128,253,239,170,90,122,109,107
154,284,267,204,85,143,133,109
120,217,202,158,89,139,122,101
155,314,291,220,64,93,86,71
156,342,324,225,70,102,92,87
129,272,256,188,69,83,74,65
164,301,284,218,88,119,109,87
172,338,308,216,91,129,118,98
185,423,402,275,78,95,83,68
184,383,366,269,84,105,94,86
153,286,271,197,85,121,108,92
145,286,265,202,67,75,67,55
176,384,356,265,85,116,98,80
195,397,375,278,79,100,92,84
166,303,286,214,89,143,136,104
161,279,254,188,82,116,107,95
201,409,388,284,79,134,123,90
187,378,362,247,74,66,56,52
108,175,159,130,81,106,99,80
167,289,270,205,76,112,103,82
182,382,363,281,86,121,106,95
179,382,364,260,88,120,109,92
133,276,265,196,64,80,66,58
158,289,270,211,75,74,66,62
148,305,293,237,70,98,85,75
167,269,256,199,65,85,75,71
158,279,261,183,76,91,85,71
232,520,492,376,63,68,66,56
149,308,290,203,76,109,98,71
193,369,347,250,85,90,82,72
117,270,260,177,66,70,62,53
203,393,373,275,99,130,115,107
154,323,311,203,105,150,140,108
181,336,317,238,97,174,168,121
146,281,262,192,66,78,68,63
132,237,217,169,69,80,73,63
124,234,217,166,75,89,78,71
107,199,184,132,84,113,104,89
116,224,211,152,91,123,110,87
171,320,298,213,50,65,60,53
148,344,326,247,70,95,85,73
189,355,331,239,80,118,107,89
142,311,289,216,81,85,75,69
128,208,188,159,63,87,82,74
168,360,334,281,58,79,74,61
101,185,175,115,71,104,95,78
159,329,310,241,82,105,98,84
176,360,343,243,79,99,91,78
129,203,182,148,74,107,97,80
170,326,303,210,65,91,84,69
136,281,266,178,75,75,65,65
138,265,247,177,77,97,86,74
160,374,346,244,59,78,69,56
198,422,408,306,76,104,93,67
138,231,213,150,75,104,90,86
197,397,381,285,63,84,76,71
140,295,278,195,58,77,75,61
121,286,272,202,86,140,131,102
167,329,304,238,65,86,78,72
132,226,216,168,69,88,83,74
151,286,264,203,75,108,104,84
140,242,232,169,63,90,83,72
134,240,227,185,72,84,74,73
134,241,225,171,58,83,75,65
178,390,363,288,105,171,158,133
194,438,420,333,66,103,94,73
209,401,378,298,65,76,70,57
135,297,284,236,78,122,116,95
156,379,367,266,93,111,101,84
159,334,318,238,65,71,65,59
126,237,224,167,72,106,100,78
133,240,215,148,90,135,128,107
231,411,384,282,81,97,85,72
133,237,222,164,90,117,110,90
209,482,457,340,62,97,92,75
133,284,271,197,57,73,61,55
88,118,109,97,80,106,97,79
217,417,397,302,93,133,123,99
152,281,271,210,73,99,89,76
136,283,261,180,70,72,66,60
218,491,462,357,74,93,82,68
132,213,197,155,111,145,133,113
182,388,375,256,58,84,80,67
231,511,488,353,58,84,80,65
169,317,294,215,70,93,88,74
213,444,418,303,72,102,95,75
105,185,166,120,76,97,87,75
129,311,295,216,57,73,65,56
133,275,251,187,77,99,88,75
162,406,385,275,74,103,95,73
141,289,272,222,68,91,84,80
201,428,406,301,77,82,77,68
106,224,207,157,83,104,99,83
161,304,284,219,93,139,128,114
151,282,257,205,98,144,128,104
170,333,314,249,77,97,89,67
130,273,257,196,106,131,114,104
149,385,370,271,76,109,99,79
153,353,334,255,98,118,106,89
152,379,359,264,69,98,91,76
163,300,281,214,75,98,89,76
144,293,274,191,72,109,106,80
199,467,445,322,82,91,77,74
164,341,313,247,52,69,63,52
142,245,227,168,73,106,100,83
135,271,259,197,59,90,76,74
174,345,323,233,73,93,87,74
117,252,236,176,70,84,81,64
160,338,312,208,62,84,76,63
127,217,200,147,72,96,90,77
214,421,394,289,90,101,91,83
87,132,127,83,99,130,125,106
125,211,200,149,87,142,129,109
162,372,356,252,74,82,72,72
147,221,206,162,75,97,87,74
129,218,198,168,90,122,108,98
228,448,422,322,55,62,59,56
85,174,165,115,78,93,85,72
132,272,264,191,73,94,90,69
135,319,297,210,76,104,100,72
242,584,560,423,73,100,95,77
192,355,335,257,76,105,96,77
193,407,386,295,67,84,76,69
182,403,379,295,68,69,63,58
212,480,461,331,78,96,87,73
161,391,373,296,62,78,70,66
159,251,237,199,80,105,93,81
188,399,381,283,75,105,93,86
133,249,230,168,88,149,142,94
232,526,507,401,64,101,92,85
157,362,351,260,96,103,90,83
127,239,230,168,90,124,109,94
160,261,245,170,58,73,63,57
157,288,270,214,78,103,99,76
174,337,314,243,61,72,64,53
150,289,279,210,95,134,124,94
137,277,258,181,91,111,104,78
151,413,391,297,70,81,75,66
160,349,326,239,66,90,78,63
164,313,301,229,83,124,114,93
182,379,358,282,71,74,65,58
237,496,472,334,78,89,81,67
175,385,373,253,78,94,86,77
198,376,359,268,64,79,71,64
202,426,405,292,62,80,74,58
139,322,307,233,92,124,119,98
176,380,355,258,84,105,97,80
158,269,254,195,61,78,69,62
177,387,366,287,75,102,96,73
185,416,395,300,92,163,155,129
110,250,238,188,91,118,108,89
142,276,266,194,82,97,89,79
169,340,325,254,59,81,69,70
157,307,295,209,94,117,97,84
207,467,446,334,75,92,84,74
153,254,234,158,61,99,92,75
185,429,400,319,79,100,93,76
181,446,428,313,67,85,77,59
161,378,362,263,79,122,114,93
151,310,291,217,67,77,74,59
141,288,274,189,99,116,110,83
121,178,163,129,85,116,106,86
176,413,389,309,78,98,93,78
203,378,356,266,96,132,122,104
113,239,229,174,71,92,86,70
136,242,232,169,72,84,73,65
190,356,333,236,84,117,102,91
176,359,341,254,81,99,93,79
121,225,212,147,89,109,98,83
121,208,199,148,73,102,94,76
167,337,322,238,86,124,119,90
161,367,352,254,74,94,87,77
182,429,406,300,79,138,132,101
180,392,373,262,83,108,96,83
128,257,238,166,82,110,98,91
157,318,304,236,67,94,85,78
132,204,190,152,58,87,76,66
202,456,427,316,92,132,121,96
185,393,367,295,61,76,70,64
181,334,314,236,76,101,92,76
170,325,306,220,77,129,122,106
193,446,426,320,86,119,110,83
203,447,424,310,85,106,93,83
172,288,271,203,74,93,85,73
148,270,251,190,74,88,84,69
130,238,221,162,65,91,84,67
134,235,219,159,81,108,95,80
195,394,383,266,111,140,130,111
149,297,281,205,109,158,145,111
171,316,298,217,67,71,63,58
167,309,295,194,78,85,78,62
172,334,313,239,125,149,138,118
158,297,281,216,82,110,101,91
183,377,364,266,73,92,83,78
115,240,228,158,72,97,89,69
128,231,219,171,73,113,103,93
161,307,292,214,84,106,100,79
148,291,278,200,78,92,88,79
121,240,227,162,65,83,75,67
153,305,285,216,87,114,107,91
171,315,294,203,70,101,93,78
153,266,251,177,55,60,49,53
146,316,297,235,76,96,85,73
126,197,179,124,72,92,81,64
146,316,298,213,77,100,90,78
163,343,325,255,77,109,99,84
176,294,278,209,78,113,109,83
153,317,300,217,79,97,84,82
163,356,333,252,84,119,104,93
203,419,397,287,73,98,88,77
179,358,341,243,74,90,77,71
230,504,481,315,74,103,90,81
128,294,282,209,76,119,109,90
157,332,309,269,79,106,102,79
171,406,379,285,69,81,74,59
176,301,285,211,80,119,111,100
171,384,360,283,79,102,94,77
160,327,312,245,79,127,117,97
156,324,304,234,63,78,76,58
163,324,306,221,67,87,76,64
180,344,330,242,85,106,95,80
175,347,326,247,89,121,111,93
150,280,265,205,77,104,94,74
166,348,326,243,81,108,98,80
163,357,334,244,51,53,45,41
151,347,329,250,90,122,113,92
197,386,367,271,96,135,126,96
138,239,224,146,82,107,103,86
89,178,171,109,82,116,112,89
176,391,369,272,85,117,109,93
110,196,178,117,84,93,83,77
179,396,376,272,99,129,115,97
167,321,303,235,76,96,92,77
198,398,377,278,79,91,82,64
133,228,221,166,103,141,128,110
149,332,309,205,87,97,80,76
195,425,409,301,85,123,114,89
136,272,256,195,61,77,71,63
225,467,444,329,85,105,92,75
170,272,255,178,69,81,73,59
180,321,302,235,72,112,106,90
188,349,325,240,93,102,93,80
189,372,351,289,91,107,97,83
205,460,439,320,73,87,76,69
168,331,313,238,86,102,94,80
144,294,277,192,71,88,76,70
120,203,195,140,88,130,120,102
185,349,330,234,54,105,102,87
178,368,343,241,84,110,103,80
112,243,228,169,97,127,122,100
203,364,354,243,67,80,71,64
139,290,276,206,69,111,104,88
138,224,207,150,92,120,109,95
139,271,251,198,94,126,112,107
157,381,359,273,102,149,134,114
144,387,370,282,97,119,109,95
182,330,319,240,62,101,90,81
186,396,377,264,78,87,81,69
142,295,274,196,81,97,87,76
165,383,362,274,68,93,85,81
206,419,390,306,89,126,114,95
171,403,395,272,65,85,74,74
132,242,226,174,87,118,104,92
139,274,260,195,69,114,102,92
145,244,234,184,71,108,102,81
158,333,319,260,69,80,68,67
144,306,291,206,61,68,61,61
130,215,203,151,65,81,73,60
180,385,366,283,74,104,95,87
201,425,403,299,83,104,98,78
163,329,310,205,73,86,76,64
148,265,251,180,78,104,97,74
211,390,371,258,57,62,54,53
144,297,281,232,87,120,106,85
155,317,295,216,72,96,88,80
151,267,253,172,74,102,91,70
143,322,293,203,77,96,86,73
151,288,261,176,72,84,80,67
161,334,312,244,69,90,85,71
159,332,315,239,67,91,83,74
148,243,227,168,69,78,74,62
146,327,312,217,66,80,72,55
200,406,383,274,85,116,103,92
192,339,316,232,99,116,109,87
193,382,355,267,54,55,50,40
136,272,260,186,92,104,91,75
106,209,199,161,68,79,71,64
186,443,428,300,89,141,133,114
166,376,363,273,81,122,114,98
159,349,329,243,66,75,66,56
102,193,186,122,66,91,85,63
158,297,280,224,54,64,59,53
143,311,298,204,70,86,81,71
109,178,169,128,55,75,68,57
123,186,171,137,73,115,107,87
201,445,422,306,70,89,82,55
239,463,437,317,67,74,67,60
183,414,391,312,79,100,93,79
159,345,329,235,73,108,102,86
215,476,449,327,81,88,80,66
111,183,173,131,76,97,83,76
185,388,362,266,77,111,105,90
142,313,303,194,48,64,61,53
130,291,268,200,66,85,76,69
148,373,356,267,71,101,94,80
150,282,266,208,67,83,72,60
105,184,174,126,75,108,106,90
176,341,322,253,78,116,103,75
150,309,289,211,85,97,89,78
199,419,393,299,69,97,84,71
159,385,363,247,56,61,52,49
114,221,205,153,69,89,81,71
123,272,255,162,71,78,69,68
156,284,271,214,62,99,93,73
103,254,239,178,81,98,87,77
182,402,389,281,55,78,71,65
131,273,263,170,81,95,86,70
179,394,373,254,76,118,106,98
183,401,373,299,78,100,90,77
115,271,248,182,68,86,81,67
184,359,334,242,74,108,95,80
162,363,352,242,80,103,92,78
161,299,282,218,75,109,100,86
87,187,175,145,86,123,115,104
144,281,256,183,80,114,98,78
165,341,313,232,100,129,114,94
181,360,335,242,77,102,87,73
158,346,329,253,65,77,73,61
153,274,266,179,56,74,73,58
192,414,396,293,90,113,102,84
206,377,355,248,77,109,100,85
113,201,193,138,70,87,79,72
109,231,221,160,72,94,84,72
159,315,299,216,89,104,93,81
164,338,321,255,92,117,106,91
121,208,195,147,95,143,133,97
151,320,307,220,66,81,74,59
182,389,370,282,75,104,94,81
210,488,467,328,65,83,80,66
179,366,337,254,89,122,119,84
137,305,286,216,93,129,116,99
206,428,405,284,90,132,124,93
136,233,218,175,76,96,87,69
117,264,251,169,78,94,85,77
135,231,211,160,87,116,101,95
134,220,202,163,84,93,87,71
218,459,429,328,85,101,85,76
198,417,391,298,76,98,90,75
173,381,361,270,74,95,88,73
159,327,305,211,65,83,72,67
153,343,321,239,86,115,101,97
162,221,205,147,76,111,104,89
190,342,320,238,72,109,103,90
191,342,315,250,75,87,76,69
160,280,258,172,64,77,71,65
165,309,286,218,76,97,84,76
175,344,317,226,97,138,130,110
192,396,381,270,101,149,140,112
137,268,244,171,75,94,87,75
136,238,222,164,79,104,92,82
185,340,321,249,94,125,116,96
146,229,216,171,81,125,114,99
164,331,311,233,88,123,110,103
147,301,288,201,81,103,90,83
156,316,293,196,68,73,68,54
176,421,398,308,96,143,129,102
171,285,269,213,80,95,85,71
178,380,362,260,76,89,84,65
192,383,359,260,87,110,100,80
155,276,263,193,76,113,105,96
156,332,305,232,57,67,59,57
116,181,161,114,85,116,107,84
145,275,254,180,86,108,97,82
116,208,194,155,76,109,100,89
207,399,373,270,77,98,87,76
182,357,338,258,79,97,92,73
177,376,356,276,67,95,88,67
147,283,274,173,79,122,111,92
145,287,266,202,96,137,121,101
223,494,463,347,80,113,107,85
118,247,233,177,81,118,111,93
175,360,338,267,80,102,89,73
174,414,395,286,101,147,135,113
188,435,422,301,93,121,106,96
167,350,331,239,57,83,77,68
145,265,250,192,77,94,81,76
171,364,344,238,58,91,88,75
170,314,297,218,75,80,74,63
191,362,334,257,63,84,72,64
149,349,330,236,88,137,126,107
162,314,293,221,79,104,100,79
141,298,279,211,84,119,112,92
151,307,290,220,77,90,82,73
193,411,401,310,94,146,136,106
120,216,200,158,79,112,104,89
130,239,224,166,87,120,106,93
135,289,272,190,69,107,99,82
151,297,275,219,82,82,75,63
174,379,365,262,88,127,115,103
149,286,264,210,70,88,76,79
156,375,359,284,79,93,82,76
160,358,338,249,71,100,92,75
111,212,197,137,70,89,83,75
138,283,265,185,81,108,103,78
165,315,290,203,91,135,128,112
186,381,362,276,60,88,79,71
150,307,289,215,73,91,84,74
123,214,197,144,72,78,71,66
196,444,417,313,72,118,107,94
143,278,257,176,83,118,107,87
194,383,351,260,74,99,91,80
141,314,301,210,84,118,105,94
167,298,274,215,91,117,107,86
152,324,308,218,97,130,124,109
183,388,361,260,63,81,76,62
131,252,239,176,72,121,110,94
157,293,278,198,81,107,95,82
161,284,267,197,85,125,107,105
205,518,503,362,77,109,106,88
146,280,268,201,74,95,82,75
142,288,272,210,79,95,87,80
158,305,285,190,68,88,74,70
161,356,339,242,74,94,84,71
151,313,297,221,73,74,67,59
188,399,378,261,75,91,86,70
87,174,163,120,74,101,94,80
161,303,284,214,82,115,105,92
179,385,364,252,74,81,70,70
171,278,252,200,61,67,59,52
175,270,248,191,83,132,119,104
135,252,237,192,58,83,79,62
205,510,480,372,61,74,68,51
121,190,175,126,59,75,67,68
124,209,191,140,77,87,79,68
119,161,144,101,83,95,84,81
173,358,346,253,68,83,80,63
156,280,259,194,73,100,91,74
198,391,367,259,87,107,93,84
154,286,274,193,95,129,121,104
156,318,303,260,93,122,113,90
124,245,234,201,77,104,95,89
144,303,280,204,60,74,69,52
212,457,427,341,82,106,102,83
162,324,300,194,76,92,86,58
119,211,199,156,86,115,111,94
170,383,360,263,69,101,94,81
180,293,281,207,80,103,96,82
136,268,248,183,98,157,148,124
196,447,429,303,86,111,102,86
205,451,429,327,93,138,128,96
179,329,305,222,62,84,80,67
105,195,183,147,86,110,104,95
162,320,305,215,82,106,94,90
94,198,188,138,80,120,113,91
141,289,272,193,75,95,92,75
157,302,279,206,78,97,87,73
167,341,321,265,80,100,92,75
188,390,369,261,81,106,96,81
162,298,272,211,74,90,86,70
159,360,340,273,89,140,126,108
121,245,235,168,85,132,124,99
157,369,352,251,93,103,89,84
135,255,243,151,59,70,64,57
183,359,342,248,55,72,67,61
140,272,260,181,104,164,152,119
148,359,341,282,67,82,75,67
185,320,294,229,89,144,133,104
158,352,332,225,85,92,82,70
175,345,321,267,80,118,107,92
195,447,422,308,80,108,98,75
205,430,402,300,63,79,71,59
202,389,367,295,88,128,114,96
107,217,202,142,90,115,104,91
188,433,404,300,57,80,77,65
162,360,335,225,77,109,99,84
175,384,358,251,85,107,98,84
134,259,246,177,101,143,131,108
143,310,291,201,78,112,104,86
117,242,227,161,71,83,76,61
168,326,304,235,79,99,90,78
213,459,441,317,110,134,124,104
159,355,340,264,102,120,108,85
184,358,331,259,89,110,101,86
148,305,278,211,104,113,101,82
156,273,261,189,91,155,143,104
141,244,231,167,60,72,66,61
156,353,341,252,67,90,83,66
172,426,404,305,75,118,111,95
167,379,365,279,61,66,59,47
144,278,264,182,64,111,110,89
140,242,220,177,60,66,58,52
130,240,229,160,64,91,86,72
125,212,199,162,66,81,71,68
162,303,288,211,85,105,95,79
169,296,276,215,66,88,82,70
146,263,248,182,87,99,91,71
164,320,302,221,80,123,115,87
174,344,326,250,68,83,77,69
113,210,192,151,57,73,67,50
119,230,220,159,73,102,93,88
137,255,241,198,70,83,74,70
157,306,287,198,70,108,99,81
202,446,417,321,87,114,103,89
186,362,336,250,70,86,83,67
155,282,262,199,72,106,97,77
133,325,311,250,68,81,75,64
177,416,403,281,100,128,115,87
184,432,411,289,82,125,115,86
212,450,430,308,78,104,91,78
227,549,523,397,106,158,154,119
165,322,305,209,79,85,76,67
144,270,248,197,88,120,111,90
131,228,209,153,70,84,77,61
181,397,372,308,56,72,70,57
114,283,269,179,64,91,85,72
115,215,202,151,74,106,99,80
132,254,242,178,94,129,123,95
136,236,221,166,68,106,101,76
134,314,293,233,63,81,71,68
156,287,274,195,74,114,105,92
155,330,310,233,63,77,71,57
142,295,280,172,83,109,97,78
119,214,199,152,74,121,116,95
191,442,409,318,91,105,94,85
190,367,349,256,60,94,89,79
160,331,309,238,98,127,114,107
124,213,197,149,86,101,89,81
194,414,385,281,77,102,93,72
183,397,376,274,90,128,122,99
139,309,294,220,70,87,80,61
180,318,299,226,66,89,79,66
202,429,400,314,79,101,83,78
176,359,346,236,79,105,95,78
165,327,309,238,78,97,91,79
205,359,344,236,82,103,89,79
181,354,334,245,94,156,145,117
161,393,375,281,69,82,75,64
116,251,242,177,90,136,127,104
197,416,400,287,79,97,92,75
199,425,403,291,64,68,60,58
183,399,375,265,56,67,60,50
141,294,279,206,77,100,88,75
143,287,273,211,77,115,107,92
149,319,300,216,80,100,89,76
155,289,274,196,78,115,105,82
169,270,248,193,67,74,71,57
150,303,289,221,86,107,100,82
192,368,339,237,69,82,70,62
118,238,220,170,83,113,102,81
163,304,271,183,78,95,84,77
129,205,191,140,57,71,65,54
157,291,270,206,91,115,106,93
191,467,441,323,80,118,102,90
149,324,313,241,69,86,80,64
182,391,374,279,78,105,97,80
141,307,284,211,96,125,113,90
130,246,234,158,86,112,101,82
122,269,255,179,70,78,65,58
171,357,336,254,73,90,86,67
224,464,436,315,82,118,105,88
177,408,384,279,48,59,55,49
122,254,238,164,96,140,122,105
160,299,284,203,74,90,77,66
152,336,318,226,75,92,87,78
182,312,295,198,93,114,103,86
95,157,145,103,74,89,77,72
176,390,370,284,67,76,69,67
177,328,309,224,95,111,97,77
195,346,333,251,70,90,84,72
173,349,327,229,66,91,82,67
209,447,429,324,76,92,84,78
179,353,330,224,87,129,112,95
197,417,389,313,79,124,118,89
205,457,439,289,73,75,65,61
120,216,201,138,81,152,146,111
172,413,398,288,77,92,81,69
189,361,339,250,76,78,69,57
117,256,241,162,77,84,73,61
174,343,327,230,68,85,80,70
189,317,302,225,100,134,123,105
140,356,339,225,84,96,82,74
186,397,373,281,74,81,78,67
176,365,344,260,69,88,81,76
161,313,290,212,65,84,74,72
144,283,265,206,89,112,97,91
162,316,296,208,63,89,86,75
174,328,302,228,68,89,84,74
124,291,265,209,80,109,95,78
160,282,262,190,99,167,155,129
163,316,298,202,75,96,86,80
159,325,305,224,78,110,102,78
160,314,301,241,84,88,75,68
171,378,359,254,65,86,78,61
168,330,315,237,70,92,87,72
129,296,283,209,69,86,78,71
133,225,215,165,69,85,82,60
146,292,278,204,59,66,59,56
149,346,330,239,63,89,81,72
146,268,254,183,89,120,107,95
156,335,321,240,87,107,102,79
183,371,346,265,74,100,96,81
115,277,259,196,67,81,71,62
135,233,219,162,101,134,124,102
189,417,398,276,84,120,102,91
183,363,352,255,84,109,99,80
136,284,273,203,100,140,129,111
168,407,385,294,81,118,106,86
167,306,294,224,83,90,78,70
184,372,359,284,77,117,113,92
154,217,203,161,75,94,91,74
143,299,287,200,89,137,125,109
175,357,337,263,76,94,89,75
159,290,276,197,71,92,81,69
189,462,445,311,84,109,103,91
167,323,306,216,77,107,96,82
181,415,392,291,93,137,126,85
128,207,182,125,67,104,94,80
164,374,350,245,95,127,120,101
191,387,368,259,75,93,81,77
146,334,319,233,80,119,107,85
140,297,281,201,70,90,81,68
191,410,389,305,62,71,65,56
182,383,358,256,63,71,68,68
155,352,323,253,69,92,84,76
205,446,426,332,66,79,69,64
143,333,315,245,86,103,94,84
160,351,330,257,55,61,59,50
116,237,226,159,76,92,85,72
154,347,331,230,91,98,86,78
199,422,405,295,73,97,91,74
112,202,185,146,89,97,90,70
142,263,245,169,100,133,119,104
156,319,302,211,51,70,64,60
179,342,323,245,72,98,95,80
201,477,451,342,79,90,82,68
211,433,414,322,87,113,101,89
174,438,421,349,83,96,83,73
204,455,430,315,63,85,74,69
171,325,307,228,70,105,99,90
173,295,284,197,72,79,70,62
150,320,299,234,88,108,100,82
139,253,238,172,74,80,75,63
179,352,335,232,82,89,77,67
188,454,430,317,78,105,96,76
191,426,408,330,66,89,84,66
173,377,358,253,77,102,95,83
168,337,318,248,91,143,128,111
164,324,302,226,91,119,114,93
176,329,307,234,69,84,77,71
119,251,235,180,79,108,97,86
189,367,348,262,68,82,74,69
121,239,222,155,74,82,75,71
147,277,264,183,84,108,101,95
135,250,238,184,91,139,124,99
122,205,185,144,79,109,107,86
165,384,371,277,75,99,88,84
191,441,423,335,82,122,114,101
154,312,293,209,70,80,74,67
163,316,303,215,67,82,75,71
124,266,256,196,67,101,92,80
199,435,410,304,85,110,103,86
180,388,368,270,75,89,81,67
201,404,382,275,80,111,104,84
154,383,367,259,69,88,81,68
150,272,257,169,73,100,93,89
137,248,235,175,87,130,120,94
170,301,284,212,64,76,70,66
160,312,289,199,77,104,92,84
79,155,143,107,72,80,75,69
211,413,384,297,62,70,62,58
152,314,303,251,61,73,66,57
216,518,496,377,73,91,79,70
156,286,262,181,91,138,124,104
167,308,287,218,78,101,93,81
151,402,386,278,77,108,95,87
171,312,300,220,71,98,84,80
126,278,264,180,67,74,66,61
182,412,390,297,75,84,75,65
169,346,329,249,76,122,109,96
138,312,292,204,76,96,88,73
131,257,235,198,79,128,121,99
120,213,196,163,71,88,78,74
123,169,154,116,81,95,88,78
197,491,471,373,95,159,152,118
158,312,290,229,67,90,83,66
117,227,213,156,83,100,97,79
146,327,309,208,79,133,126,97
222,440,414,293,83,114,107,91
116,221,207,156,76,108,93,79
159,315,301,241,62,73,62,59
146,279,252,201,70,73,63,59
189,415,391,307,86,111,101,86
201,425,399,278,93,120,116,90
165,332,311,243,86,105,95,87
199,427,407,321,85,105,99,74
150,274,252,198,66,72,63,57
199,408,391,286,64,84,74,72
108,210,202,151,94,110,105,79
148,242,230,153,78,104,93,77
114,226,214,159,104,155,141,112
183,365,345,255,73,98,88,79
176,334,310,227,57,61,58,44
139,238,222,181,76,93,81,64
169,349,336,235,64,78,71,58
134,230,216,158,107,145,133,112
122,222,207,149,74,106,102,82
121,259,247,157,75,93,87,72
222,549,529,387,75,101,92,77
130,293,279,198,55,75,67,52
182,418,395,295,72,86,80,69
169,345,322,250,49,61,56,52
179,414,393,284,66,97,93,80
176,303,276,199,70,91,83,71
118,213,201,142,77,91,83,79
203,435,415,311,97,133,124,99
209,420,403,310,80,126,120,97
176,347,328,245,74,85,77,64
205,507,491,376,93,115,103,86
181,412,387,298,73,103,97,74
190,427,401,305,70,82,73,68
215,524,493,383,83,97,89,70
143,269,252,193,83,108,100,83
189,442,423,310,66,91,82,70
159,320,310,208,88,103,88,76
151,264,242,199,81,106,96,77
140,293,280,207,64,72,65,58
136,268,258,203,90,129,120,107
140,244,223,169,84,110,101,87
141,287,273,208,61,66,58,55
141,300,286,206,111,165,154,121
208,449,437,321,73,85,78,65
173,320,300,223,82,109,106,84
190,361,339,250,63,74,65,60
104,164,158,128,63,69,62,54
166,281,270,196,66,86,76,65
174,343,323,236,67,89,80,62
144,266,250,199,84,123,113,90
182,432,412,316,77,117,111,89
137,297,282,201,77,89,76,72
196,335,311,224,75,95,89,74
128,269,253,178,67,85,80,61
191,396,373,309,70,83,75,62
140,248,228,174,72,90,85,64
212,469,441,328,74,86,80,68
144,319,305,210,73,93,87,77
166,432,417,310,63,75,71,61
194,447,419,317,79,102,96,82
156,338,319,239,89,114,106,90
110,176,158,135,68,94,86,75
182,435,418,307,89,131,121,98
209,388,367,260,83,109,103,87
153,320,302,223,70,99,92,77
180,358,344,249,67,77,68,65
182,331,310,235,99,134,121,95
189,374,352,264,88,109,99,76
174,445,426,300,65,75,64,56
112,198,184,143,70,96,86,81
124,244,232,168,75,119,112,96
116,228,215,158,89,121,108,100
137,287,275,208,77,90,81,68
102,147,131,106,68,78,69,57
185,455,441,315,60,70,67,62
190,370,351,255,89,132,123,95
205,442,423,305,56,68,65,55
105,159,151,105,85,118,109,91
168,252,238,190,75,93,81,82
205,444,421,305,82,115,107,100
206,390,368,270,79,92,87,67
118,255,242,180,69,110,100,90
207,439,416,319,76,90,82,75
170,320,306,208,98,115,100,84
221,466,447,327,82,112,104,85
151,383,368,274,69,105,93,90
138,295,282,221,85,125,118,95
196,445,432,311,58,72,63,55
148,353,327,241,77,130,122,103
179,362,339,254,97,145,134,95
148,315,296,216,64,117,113,96
149,304,283,232,84,117,108,92
187,373,356,260,82,99,90,84
215,471,445,328,82,133,123,103
169,337,314,221,95,131,126,105
195,422,401,307,78,117,102,88
187,375,348,246,79,104,94,87
171,345,338,269,82,127,120,98
177,391,370,269,67,85,77,63
154,271,254,204,82,110,101,87
158,294,277,212,82,96,82,81
142,265,252,183,74,98,84,67
88,156,151,115,94,123,117,93
224,540,514,386,66,91,84,69
149,305,278,197,75,99,88,78
139,298,275,208,89,131,129,102
139,244,228,155,61,79,68,61
196,361,341,237,62,79,63,60
136,272,253,178,84,103,97,73
193,408,386,277,70,82,75,72
162,290,280,218,86,147,141,121
199,454,434,306,84,115,103,88
194,430,410,281,68,84,73,67
168,382,355,231,71,99,91,71
144,255,238,183,68,99,89,78
99,182,165,122,87,100,90,71
143,316,298,230,76,96,85,76
162,341,322,231,78,109,99,94
136,236,216,172,90,135,124,104
155,220,200,152,74,114,101,91
172,388,367,245,110,151,133,109
163,318,299,226,86,133,127,101
194,342,318,249,95,120,109,90
184,336,314,236,87,117,101,98
194,405,384,275,67,86,78,61
129,241,226,172,72,103,91,84
177,341,319,246,80,129,121,96
172,344,322,233,63,80,74,62
189,402,375,279,66,84,80,70
166,381,362,276,101,166,157,120
166,353,329,272,79,81,69,65
195,455,433,321,79,85,73,69
109,209,197,129,90,127,119,100
182,370,343,240,67,91,83,76
145,325,306,236,78,102,93,73
177,342,323,231,101,133,124,97
113,220,206,146,99,136,125,108
153,272,255,198,78,118,113,99
125,195,182,145,75,99,92,78
196,466,448,331,73,109,97,84
148,339,324,249,81,108,100,87
125,205,192,143,92,104,86,76
103,203,192,129,74,111,100,87
118,267,252,193,68,99,89,81
150,298,276,188,87,112,106,84
156,323,308,247,77,79,69,59
160,281,263,214,96,127,115,90
169,416,393,283,68,94,82,66
122,238,217,162,88,127,117,93
177,376,350,275,83,106,94,82
174,335,309,230,81,128,115,92
100,219,201,145,100,115,103,85
171,344,327,238,79,116,108,92
153,312,296,215,84,113,108,90
122,253,239,172,82,94,84,74
136,236,214,149,77,101,96,84
216,486,462,328,81,93,85,76
142,311,300,197,89,115,107,101
168,374,357,265,71,82,75,64
150,292,271,184,66,98,84,75
149,292,281,197,55,69,59,55
153,293,278,198,67,76,69,65
188,390,369,262,68,71,59,58
141,282,266,182,76,99,86,80
182,341,330,230,78,96,86,83
147,294,282,209,85,110,99,85
112,212,194,140,92,111,94,85
193,382,361,277,90,124,110,93
171,301,284,195,63,81,80,62
173,341,328,231,92,110,102,70
140,257,237,176,66,67,60,53
125,247,233,157,95,127,116,99
208,440,414,295,86,124,119,106
240,529,504,379,79,104,95,85
189,371,348,257,81,109,94,88
181,405,384,321,76,110,99,86
131,241,223,177,52,69,63,53
148,350,335,243,75,98,89,70
147,280,265,180,61,75,65,53
123,264,247,191,62,76,72,64
149,369,348,242,80,116,107,92
145,300,283,217,70,84,78,64
151,312,296,222,82,106,93,89
256,549,514,367,68,87,75,75
149,330,313,237,67,82,76,72
175,412,387,321,68,112,104,85
137,248,235,172,88,125,119,98
197,341,320,249,57,61,56,49
153,311,296,227,91,104,97,83
123,216,204,163,83,116,107,85
152,306,287,219,76,90,83,68
125,223,206,145,86,113,105,78
216,511,485,374,82,116,101,79
170,267,251,191,81,89,80,68
163,332,309,236,66,73,69,58
172,345,323,257,73,99,93,70
128,267,252,186,77,97,87,74
195,436,413,319,88,114,106,76
126,246,224,186,69,80,76,66
122,265,242,180,58,69,61,56
187,429,400,293,84,104,95,83
169,339,318,236,76,104,93,80
193,352,328,235,59,91,88,69
181,349,332,234,75,98,91,76
182,409,391,258,75,102,94,78
171,392,370,288,67,92,82,69
156,286,270,178,78,100,90,80
154,341,324,250,67,99,89,76
188,374,351,274,69,91,78,72
134,276,259,193,52,49,46,43
150,303,280,212,88,117,109,95
233,532,511,399,63,80,77,67
185,437,417,314,90,140,131,95
119,190,181,130,76,94,84,74
133,277,264,214,80,99,89,80
152,322,306,234,87,119,109,87
186,371,351,252,96,133,120,103
142,262,244,169,69,99,90,77
159,348,334,260,74,106,99,83
115,221,205,145,74,78,70,66
212,439,418,306,67,91,83,74
168,362,340,244,88,120,112,92
163,311,296,214,56,86,78,72
123,253,241,178,58,69,64,59
172,321,302,209,55,71,62,58
192,375,358,256,70,97,90,80
158,286,266,183,88,93,90,67
125,263,241,178,64,86,80,75
105,238,228,153,56,60,53,49
141,258,238,176,77,100,94,66
149,286,269,197,63,71,63,65
182,310,295,194,60,78,71,60
183,363,335,257,66,80,75,61
145,252,233,174,66,92,87,79
127,223,208,168,68,98,91,77
163,303,289,221,68,71,67,54
202,393,370,274,73,100,92,78
222,472,446,321,64,89,83,65
168,305,278,207,88,117,101,79
124,238,225,163,68,73,64,62
135,240,230,142,68,83,75,64
178,368,346,241,70,103,99,82
161,300,278,201,84,108,101,80
159,303,281,203,85,119,111,91
160,302,281,208,66,88,81,76
185,366,346,261,78,87,79,67
158,289,268,210,91,153,141,122
136,248,231,173,79,95,83,76
153,332,312,231,59,86,78,61
162,337,316,234,87,112,103,84
169,322,309,240,85,105,89,77
241,499,467,343,64,85,78,66
149,282,261,181,52,67,59,55
178,315,305,240,87,111,101,80
150,271,249,178,77,102,88,78
181,352,334,264,77,117,109,87
200,400,371,259,75,95,91,77
149,309,286,208,82,93,85,74
165,320,308,228,86,132,124,101
177,417,401,293,92,131,119,95
132,256,244,182,69,106,101,78
90,162,150,136,77,95,87,80
148,372,351,244,63,84,77,73
215,409,389,292,77,102,93,78
154,273,256,191,73,97,88,73
201,437,411,294,74,97,89,81
152,234,219,151,67,90,85,72
126,227,212,154,68,82,72,63
128,233,218,181,91,124,111,94
187,364,340,265,73,80,70,64
124,265,246,206,64,86,80,74
150,276,251,198,66,80,74,69
124,242,228,158,74,91,79,68
142,285,264,208,81,98,86,78
137,314,300,229,77,95,82,76
205,406,385,281,62,81,73,67
186,344,325,247,84,113,100,80
186,384,358,241,76,119,108,82
183,391,374,275,90,136,124,98
160,315,294,224,74,86,72,69
159,312,292,208,81,114,103,87
141,305,287,221,66,86,77,65
147,256,237,166,61,97,92,73
183,355,338,239,69,73,69,50
141,215,197,164,78,86,73,68
174,427,408,308,91,115,104,81
184,350,333,247,72,108,101,87
141,307,289,210,84,112,107,85
144,344,330,228,86,105,98,82
108,209,200,146,78,127,119,96
160,368,351,242,63,90,81,72
118,228,212,157,44,53,49,49
145,280,271,203,97,126,120,91
182,361,334,260,66,94,86,83
185,352,330,233,62,71,65,56
147,322,301,197,80,99,88,79
182,385,361,239,79,99,87,72
174,341,322,237,55,62,54,51
139,276,263,194,71,94,82,81
155,286,270,198,85,112,104,82
129,239,232,178,73,103,95,84
140,283,264,190,53,59,53,53
188,374,347,259,82,105,97,82
185,401,376,294,46,63,56,48
204,389,361,277,96,134,125,105
153,299,275,207,77,119,112,88
185,396,373,286,93,128,118,97
139,263,247,168,71,97,91,79
180,385,359,272,60,81,74,56
181,361,346,265,87,107,97,75
152,317,302,237,81,100,90,73
202,434,412,290,74,95,90,78
171,302,281,196,87,122,113,97
147,305,290,208,61,91,85,72
127,248,239,177,68,78,68,63
160,367,351,253,76,91,84,72
160,288,269,192,68,92,84,79
127,216,195,150,88,128,120,95
220,452,427,313,82,119,111,99
198,441,416,311,75,103,93,78
145,304,289,188,96,121,109,94
97,205,193,155,74,99,90,79
154,303,287,224,65,73,71,59
216,482,464,340,76,88,78,64
179,334,316,245,67,82,72,68
170,336,318,212,69,98,89,76
143,358,334,239,92,120,105,93
121,248,233,190,85,101,93,73
120,211,201,157,64,78,63,66
188,346,323,225,92,126,116,89
185,367,351,256,98,127,111,106
142,281,267,209,97,128,117,92
148,286,266,205,76,103,90,88
199,429,404,291,62,88,79,67
196,422,389,273,79,113,104,86
155,353,335,242,58,64,56,48
165,312,294,224,90,112,98,91
167,370,350,264,71,96,88,78
166,313,291,215,86,117,109,88
133,227,210,166,72,83,72,72
153,322,302,217,63,73,66,67
157,299,284,191,77,100,89,78
151,317,292,207,72,83,74,66
135,270,253,211,75,113,106,89
165,326,305,223,60,75,68,59
166,299,280,231,64,95,86,72
139,274,253,183,81,119,108,85
139,263,246,167,71,98,88,79
188,341,312,233,73,90,83,70
170,408,386,298,78,85,72,70
159,334,312,227,63,90,85,72
150,317,303,221,78,86,77,65
147,264,248,179,88,109,98,86
155,307,289,226,86,107,99,79
98,170,161,127,71,80,70,65
122,234,214,164,76,86,77,70
157,297,281,175,86,115,102,84
137,271,256,173,88,103,96,73
220,419,395,296,78,104,94,87
198,428,411,326,65,83,78,65
160,343,330,240,80,94,84,76
217,424,390,290,75,80,72,67
207,395,371,281,87,122,111,89
164,329,321,254,72,93,88,73
163,332,313,250,76,89,80,66
146,272,253,170,104,135,123,103
193,493,467,347,67,88,80,70
107,169,160,118,97,114,107,83
160,291,273,186,74,101,94,71
141,264,249,181,72,116,108,83
182,381,360,275,72,82,73,60
177,404,379,272,94,124,109,94
164,315,300,227,80,115,108,88
137,252,237,184,72,92,85,67
203,408,394,289,60,72,64,57
223,446,428,303,101,129,114,89
176,347,326,227,74,80,72,64
159,333,315,236,71,109,102,77
122,292,273,193,58,91,87,68
196,370,346,273,79,112,104,91
154,367,348,259,101,128,109,98
153,302,288,207,80,106,98,85
224,447,423,293,75,121,115,82
123,183,166,115,73,89,78,60
177,361,342,245,71,87,77,68
179,289,273,200,72,70,65,62
177,441,426,319,88,125,116,102
184,433,406,297,70,81,77,65
183,421,409,293,69,88,84,60
144,265,249,175,63,98,91,73
197,506,488,364,80,107,101,87
155,324,311,221,61,79,71,67
170,404,383,292,69,77,72,61
213,492,466,347,68,83,72,65
151,276,258,181,72,94,89,77
213,538,526,390,65,84,76,68
232,500,470,329,86,108,101,82
164,305,281,225,56,59,54,48
160,318,297,223,71,101,99,70
175,417,400,281,82,90,77,79
135,294,280,201,65,98,93,82
174,336,315,236,61,83,71,70
136,236,214,171,91,132,117,107
152,314,302,220,68,85,75,73
150,305,293,204,84,107,98,80
194,401,385,263,75,93,84,79
145,316,289,236,83,110,103,81
153,281,264,191,78,109,103,86
174,343,324,267,86,114,109,91
166,348,327,231,78,102,92,74
193,339,300,239,59,78,72,63
135,254,243,179,56,64,55,51
149,265,252,196,74,96,88,72
166,307,290,204,87,102,92,88
187,339,309,241,68,104,95,81
199,469,455,350,84,111,104,91
166,302,281,206,96,136,125,109
167,301,276,216,82,132,124,107
134,287,272,209,71,78,69,72
195,403,385,282,74,95,87,74
190,386,363,268,70,91,85,69
198,386,364,273,82,114,107,93
168,384,364,276,53,68,66,60
155,272,246,184,58,80,71,64
166,292,273,196,81,122,109,97
160,326,300,224,80,106,94,85
168,418,388,276,69,79,68,65
148,327,311,230,82,108,102,80
163,322,304,238,68,79,70,67
156,319,301,226,103,133,125,101
167,326,304,216,84,102,92,82
178,318,296,208,65,80,73,64
201,329,309,229,81,134,121,97
155,355,340,229,92,108,100,73
124,311,294,204,78,99,92,73
178,368,353,259,55,72,67,57
141,300,282,199,75,99,91,70
160,371,353,258,58,70,59,62
125,181,165,135,84,123,113,92
155,276,261,202,76,78,70,62
187,400,368,274,90,115,104,88
99,215,200,152,72,104,96,87
149,270,257,183,78,96,89,77
158,280,266,194,75,92,86,71
191,381,359,284,89,124,112,88
220,494,468,353,73,104,99,73
160,329,312,221,67,82,75,56
175,360,336,260,91,112,101,82
157,330,315,234,73,89,83,75
180,361,353,220,80,133,124,92
165,388,370,268,66,81,73,63
183,393,373,257,61,72,69,66
122,236,219,157,62,64,51,54
175,364,355,251,56,86,79,69
161,328,314,226,80,108,94,87
174,341,328,244,81,115,108,85
200,428,397,297,92,124,118,106
130,209,195,151,71,96,89,76
169,340,319,245,71,105,97,85
129,218,198,147,67,92,85,73
178,416,394,300,70,98,87,76
154,317,291,215,80,119,110,88
161,333,316,259,77,120,111,90
156,315,289,227,81,117,108,92
158,349,327,243,87,123,112,107
162,322,305,240,78,92,80,72
151,200,187,135,74,102,98,77
160,256,245,170,85,105,91,64
163,282,267,215,83,118,103,90
164,325,308,232,81,90,80,69
248,465,439,305,87,108,94,82
199,467,451,321,81,112,102,91
226,536,507,372,71,93,88,74
123,298,279,199,73,104,92,79
164,349,333,230,75,91,80,74
105,177,171,140,80,117,104,90
175,340,322,253,78,98,90,77
202,475,453,335,76,104,93,77
154,337,315,216,63,77,68,64
92,160,152,119,89,112,103,94
148,324,307,223,53,48,42,39
115,246,235,179,78,96,85,73
160,241,223,150,85,114,101,78
111,240,228,147,70,100,93,78
161,299,282,218,91,116,108,91
164,325,311,213,73,103,96,84
147,286,265,201,90,126,116,97
201,429,417,290,74,110,98,88
180,433,414,319,77,84,72,64
165,347,330,238,94,120,110,97
148,271,247,194,74,140,132,108
125,239,218,178,69,95,87,76
175,388,375,298,70,77,72,69
156,280,263,206,72,89,83,72
139,286,263,192,67,85,76,60
192,385,362,262,87,116,110,92
192,400,375,299,56,66,57,56
136,264,255,175,91,138,128,116
166,326,310,223,60,63,57,50
229,490,469,333,92,117,103,88
176,401,382,287,79,101,89,81
171,359,341,247,86,114,104,80
161,357,342,248,65,87,78,69
156,303,287,187,69,96,85,67
108,146,132,96,79,105,95,86
140,307,289,215,86,102,92,80
177,381,359,258,61,61,51,52
177,352,339,251,87,113,105,87
190,369,331,262,87,117,102,84
176,360,349,258,68,75,66,64
154,346,332,234,79,103,93,71
131,261,243,181,78,105,95,82
163,336,317,239,82,109,101,84
173,357,339,237,95,133,127,112
178,367,352,242,69,80,67,58
136,293,278,201,87,114,105,93
115,243,227,164,75,95,89,64
121,178,163,131,81,95,86,73
196,376,352,270,58,87,84,69
162,388,371,267,67,81,77,58
165,376,361,266,67,88,81,70
204,520,502,374,102,149,137,105
121,206,195,160,79,109,93,88
131,216,199,148,84,129,119,103
194,495,472,369,72,99,87,82
150,290,274,196,72,85,78,60
162,338,326,241,72,110,101,85
168,347,329,235,99,128,118,96
172,366,342,266,80,98,84,77
147,307,293,221,74,90,77,71
183,390,371,285,80,111,97,89
181,384,374,280,72,97,90,70
164,327,312,238,70,82,74,62
149,252,233,172,76,111,103,92
134,227,211,168,78,115,109,84
122,216,202,146,76,98,91,84
123,246,230,171,81,110,99,85
157,316,300,220,78,105,95,81
148,288,262,193,68,95,87,76
147,294,282,206,82,121,110,97
185,408,384,289,42,39,32,32
113,244,232,162,73,80,73,66
169,437,420,314,82,123,117,88
132,208,192,143,73,85,75,67
142,278,263,179,73,89,82,65
217,423,399,264,92,126,116,103
164,341,318,240,71,95,88,78
188,375,344,260,79,101,90,77
184,380,369,286,66,82,68,58
163,399,381,280,93,118,110,83
199,485,455,336,60,76,73,64
87,125,117,107,89,116,104,94
160,287,271,203,67,90,79,66
174,392,370,308,86,134,125,111
188,418,393,294,70,85,74,72
153,328,310,219,68,69,64,58
149,312,293,220,63,77,69,68
150,274,262,193,67,84,80,71
180,408,381,291,41,55,49,42
195,492,473,327,75,114,102,87
109,224,213,160,85,143,132,103
194,432,399,279,87,109,94,81
97,185,175,131,81,101,96,75
151,266,258,197,76,104,91,82
127,278,260,195,77,91,83,79
137,282,262,177,92,128,121,94
145,270,254,197,55,60,50,49
156,321,302,197,69,89,78,56
169,349,328,239,70,100,94,76
162,272,248,195,68,85,74,65
205,388,360,259,76,115,106,94
113,230,220,157,94,139,126,109
182,309,282,218,80,101,89,77
183,319,301,220,90,104,92,77
178,381,355,249,65,82,69,67
155,306,287,229,88,115,110,92
211,455,439,328,60,93,85,63
124,189,175,127,86,95,86,74
161,403,381,293,73,98,88,79
178,428,404,314,100,122,109,94
149,364,346,273,73,90,85,76
142,258,231,186,71,86,71,68
174,388,370,267,86,112,100,88
152,330,319,234,67,70,62,60
156,305,286,196,70,89,82,68
147,264,248,174,81,114,109,95
149,288,269,207,85,103,94,79
162,287,268,201,97,150,142,120
148,285,270,223,58,69,63,53
92,168,158,128,72,94,87,74
122,247,232,170,77,97,79,73
133,246,228,188,55,77,72,55
156,341,322,222,82,102,96,89
122,239,223,167,92,135,127,106
150,299,287,210,86,94,80,72
146,303,285,224,81,86,76,71
143,270,249,190,74,98,86,74
193,420,405,310,92,119,109,89
159,337,314,226,82,106,90,85
178,358,338,226,86,126,119,98
113,251,237,191,65,60,55,46
130,256,245,191,95,127,114,99
177,352,329,245,75,86,83,68
179,384,361,275,73,88,80,69
134,236,221,173,77,122,111,100
191,403,378,283,65,74,65,60
164,333,315,239,73,89,82,74
158,352,333,254,90,124,114,104
171,337,320,220,84,111,105,80
138,269,259,182,76,92,86,69
169,339,318,219,79,95,85,81
143,308,285,199,74,81,75,61
145,310,290,207,59,69,64,56
163,349,328,235,111,144,135,108
146,272,255,184,101,112,103,90
106,195,179,129,70,76,71,60
144,295,278,190,86,94,82,77
122,208,191,148,78,109,100,86
159,288,268,190,73,112,102,89
172,349,327,240,72,144,131,114
184,387,369,273,61,73,65,62
167,323,310,203,84,128,120,94
114,206,189,141,75,87,79,72
173,371,350,246,86,110,101,84
79,187,180,118,70,80,72,66
135,342,330,263,72,98,94,79
194,444,416,313,74,90,80,67
147,282,259,189,73,97,93,78
149,297,283,210,91,126,113,103
156,286,278,199,73,99,91,76
164,355,338,256,102,134,124,102
149,322,299,201,82,97,88,82
173,348,328,224,77,93,82,71
142,285,267,192,83,111,97,92
146,259,249,170,82,109,101,84
185,404,381,287,72,97,93,83
181,343,325,251,84,111,101,88
203,414,395,289,53,58,49,45
120,237,218,160,95,122,109,92
133,296,272,180,64,82,70,62
141,243,228,158,79,100,90,73
133,306,292,221,78,109,97,91
143,278,262,200,59,85,79,69
136,253,237,164,110,144,131,111
178,394,375,269,73,89,85,72
167,333,318,219,80,103,93,81
171,334,314,225,72,97,83,80
156,333,316,218,77,101,91,78
187,336,324,245,59,70,65,53
159,285,276,201,60,72,67,61
226,531,513,369,105,143,134,111
184,379,361,254,65,70,62,61
186,377,361,245,85,103,96,76
93,193,182,134,98,119,107,82
196,379,360,244,92,144,135,114
168,304,288,218,82,105,91,75
143,238,220,167,64,81,72,59
152,264,252,173,103,118,108,88
155,318,305,216,61,70,62,53
151,278,266,189,93,121,114,90
142,332,318,234,81,126,120,95
99,179,169,110,106,136,122,100
149,287,271,217,102,144,133,111
145,311,291,217,65,79,72,63
203,374,350,245,91,110,101,83
174,303,287,185,93,108,95,79
153,335,322,227,83,114,103,91
183,367,352,242,73,90,80,61
173,363,341,245,70,89,75,62
143,332,317,223,73,97,89,75
224,403,381,293,74,92,85,69
173,370,350,272,108,157,150,120
194,375,353,261,110,143,131,102
111,279,263,180,60,77,66,59
174,339,324,237,78,108,101,80
148,295,285,210,66,98,92,82
186,400,382,265,74,100,89,85
176,334,313,225,72,103,92,78
142,306,288,212,83,104,91,85
180,350,337,245,86,106,98,79
157,371,354,258,79,97,87,74
199,426,401,290,80,95,85,69
147,290,273,214,57,78,68,61
189,405,383,302,71,89,79,66
140,291,274,229,71,104,101,79
235,560,531,378,60,73,66,58
131,195,178,133,77,86,77,64
111,221,206,147,81,129,118,89
163,286,267,212,79,95,89,74
177,362,343,254,53,77,72,63
130,260,241,182,59,83,76,67
145,323,307,219,83,100,88,81
125,253,240,179,60,87,82,65
120,232,219,140,77,122,116,81
205,509,485,378,59,72,67,48
132,237,221,165,78,115,100,89
180,428,406,300,72,88,80,67
122,280,259,200,81,83,74,63
184,307,284,227,94,116,103,92
132,235,210,172,53,67,63,54
158,285,269,198,81,107,98,82
160,318,303,222,92,92,79,66
106,154,140,95,99,127,116,93
168,413,385,312,80,127,113,108
176,374,359,250,86,107,97,81
230,446,423,301,88,92,81,74
177,341,323,244,82,120,108,94
137,267,247,197,76,122,111,97
174,349,327,254,71,89,80,73
139,256,237,176,94,119,111,93
134,288,279,209,84,103,94,81
163,333,315,210,73,95,87,72
198,353,331,257,75,115,104,89
150,301,277,204,87,96,84,78
179,356,343,257,81,119,112,98
