70,65,48
118,112,92
120,113,92
101,92,83
110,108,85
102,91,81
110,94,87
104,90,79
145,130,112
132,129,109
82,75,70
106,95,85
127,118,101
127,116,100
123,117,98
130,118,98
103,94,82
121,116,92
85,79,66
95,90,71
172,166,131
124,116,83
112,94,87
109,96,81
116,105,88
106,99,83
90,86,70
124,115,86
76,68,65
114,106,90
117,112,89
91,84,66
103,95,83
110,102,86
125,116,92
97,84,83
104,92,86
72,65,49
85,80,64
94,86,81
84,79,68
106,102,91
142,137,113
121,110,98
119,110,92
113,103,81
101,94,75
77,69,63
110,103,86
115,105,88
86,83,66
85,77,64
88,81,72
130,121,110
109,103,83
104,92,80
124,118,84
67,59,50
110,97,79
108,101,78
87,83,78
127,119,97
124,113,89
110,96,84
153,144,118
131,122,102
182,173,149
143,137,110
89,81,62
98,85,75
100,88,76
135,129,96
115,110,76
95,85,72
72,65,56
100,93,82
121,112,90
138,129,100
113,105,83
103,99,70
117,110,89
76,66,59
109,101,84
124,117,93
71,62,61
117,108,85
95,89,75
136,123,103
152,138,120
89,84,73
132,124,100
111,104,90
110,99,83
115,110,93
86,74,73
111,105,76
141,129,107
96,90,72
135,128,102
111,100,87
123,113,95
105,95,77
103,94,80
126,113,96
112,105,90
76,68,59
141,133,100
119,110,86
100,88,82
104,95,80
156,140,117
107,101,87
143,129,108
92,84,69
118,104,91
77,71,61
93,86,69
123,114,99
79,72,60
137,127,103
157,145,116
146,133,106
72,60,61
83,73,66
149,139,108
94,84,73
104,92,83
100,89,71
81,75,68
87,78,67
80,69,62
120,115,95
95,83,80
76,70,62
140,127,97
72,67,55
130,118,93
144,139,111
122,114,88
104,95,72
87,79,67
119,107,86
102,93,87
115,110,81
112,104,86
126,115,91
137,129,91
71,64,60
117,111,93
102,92,76
76,64,65
116,108,90
119,107,79
122,116,84
185,174,136
79,66,69
124,116,96
117,104,93
103,94,74
152,139,121
93,84,66
120,107,93
149,136,99
136,129,105
83,80,60
90,80,68
104,98,77
123,112,84
91,79,69
102,93,86
125,121,90
101,95,79
98,89,74
99,91,68
129,120,100
98,89,71
109,98,79
126,117,99
97,90,68
104,98,73
114,108,91
94,86,75
102,94,72
110,106,84
151,141,119
86,79,65
113,106,93
132,121,103
122,111,91
140,132,118
110,101,89
101,89,79
77,68,62
82,80,61
146,138,111
86,76,58
104,90,78
75,64,61
99,84,80
123,116,96
80,71,59
104,98,86
98,86,72
90,80,71
114,104,88
91,86,69
100,90,84
80,71,66
118,110,90
110,101,84
119,110,96
166,153,116
78,70,55
77,68,56
122,115,101
145,130,116
122,108,81
122,116,94
101,93,83
153,144,125
135,123,96
110,102,77
139,133,104
116,104,82
115,105,85
102,93,78
124,118,91
108,102,75
70,61,53
122,113,93
104,100,79
93,85,72
117,101,85
99,92,78
106,101,84
88,81,56
101,96,75
110,99,87
101,89,78
100,91,80
125,111,104
97,86,77
152,142,116
123,119,93
110,98,83
134,128,101
85,76,62
109,94,81
113,100,86
87,78,69
127,117,101
131,124,107
94,85,67
133,126,97
89,78,76
89,82,74
114,103,85
150,141,122
148,142,117
145,135,109
124,113,90
128,121,103
92,82,66
97,84,79
110,100,81
90,87,64
87,79,74
157,149,111
114,102,86
104,93,78
78,69,58
124,116,85
107,98,82
100,91,84
103,97,80
88,77,66
132,123,90
111,104,81
85,75,67
143,131,105
101,91,83
130,120,89
104,97,84
128,117,101
78,72,66
120,103,92
100,95,74
55,49,51
89,86,70
132,116,101
87,80,66
84,77,66
82,75,65
151,141,123
94,82,70
107,100,86
88,81,69
136,129,101
83,74,59
114,108,97
134,122,98
138,127,99
135,125,101
88,82,75
102,94,72
102,93,71
124,110,92
86,78,68
118,110,89
112,106,85
77,73,64
68,61,51
88,71,65
125,116,101
112,103,87
118,110,78
138,129,112
112,102,87
92,79,70
112,102,83
124,114,94
128,112,104
112,101,88
174,162,129
126,117,102
114,108,82
187,177,145
118,113,85
123,114,97
160,150,102
126,116,98
115,110,90
122,107,88
79,70,69
122,115,88
114,104,81
162,151,119
112,102,86
125,113,84
127,120,93
120,111,88
101,95,80
80,70,64
99,89,72
161,146,119
86,81,66
90,83,76
107,95,85
85,80,70
137,134,109
77,64,60
106,95,75
70,61,52
137,124,106
125,116,93
139,131,102
95,86,73
87,75,65
90,80,69
112,99,97
136,121,107
95,85,75
101,87,81
131,126,95
114,105,93
99,93,77
115,100,85
111,101,90
108,102,84
98,94,75
99,85,74
72,64,54
101,95,78
107,94,85
90,82,65
145,137,114
127,117,107
157,149,103
137,125,110
103,94,82
123,107,87
110,98,82
113,100,85
95,85,76
106,97,80
107,102,86
123,110,87
122,110,93
128,116,100
107,98,83
134,127,105
93,86,68
117,103,95
97,87,73
95,84,72
102,97,75
93,84,62
144,133,108
150,138,122
84,72,69
130,119,98
110,105,93
133,117,97
106,98,87
127,117,97
97,90,76
126,121,100
91,83,68
107,95,87
87,72,70
173,161,124
106,92,80
105,102,81
122,113,87
144,140,102
84,74,77
122,113,95
105,95,79
118,107,86
101,96,83
91,85,75
131,116,90
103,95,80
102,93,76
84,74,62
75,71,66
116,106,86
122,109,96
173,159,134
139,120,99
121,108,86
115,101,92
112,100,97
90,81,70
101,92,72
104,89,70
113,104,85
169,154,116
113,107,86
95,84,75
116,108,88
94,88,78
92,80,68
100,94,64
115,100,87
136,130,104
132,126,96
107,97,86
118,107,89
97,88,71
88,83,70
110,102,86
90,80,75
128,117,94
111,102,84
150,136,111
114,110,74
100,93,66
125,113,101
108,101,81
145,138,112
97,88,74
125,119,87
135,126,100
99,90,84
116,113,95
135,126,96
147,136,109
127,118,90
113,98,90
102,96,81
159,146,114
71,66,52
152,144,120
100,93,87
124,116,97
154,137,131
164,152,125
94,87,73
101,92,83
91,82,71
111,102,86
77,71,60
134,126,105
130,117,108
107,98,84
121,111,88
123,111,82
101,87,69
78,68,57
105,100,78
85,81,70
96,89,70
100,93,73
113,103,91
122,118,97
145,135,119
63,58,52
86,80,72
71,63,56
84,71,62
126,120,92
139,128,108
110,103,96
137,128,103
115,106,82
78,70,60
96,92,77
96,84,74
122,114,99
76,69,58
105,89,78
131,118,105
108,98,85
120,113,97
160,147,113
122,114,96
97,89,72
90,83,73
103,92,83
126,116,94
106,99,86
78,71,68
147,137,106
118,108,83
97,92,78
105,96,77
117,108,89
98,92,80
117,107,88
126,115,101
134,126,108
105,91,78
94,84,71
99,95,74
90,81,67
153,145,105
95,88,74
102,87,77
76,67,63
91,81,73
102,99,75
141,132,102
142,131,113
134,128,106
134,127,110
127,116,84
128,121,100
73,68,55
151,141,106
98,89,81
87,76,68
73,62,58
132,115,89
134,128,104
130,121,95
114,103,88
113,108,84
139,120,102
100,92,80
92,83,64
153,141,118
135,125,104
125,113,99
142,131,108
124,111,92
145,133,109
109,98,81
144,134,102
98,87,67
140,134,97
99,92,79
130,118,93
93,87,66
113,104,92
81,74,70
101,88,74
94,81,70
83,72,59
130,120,100
118,107,93
140,125,108
122,112,102
144,134,111
148,139,104
128,117,98
128,119,94
89,79,71
122,116,93
111,99,88
102,87,71
101,91,76
96,88,75
109,99,91
108,101,84
97,86,72
113,100,82
141,125,102
101,93,80
79,72,59
99,89,77
93,87,71
123,113,89
87,82,69
91,81,63
149,135,111
137,125,103
132,121,102
129,121,93
123,115,90
150,133,118
117,106,93
151,144,118
146,136,111
141,131,100
113,104,89
149,135,119
135,127,98
132,124,100
129,119,107
149,135,108
100,94,78
136,125,93
117,102,84
80,73,64
225,218,166
130,115,99
132,126,103
118,110,86
67,63,51
103,90,81
93,85,83
92,85,76
126,117,100
153,144,115
114,101,86
104,96,75
97,89,80
107,100,86
122,115,94
112,104,86
80,68,66
105,93,81
133,126,115
83,78,66
87,78,62
98,86,81
132,121,88
86,77,58
143,130,101
174,157,131
91,82,69
96,85,75
154,145,117
101,93,80
89,74,77
125,121,100
136,125,104
120,112,92
97,90,75
132,124,93
129,115,97
102,90,83
87,76,67
77,69,58
112,108,81
102,95,80
92,85,69
102,96,79
67,62,53
137,121,105
112,100,81
86,79,68
125,114,97
120,116,99
143,134,114
86,79,60
102,94,80
106,99,73
120,108,101
136,120,106
107,100,79
120,106,101
84,75,66
78,74,54
121,112,100
78,71,60
111,99,88
122,108,83
105,96,75
87,81,63
127,119,101
94,84,78
129,119,100
85,73,71
160,148,109
116,108,90
130,121,103
124,112,100
82,74,70
117,112,89
121,112,100
103,96,76
102,97,83
82,74,66
160,151,119
109,93,82
92,85,68
115,109,84
160,152,118
104,96,76
105,93,82
141,128,100
120,110,89
132,118,96
104,88,83
107,97,82
108,102,87
100,92,77
134,122,95
132,120,95
76,69,56
77,66,61
140,125,98
80,76,61
102,96,77
114,102,92
98,83,80
126,115,96
116,104,90
109,101,85
107,98,89
87,77,68
120,112,88
89,78,71
116,104,91
176,166,134
129,118,104
131,125,101
93,80,66
138,126,117
137,129,115
88,79,69
115,106,82
123,112,100
117,100,83
95,87,74
124,114,88
122,116,91
69,62,53
142,134,108
120,113,94
89,82,63
144,131,115
101,94,80
102,94,66
135,130,109
106,100,91
141,129,102
118,105,85
56,47,49
109,104,82
109,99,80
95,86,76
129,114,94
83,76,65
133,124,112
129,119,102
121,110,91
93,87,73
152,143,120
82,73,66
129,122,96
113,104,94
109,101,82
87,84,71
103,92,72
89,82,72
118,109,90
125,122,90
100,97,74
80,69,63
97,86,76
112,104,81
120,110,89
105,99,84
182,172,123
167,146,126
87,77,70
100,89,84
130,122,87
114,107,88
101,94,83
108,96,88
114,107,92
100,89,78
103,96,80
129,119,96
81,73,64
95,89,73
131,121,93
162,153,108
90,83,66
127,119,95
158,150,122
78,67,57
115,107,92
198,188,142
139,125,100
135,124,105
101,90,78
101,94,74
160,156,122
137,122,104
93,87,73
115,102,90
114,104,81
94,88,74
123,113,92
86,72,68
104,91,84
110,96,87
162,148,124
92,86,79
106,94,86
162,153,121
83,71,67
132,124,104
110,103,80
132,120,106
128,121,105
95,85,72
64,51,50
112,103,86
134,123,98
75,70,61
122,113,90
97,90,72
106,98,85
110,102,84
114,106,80
98,90,89
124,115,89
100,94,78
119,109,92
90,79,72
76,71,61
85,77,64
131,126,98
99,86,71
141,130,115
149,135,111
145,138,112
89,79,72
112,103,81
162,146,121
152,135,110
155,141,113
138,123,112
90,79,66
177,158,130
150,138,113
61,56,54
129,116,87
94,84,76
122,111,88
108,99,88
131,121,94
102,93,81
111,102,86
122,108,94
85,81,68
74,69,57
102,97,78
102,94,84
119,106,93
82,77,67
89,84,70
154,147,120
103,95,75
121,115,92
117,104,83
107,100,81
124,119,97
172,164,126
149,140,109
105,97,85
104,90,77
101,91,82
109,99,82
93,86,76
89,75,68
74,67,57
75,64,59
107,94,91
111,106,82
98,88,74
139,131,114
120,114,93
108,98,80
140,134,115
95,88,72
75,66,53
149,142,117
134,122,103
140,127,106
118,104,95
162,152,119
73,66,58
135,125,105
79,73,61
138,127,105
116,107,88
108,98,92
123,111,94
122,108,91
108,97,85
107,96,80
124,114,91
137,124,112
144,130,109
91,83,71
146,137,111
122,113,92
76,65,58
122,112,102
95,80,73
80,71,61
93,81,78
124,112,96
114,103,87
127,113,100
125,118,97
107,98,84
107,101,87
125,111,92
97,85,75
113,104,93
140,134,115
103,99,70
105,96,86
112,100,88
139,128,101
121,113,95
89,84,67
113,105,79
139,128,102
109,102,82
132,121,97
123,114,91
83,78,64
127,119,92
120,112,94
90,82,72
128,116,105
110,99,82
115,107,88
125,114,98
102,95,69
134,126,104
101,87,73
106,90,82
116,108,87
103,95,78
126,113,88
136,126,105
114,105,90
93,79,72
121,109,96
96,85,71
110,103,77
141,133,109
112,103,75
116,108,85
107,97,82
86,78,65
103,92,83
95,88,67
85,76,64
74,67,61
116,103,95
124,115,98
108,95,81
82,79,59
111,103,80
144,135,107
106,96,83
122,113,96
105,102,74
105,94,84
69,62,56
151,140,109
122,113,101
123,115,88
109,100,78
85,82,64
108,98,85
68,57,51
138,131,105
96,88,70
190,176,134
118,103,91
138,131,98
146,136,105
111,102,93
76,71,56
92,80,72
104,95,80
85,79,69
118,106,96
121,112,96
138,133,103
133,122,96
123,116,98
106,90,82
93,87,67
86,81,73
145,132,93
129,115,89
90,81,70
112,99,89
96,90,74
132,125,90
102,93,81
99,98,76
155,146,116
75,68,63
84,76,65
130,120,101
195,179,138
110,105,83
98,88,76
137,128,95
88,81,70
114,106,94
147,135,112
97,87,75
76,69,60
96,83,76
121,111,84
107,98,79
152,141,106
75,64,54
115,101,89
117,104,88
90,83,73
101,93,87
130,124,104
83,73,61
78,74,63
125,115,99
102,90,77
99,90,73
95,86,74
115,107,83
121,117,96
152,142,122
70,59,54
86,81,76
119,108,93
75,67,58
103,90,77
87,79,67
142,135,120
88,83,76
105,93,88
114,104,88
85,78,68
82,68,63
83,75,65
123,112,95
108,97,76
110,102,87
112,103,87
128,121,90
105,98,74
136,121,103
144,132,104
106,98,78
99,89,76
101,95,80
130,125,103
120,108,101
104,97,78
104,100,84
103,95,85
127,118,103
82,76,65
109,99,84
109,99,84
112,104,87
104,97,80
169,161,130
139,120,99
163,151,131
154,146,113
97,88,72
125,111,84
116,108,83
85,78,67
171,158,120
109,102,83
86,81,65
117,108,86
88,80,73
111,105,88
120,109,85
99,88,76
126,115,95
119,110,92
115,99,86
99,91,71
112,97,88
105,93,86
119,111,89
100,85,82
115,104,83
91,79,67
161,154,118
151,134,116
81,72,66
129,119,102
105,95,78
131,122,101
122,114,87
160,149,120
71,65,49
113,102,95
69,60,54
89,79,65
122,108,95
135,119,101
123,112,91
129,121,102
72,68,61
126,120,90
141,131,113
131,120,105
115,108,87
102,89,74
110,98,87
111,101,85
88,82,69
112,103,78
112,105,91
103,93,86
97,88,76
108,98,84
138,127,106
129,122,98
123,115,96
121,111,99
81,72,61
109,98,76
103,91,86
75,68,58
100,94,68
139,127,104
104,94,82
118,104,89
64,57,49
93,87,73
120,112,93
143,131,107
82,76,60
130,120,92
76,70,61
119,115,102
105,100,75
133,118,114
83,68,69
73,64,61
125,111,85
126,117,90
89,82,70
132,121,92
158,149,116
92,89,68
150,144,125
81,72,63
90,86,71
117,106,83
88,84,68
112,102,84
109,95,83
154,143,119
103,91,81
70,65,51
86,78,68
69,62,55
103,96,79
126,113,92
78,70,64
133,122,101
92,82,78
119,108,91
128,120,101
107,98,81
95,83,76
123,113,101
174,164,125
107,103,82
101,96,77
119,111,92
153,142,118
92,82,71
107,94,83
134,119,100
109,95,81
94,86,74
134,126,104
116,109,94
118,108,96
86,83,72
127,120,89
115,106,85
108,103,87
82,77,64
95,87,78
114,108,84
124,117,80
103,96,87
116,108,90
116,106,83
151,145,121
134,121,102
101,92,79
86,85,69
111,103,85
120,111,88
121,108,93
134,118,100
107,99,82
110,100,85
112,105,86
157,142,113
96,90,78
81,68,62
121,115,96
103,94,83
83,74,71
133,128,116
119,108,94
121,118,82
138,130,103
121,110,87
140,133,102
129,117,98
94,85,72
149,143,111
120,113,96
95,88,68
65,54,48
89,85,75
121,114,87
135,126,101
146,131,112
107,97,89
113,106,90
73,66,58
111,106,76
103,97,79
97,94,72
88,75,68
98,91,83
155,147,117
127,114,97
91,81,72
86,82,62
150,139,121
136,126,106
115,109,85
125,116,97
89,80,64
122,106,94
123,114,94
121,112,90
98,92,73
152,141,113
137,125,98
94,84,72
95,87,71
117,105,102
120,107,89
129,123,105
187,179,136
102,95,73
94,84,76
123,111,99
129,120,103
106,95,75
126,121,92
142,127,105
113,102,88
104,95,85
91,82,67
92,85,73
133,130,94
111,105,82
98,90,80
104,97,79
117,109,92
152,148,110
126,116,98
141,132,102
112,98,88
156,146,120
140,132,103
147,137,119
73,67,61
111,100,87
80,70,66
91,79,69
98,90,75
135,126,102
99,91,74
152,148,114
126,119,86
127,112,86
120,112,91
127,117,94
101,91,80
80,68,61
128,123,98
90,84,70
151,136,123
117,108,90
114,105,90
147,141,105
98,85,84
101,87,81
138,129,96
128,117,89
113,104,86
93,88,74
132,121,101
132,123,99
103,98,84
106,96,87
142,134,101
62,58,47
154,141,119
106,100,76
109,101,83
106,98,80
150,142,123
77,69,63
169,155,130
157,146,116
126,119,103
103,94,75
138,131,105
83,79,59
94,87,77
102,95,71
74,70,58
111,106,86
161,147,120
62,55,54
135,125,97
83,73,67
105,99,83
92,84,73
140,131,112
95,85,72
116,103,92
114,103,85
75,73,55
111,100,93
111,108,83
104,96,85
144,135,112
88,78,70
91,89,77
80,72,63
81,77,63
128,122,101
124,118,93
99,85,81
128,122,103
133,126,100
112,104,77
100,89,71
90,83,70
121,113,86
100,93,80
123,117,96
146,139,111
108,97,88
101,91,78
144,135,110
124,112,94
91,87,65
114,102,87
112,104,79
157,147,126
135,126,110
82,76,59
88,80,69
96,90,76
121,107,96
136,130,104
80,69,62
206,190,152
88,80,73
108,94,95
106,99,79
85,75,75
78,74,59
114,101,88
144,136,113
105,98,86
112,104,84
94,88,69
125,116,91
118,108,88
176,163,131
89,79,68
88,82,67
78,71,55
119,113,82
117,106,89
98,91,79
114,103,92
108,103,84
98,86,70
142,132,111
91,81,71
107,96,81
102,92,78
151,137,112
145,137,112
90,83,75
168,157,128
68,56,53
112,103,85
129,123,100
84,77,79
124,112,92
137,129,106
136,128,106
110,103,90
73,65,57
125,118,92
116,106,78
135,125,112
98,89,80
130,122,108
84,70,64
135,121,103
109,101,85
119,104,94
109,98,81
135,126,111
122,115,87
100,90,83
80,68,61
117,109,90
192,179,147
129,120,103
92,84,66
94,82,74
111,102,79
144,136,107
111,100,90
107,96,90
98,90,87
134,125,106
94,86,72
128,116,100
119,108,97
80,75,59
90,84,69
121,111,92
115,105,86
150,130,117
200,187,150
134,122,114
46,39,42
108,95,92
110,100,91
138,125,97
105,96,79
111,101,94
163,151,122
75,71,61
91,83,69
105,95,78
144,134,116
134,120,104
116,101,81
90,85,69
119,107,88
113,101,90
79,70,65
101,92,76
106,98,85
134,122,97
79,71,62
86,78,65
98,89,73
123,110,88
108,101,86
124,115,92
95,82,77
84,77,65
132,116,97
93,88,79
139,127,102
125,114,93
110,102,85
97,87,72
100,93,80
71,66,51
102,89,78
106,99,79
114,107,94
82,74,69
99,94,77
153,135,117
89,77,68
139,132,102
124,119,94
143,128,117
109,93,85
123,117,102
90,84,67
142,133,106
97,84,74
132,123,94
104,100,80
156,150,121
92,83,81
103,90,75
104,96,84
77,71,60
109,102,79
95,86,80
158,141,114
155,141,115
123,110,92
119,107,91
134,127,101
85,74,70
108,100,84
98,88,77
108,100,86
116,106,88
146,131,117
113,103,93
112,102,89
92,82,73
127,120,96
100,92,77
92,86,77
131,126,95
150,135,106
111,103,88
122,116,93
125,112,109
91,83,74
112,102,88
69,65,57
92,80,78
129,120,110
88,79,74
63,58,49
118,112,95
124,115,100
118,111,96
84,79,65
158,146,128
105,98,83
137,124,101
114,102,91
148,141,113
85,79,74
111,101,86
123,114,88
78,64,65
150,137,109
124,117,93
67,61,47
108,101,87
148,127,111
93,84,73
101,90,84
129,120,100
97,92,80
122,113,93
99,92,80
110,104,90
104,96,84
125,112,98
105,96,80
105,95,78
113,104,72
128,122,95
111,107,85
140,133,103
115,107,86
102,93,84
118,111,86
94,90,63
153,146,120
72,66,55
109,100,89
113,104,93
102,93,83
96,90,79
95,89,81
121,105,99
89,74,70
93,81,74
112,100,80
92,80,65
126,120,102
82,72,59
111,103,88
123,118,97
135,130,101
134,126,107
95,85,79
106,98,81
88,79,75
145,131,104
118,110,91
106,94,82
124,114,100
141,124,101
107,97,74
100,88,65
108,99,80
115,105,88
152,142,109
145,138,115
148,143,111
106,99,88
75,69,63
133,123,92
89,75,79
106,98,77
105,97,82
108,102,92
139,131,105
121,111,86
110,102,91
133,118,97
123,111,95
121,99,93
145,132,104
124,113,95
123,112,78
121,111,82
108,101,91
112,100,84
109,105,86
103,96,74
108,99,82
86,79,60
85,78,69
114,104,95
120,110,95
85,79,58
134,128,98
104,92,83
115,106,80
107,95,81
83,74,62
124,114,93
154,140,119
129,123,104
178,166,128
111,103,76
94,85,67
150,135,113
105,96,76
168,156,122
109,97,88
124,114,94
130,126,92
109,101,87
143,125,101
118,105,84
83,73,70
99,94,71
113,103,86
117,103,87
134,122,90
118,106,92
86,83,66
75,68,62
70,64,52
97,92,70
79,69,65
133,122,97
60,53,50
94,85,70
79,70,55
68,61,57
93,87,73
109,99,83
89,81,77
119,110,85
111,102,84
101,91,85
132,121,94
132,121,100
184,173,137
108,104,78
96,90,67
114,97,92
114,105,73
69,61,56
93,84,73
121,113,94
65,60,50
118,107,82
109,101,84
78,68,62
157,143,119
113,108,89
128,120,94
90,80,67
123,110,96
123,111,99
134,124,104
121,112,95
141,129,100
156,146,124
101,89,69
114,107,84
101,93,79
120,111,93
135,121,98
121,111,85
121,111,95
129,122,102
83,76,65
94,89,79
112,102,90
91,88,71
143,137,111
84,74,68
176,169,129
134,125,108
96,86,66
104,96,72
95,89,66
119,110,81
115,105,93
121,110,98
130,123,96
102,92,76
112,107,82
149,139,107
106,99,75
91,87,60
134,121,101
141,132,105
146,134,116
108,103,85
118,107,99
119,110,88
91,82,77
108,95,87
158,147,112
107,96,86
110,100,87
105,94,85
152,143,113
153,142,108
108,97,87
132,126,110
109,101,72
139,128,115
140,127,103
139,128,101
103,95,83
90,85,71
115,109,89
151,137,116
106,91,87
93,86,75
103,94,78
112,100,76
72,69,56
129,119,87
78,70,58
110,100,85
117,109,90
130,116,104
85,78,73
96,87,77
145,132,105
83,74,71
109,102,80
99,90,75
73,60,61
116,108,93
91,81,70
118,105,92
117,107,90
133,124,96
92,81,73
110,104,80
109,105,75
151,138,100
96,84,79
105,98,69
108,100,76
97,86,70
87,81,62
141,130,103
132,122,106
142,134,109
94,86,71
156,149,120
115,103,94
106,96,78
189,178,147
81,79,62
99,90,78
128,119,101
106,105,84
105,96,76
87,76,67
111,107,91
99,88,79
133,120,96
129,119,100
114,105,82
143,131,117
125,115,90
126,117,96
103,93,79
108,101,73
85,77,70
89,71,66
101,90,79
120,105,91
117,110,88
117,108,96
109,104,82
110,99,86
107,96,79
112,98,93
96,86,73
124,120,97
127,119,91
98,89,71
138,125,98
132,123,104
96,88,79
90,81,69
146,137,122
106,97,88
117,112,81
154,138,123
99,91,75
113,100,95
94,83,72
137,129,114
79,71,59
96,83,73
130,121,102
126,114,102
161,155,125
161,146,110
104,92,87
139,128,93
120,112,83
110,101,86
96,87,76
97,92,82
98,90,74
97,88,82
99,92,71
92,80,75
130,118,97
102,94,72
85,78,73
109,101,90
88,78,68
118,110,96
101,91,80
70,62,60
134,124,105
133,122,104
96,87,74
111,103,82
90,79,81
113,102,87
150,144,108
150,138,108
94,87,79
81,74,64
130,119,92
108,99,82
105,96,83
97,89,80
115,105,87
132,120,98
133,123,111
109,101,86
134,123,110
86,80,73
126,113,99
124,112,101
108,103,90
106,96,86
110,97,80
164,156,125
91,83,67
90,82,64
95,87,71
156,145,133
84,76,66
143,136,106
112,102,80
123,112,85
146,130,107
93,82,67
126,118,95
106,93,88
110,99,87
79,69,62
125,118,99
105,97,78
112,104,88
115,103,83
91,85,62
146,135,109
146,135,108
113,103,93
139,128,111
143,134,108
85,76,58
96,90,79
157,148,129
124,118,90
131,124,92
92,87,68
100,85,72
94,87,66
105,100,88
121,107,102
117,106,89
114,106,79
146,137,103
63,55,43
96,91,82
105,97,80
148,140,109
78,72,67
92,85,74
110,104,86
126,112,97
110,106,83
118,111,80
90,81,65
90,80,70
145,135,103
113,103,87
79,71,64
151,141,108
105,93,80
119,108,91
148,132,111
107,99,78
82,73,61
87,80,72
155,149,107
127,119,92
172,159,116
107,95,83
72,65,59
103,98,80
98,86,71
88,75,73
101,90,82
93,86,74
130,122,106
146,132,107
115,103,97
115,105,83
135,126,93
86,79,67
96,89,73
142,130,100
141,132,113
177,166,130
165,153,117
146,135,113
119,103,95
115,102,86
114,102,84
100,91,76
104,93,77
120,108,106
94,89,73
137,130,102
105,100,82
148,138,106
103,94,80
102,93,75
83,75,66
132,118,97
101,92,68
119,110,89
108,101,80
123,111,97
97,86,64
124,118,98
125,116,89
86,77,70
138,126,106
129,116,108
116,109,79
96,87,72
96,85,74
70,63,61
119,109,89
76,69,64
97,88,76
121,106,97
95,79,76
100,88,79
99,89,73
111,100,82
70,64,52
90,85,76
102,91,79
134,125,108
127,119,101
120,116,97
91,82,69
121,114,87
99,95,77
82,74,69
61,54,50
83,80,71
86,78,72
131,121,94
136,125,102
141,133,106
105,95,88
97,89,79
141,129,103
115,103,87
66,58,51
128,113,104
100,88,79
116,103,90
124,118,95
94,87,78
83,73,61
129,114,98
106,99,76
106,101,83
116,103,87
117,102,92
92,85,79
119,113,89
94,86,70
137,122,104
116,112,96
106,90,81
123,112,97
82,77,68
116,105,83
86,75,70
132,121,104
109,99,91
113,102,80
92,77,77
89,82,71
109,97,87
124,110,91
133,127,113
112,97,80
109,102,91
101,92,81
92,82,70
106,96,77
122,111,92
106,98,85
158,149,120
109,99,89
134,121,108
119,109,83
121,115,99
77,71,68
97,90,72
118,109,87
100,85,73
104,92,81
130,123,87
115,107,79
139,129,103
144,131,109
110,94,85
89,81,69
85,76,73
120,110,95
92,78,74
158,145,112
102,97,81
92,83,75
82,75,60
101,90,78
104,97,79
98,89,80
122,115,105
160,151,109
92,85,72
112,103,93
118,110,91
154,143,114
147,139,114
90,83,75
142,130,96
107,97,94
98,96,72
105,97,81
107,101,91
104,95,72
85,76,63
88,80,66
129,120,101
82,71,67
112,100,79
109,103,86
103,98,79
83,76,63
99,91,88
138,128,110
103,95,78
102,93,76
103,97,77
101,86,77
113,102,86
170,154,135
151,141,112
64,57,53
122,117,95
83,74,61
75,67,61
112,104,94
84,77,68
122,116,97
97,83,78
128,120,96
138,130,105
105,96,84
85,78,63
102,95,84
126,122,91
105,92,83
113,100,84
139,126,96
119,113,84
155,137,116
155,140,122
106,95,85
125,120,95
104,99,85
135,126,105
102,95,82
110,101,77
110,102,82
117,106,90
122,115,92
105,96,81
95,84,76
90,84,69
111,105,85
91,87,78
129,116,100
120,112,89
102,90,76
112,99,91
126,111,85
104,99,79
110,101,83
118,108,94
78,69,61
120,108,96
154,139,118
140,135,106
114,105,92
92,84,68
120,110,92
171,163,128
114,100,85
94,85,76
104,97,74
146,135,113
140,131,108
96,88,74
129,121,93
116,107,87
100,96,81
144,130,106
110,101,83
151,142,106
134,124,105
91,82,67
137,125,112
143,128,109
154,135,129
104,93,70
135,123,104
131,121,101
91,77,63
132,119,98
133,120,109
98,90,77
111,106,85
106,92,84
116,108,90
116,104,87
75,68,55
104,93,89
122,115,97
117,108,93
121,114,93
125,116,98
90,81,71
102,91,77
120,110,93
114,101,84
126,123,93
93,88,66
128,115,86
114,107,81
139,127,99
98,93,71
118,107,95
97,86,80
107,96,75
130,121,102
135,123,114
158,144,117
71,65,50
112,107,82
89,79,67
131,118,103
112,102,81
129,119,104
121,115,88
140,124,109
100,92,73
119,108,96
134,130,101
98,89,76
111,104,89
70,64,57
106,97,91
129,125,97
74,68,56
85,79,66
86,79,71
109,100,82
137,132,98
118,111,82
116,105,96
108,100,83
93,84,76
113,101,91
131,124,110
101,93,83
99,88,78
75,66,63
137,126,101
90,79,77
131,120,87
85,79,58
116,106,90
129,124,100
84,72,71
91,84,71
111,103,93
109,99,84
93,83,64
100,92,77
137,127,96
147,137,112
74,67,53
88,80,72
102,86,81
123,112,91
102,91,77
99,90,84
112,103,85
116,110,76
89,80,70
95,84,72
86,80,70
155,145,111
86,76,70
150,141,121
132,116,97
101,88,78
105,101,82
89,81,68
80,74,67
163,154,127
150,137,117
117,107,87
78,70,64
85,77,68
88,80,68
74,65,52
149,142,115
74,65,55
121,114,89
107,92,82
93,87,71
109,97,86
93,86,74
82,73,62
169,163,130
92,82,64
120,111,90
75,70,67
96,87,78
125,119,104
120,114,86
166,153,132
85,78,68
142,134,111
142,129,103
177,164,132
129,122,99
95,85,82
132,126,100
125,117,87
128,123,103
127,117,88
101,91,74
121,109,81
144,133,112
139,129,112
99,90,76
108,97,75
88,81,67
102,94,83
93,84,74
93,84,75
144,132,106
161,146,118
98,89,79
129,120,107
126,111,91
139,130,97
133,124,98
147,133,118
142,139,104
91,81,70
116,105,80
124,110,86
105,97,86
107,97,80
137,129,97
80,72,64
122,114,92
86,76,66
138,117,102
111,105,84
138,128,105
107,97,72
88,80,59
78,69,66
106,92,76
101,96,78
146,138,107
109,104,81
105,96,73
58,41,44
89,76,67
64,55,55
160,146,133
119,110,85
68,63,56
158,149,121
94,89,76
129,118,97
96,83,72
109,100,75
105,96,78
81,75,72
64,55,50
77,70,63
100,88,88
142,133,105
129,118,99
152,142,122
111,105,79
142,126,110
128,122,103
123,116,89
111,108,82
148,136,113
113,103,86
108,93,70
102,95,74
90,85,68
95,84,72
104,94,83
81,72,63
151,145,103
110,101,84
113,103,95
107,96,85
101,91,76
106,97,83
128,123,99
108,101,79
99,93,85
139,130,110
80,73,61
62,57,46
83,77,66
129,117,97
123,118,100
91,85,72
105,98,82
94,89,75
145,130,114
142,132,98
96,85,88
112,99,85
102,88,77
99,86,79
114,103,91
120,107,97
90,80,62
113,105,77
90,80,69
98,89,71
111,106,85
101,91,86
134,119,95
73,63,63
100,87,78
103,96,79
79,72,49
105,95,76
102,90,78
128,118,103
120,109,91
142,135,105
84,74,65
82,75,63
109,97,78
84,79,66
88,83,67
153,142,111
105,99,81
81,74,71
108,101,83
145,139,115
129,116,105
130,115,100
179,168,149
104,94,86
115,106,90
111,106,81
177,169,130
124,111,102
90,79,68
67,62,57
112,105,84
147,134,106
87,80,69
100,85,81
156,150,121
84,78,68
132,119,106
113,102,90
97,88,81
115,108,86
156,148,113
139,127,107
71,59,60
151,140,111
69,63,55
118,113,90
126,112,81
78,72,63
117,110,93
37,33,31
94,84,75
109,95,81
80,73,59
121,112,89
83,75,56
103,94,82
126,120,101
97,84,67
114,98,89
102,92,75
103,89,76
85,76,72
117,109,92
111,108,92
108,95,81
118,103,83
106,96,81
81,71,64
85,74,68
81,77,66
148,144,120
99,91,79
105,92,83
113,100,81
127,121,91
114,110,96
113,105,88
100,91,72
75,69,60
145,138,111
132,121,96
87,85,66
83,72,72
98,92,73
147,133,122
106,95,83
82,73,61
139,126,113
111,102,82
115,105,88
135,120,101
133,123,104
105,97,82
95,85,71
124,112,93
104,96,78
118,109,89
98,88,74
102,95,76
111,101,89
125,120,94
94,89,69
105,98,79
99,88,70
97,87,74
134,128,104
103,97,85
109,100,87
114,105,81
143,130,106
142,129,113
93,87,63
149,137,117
110,101,85
125,118,102
116,105,90
69,60,53
124,119,94
97,86,78
89,82,68
126,116,93
109,96,86
88,82,63
176,167,128
119,107,87
119,109,92
102,94,78
140,130,105
104,98,77
103,100,78
127,119,91
124,116,102
144,131,105
113,107,79
107,99,95
149,142,108
87,71,63
116,103,89
91,85,74
94,89,73
116,106,95
119,108,88
125,120,102
126,117,103
124,120,105
123,118,82
115,107,92
105,93,85
94,86,75
115,100,89
135,123,97
139,125,101
106,98,89
119,107,87
119,105,84
119,108,90
68,60,58
125,113,98
155,145,109
115,107,84
118,103,92
99,93,82
130,122,100
132,124,95
161,154,118
74,65,46
131,124,102
100,96,76
112,103,88
103,94,81
112,104,76
78,76,57
124,116,94
113,106,91
111,102,86
141,128,111
105,95,82
92,85,76
160,148,128
98,88,76
120,115,85
80,74,65
125,115,98
137,126,111
108,100,74
111,99,77
149,131,120
164,151,127
124,109,96
75,67,59
121,114,97
96,90,72
58,51,46
123,118,100
146,132,120
84,76,66
125,116,98
95,85,79
113,106,97
96,90,68
93,82,77
105,95,87
111,101,83
121,115,89
78,71,59
155,143,104
145,138,119
141,129,101
116,109,90
144,129,110
112,104,94
66,60,48
106,91,82
101,94,84
145,126,111
115,105,97
94,83,74
96,93,78
106,103,84
147,132,92
134,125,103
97,92,73
79,65,65
100,90,70
85,78,58
138,128,102
105,96,82
109,103,79
104,96,82
107,97,85
96,90,70
103,98,78
80,73,71
113,105,88
83,73,68
102,95,79
114,108,88
109,96,87
172,161,126
101,89,80
94,83,76
86,80,65
136,123,105
156,143,124
84,81,70
168,152,130
104,100,82
83,73,64
67,57,58
120,108,92
100,91,81
134,119,106
113,107,84
99,85,81
113,106,79
90,87,65
111,97,77
111,106,82
94,90,74
93,85,79
106,100,91
159,151,122
124,115,91
120,105,87
88,79,66
159,149,118
129,115,100
115,107,83
108,97,80
130,125,89
78,70,65
93,84,66
76,65,61
89,78,68
111,105,78
104,100,83
128,112,95
82,77,63
86,77,69
133,128,108
103,91,80
95,92,67
105,99,88
115,103,93
145,135,118
107,99,76
122,114,92
92,80,69
96,91,79
164,145,115
110,96,79
150,142,116
95,84,77
126,116,92
128,116,101
107,95,78
136,127,96
144,137,112
118,105,94
113,102,89
99,91,78
131,122,96
101,93,83
142,135,115
162,151,128
133,117,101
100,91,66
123,116,90
140,134,101
91,85,74
71,65,55
77,69,64
111,104,90
109,101,73
81,75,62
113,102,84
113,107,86
97,90,75
82,75,65
98,88,72
79,67,63
87,79,76
79,74,67
140,136,107
132,126,94
96,91,76
108,99,82
91,83,67
105,98,76
113,107,86
94,84,64
106,96,70
92,83,69
142,130,102
67,60,57
118,108,88
134,125,98
113,104,91
86,76,68
130,121,96
124,113,101
140,132,105
114,103,87
112,99,92
112,106,91
111,105,81
123,111,83
130,117,100
86,77,62
104,97,81
105,96,82
107,97,69
110,96,82
102,92,82
87,74,67
134,123,98
117,109,92
102,94,74
147,134,106
86,78,64
119,110,97
109,98,80
123,108,83
93,86,72
99,90,86
116,109,88
83,73,67
109,100,81
90,78,68
103,94,74
90,86,66
103,98,75
120,115,92
74,68,67
124,115,93
80,69,59
128,119,87
104,94,85
106,93,83
124,112,103
129,115,89
116,107,95
136,125,103
128,119,93
121,109,91
128,120,111
114,106,92
83,78,65
94,88,71
137,127,97
144,138,103
72,66,56
123,116,101
78,68,57
138,118,107
108,99,78
95,92,77
134,123,95
95,90,72
109,92,83
84,74,59
93,90,63
96,92,74
103,93,76
108,97,77
114,107,96
122,116,86
92,86,78
93,85,65
127,119,101
131,121,111
95,91,70
130,120,103
143,127,109
92,87,69
104,97,85
112,104,86
150,137,113
134,124,110
99,88,79
108,98,77
104,95,83
110,98,88
72,66,54
103,96,71
124,118,92
121,109,94
136,127,107
108,104,82
129,115,95
186,174,131
121,115,86
119,115,82
136,127,90
132,121,98
99,88,81
125,114,95
120,105,93
83,76,66
104,95,86
60,56,47
121,107,87
127,117,98
135,125,106
119,109,78
127,119,97
136,121,95
100,90,76
129,120,93
129,122,94
94,82,74
95,81,76
143,140,103
61,54,50
83,76,68
85,75,69
92,77,63
99,92,76
108,99,77
130,126,103
92,83,66
140,135,99
101,91,85
106,97,75
119,115,98
117,106,84
152,139,121
93,84,78
151,143,117
90,76,74
161,147,131
138,125,102
124,109,83
87,80,67
118,113,83
110,103,72
102,92,81
116,109,88
148,130,101
103,92,74
83,79,67
84,75,63
79,69,62
94,86,70
127,119,103
115,107,96
142,125,99
91,85,64
101,94,71
123,113,85
112,106,86
103,92,79
137,122,101
101,94,84
95,85,81
116,106,93
144,133,106
85,78,61
102,92,80
129,115,101
92,78,74
126,112,89
192,178,142
115,108,88
144,130,103
94,87,74
145,130,100
91,84,76
94,86,67
109,98,88
77,67,63
66,55,50
124,120,87
138,132,95
63,54,52
120,111,96
137,130,100
117,110,79
76,69,62
123,109,93
159,139,109
93,85,72
175,158,130
97,93,78
116,102,93
104,97,80
139,128,107
130,120,110
90,85,74
100,92,79
119,111,91
139,137,112
76,68,58
167,161,127
147,129,96
122,114,87
101,96,90
123,109,86
132,123,97
86,77,58
77,63,61
102,87,73
169,163,130
90,83,71
86,76,62
75,62,64
104,92,91
83,75,69
82,77,65
161,149,117
110,99,73
125,115,87
95,87,84
176,164,138
86,76,67
77,69,65
121,116,98
106,99,76
104,95,80
111,101,83
144,129,101
113,102,90
128,119,102
89,80,69
111,98,82
95,92,70
80,72,64
118,103,93
105,96,83
104,97,84
94,86,76
116,104,82
116,111,85
61,57,48
121,114,89
75,68,58
187,173,147
78,69,57
121,109,84
119,111,88
125,118,98
127,120,103
133,122,105
68,61,61
119,107,95
88,82,66
91,82,73
96,87,76
108,97,87
109,98,78
116,109,94
97,92,84
157,144,120
140,132,102
109,99,85
108,102,84
129,113,100
118,105,87
128,116,99
91,85,65
118,109,92
90,86,67
115,109,96
44,43,34
122,113,88
92,86,77
127,118,79
103,97,82
108,96,90
95,87,82
94,90,78
63,54,55
91,87,80
155,142,117
149,137,102
141,131,95
131,125,112
98,95,80
104,98,80
75,71,54
120,111,84
109,102,88
136,121,109
130,119,83
84,79,68
85,78,65
110,100,77
108,104,80
107,96,88
105,96,79
175,161,129
59,53,46
131,118,107
103,95,78
143,133,109
74,67,60
146,134,110
113,103,80
118,110,90
159,142,112
83,73,64
106,100,83
92,86,71
126,117,99
108,94,83
82,78,65
89,84,66
90,85,66
137,125,106
94,82,72
63,49,47
84,71,64
102,92,76
166,158,121
137,128,103
66,61,55
93,87,75
146,137,117
98,91,67
152,145,113
117,102,96
123,115,99
87,79,72
93,82,72
137,132,92
105,96,78
98,85,75
84,76,59
143,133,103
102,95,73
85,80,72
95,85,65
108,99,80
110,100,81
102,89,80
104,97,81
106,99,72
101,93,79
87,75,61
87,78,65
90,89,66
122,110,94
127,123,86
69,65,50
98,88,72
97,89,70
115,105,99
106,98,81
107,96,92
88,80,70
92,85,64
119,106,91
76,72,65
115,105,85
89,80,67
117,112,86
126,113,97
139,122,104
131,120,104
116,105,89
93,84,71
144,132,109
122,112,86
107,95,71
117,109,91
123,114,97
59,54,47
105,95,74
146,136,116
76,71,60
156,139,119
145,134,84
90,82,75
136,122,98
85,78,67
136,125,105
115,101,84
129,123,90
98,92,82
99,88,78
139,125,101
62,53,48
71,61,56
91,83,77
83,73,65
108,95,85
77,67,59
114,101,96
119,109,85
89,84,71
90,83,70
110,102,83
72,68,59
130,121,90
85,72,69
108,96,85
66,61,56
113,105,90
120,116,101
98,85,69
88,84,69
84,76,61
101,92,74
78,71,58
144,131,108
80,73,67
138,127,103
117,110,90
113,103,76
127,118,98
131,117,98
92,86,68
103,94,88
124,116,90
88,80,65
102,96,85
115,107,94
158,146,113
116,101,87
87,83,66
88,77,68
186,174,140
118,110,92
145,135,119
108,94,85
114,109,73
74,68,59
126,125,102
88,82,66
90,84,71
108,102,91
169,157,128
100,91,70
125,117,88
96,84,75
99,90,68
118,104,92
131,119,91
96,85,65
131,119,103
124,118,93
126,120,89
124,110,98
134,118,91
153,136,117
100,96,71
111,102,90
115,106,83
86,77,69
150,137,110
105,92,84
92,83,67
101,93,85
112,104,88
120,114,96
84,77,62
148,135,106
112,100,79
115,112,90
110,100,82
118,106,87
94,81,79
87,81,67
139,124,103
75,70,58
106,93,84
145,135,113
118,101,90
85,79,58
111,104,87
179,168,130
85,76,65
85,71,61
142,127,94
116,111,89
93,83,76
103,93,79
104,100,78
100,92,82
129,119,96
88,83,65
114,109,91
102,90,84
122,112,87
139,130,110
136,126,105
77,71,63
98,95,74
117,106,88
112,98,89
103,95,83
116,109,100
111,101,89
121,108,94
156,140,123
102,96,79
110,97,89
130,121,98
93,86,72
98,86,72
96,87,61
90,81,69
140,127,111
70,61,52
97,88,75
76,64,63
93,82,70
118,108,92
92,89,72
82,72,64
124,113,92
95,81,74
80,75,69
118,113,84
93,87,71
138,130,107
84,77,67
151,135,120
75,69,55
148,137,108
122,113,91
181,174,128
113,98,84
96,90,67
87,78,74
114,103,80
115,103,83
131,125,96
118,111,85
117,108,80
113,107,89
113,104,77
88,82,67
167,162,122
115,104,84
122,112,92
159,154,127
115,106,90
112,105,95
150,141,106
120,115,92
130,123,99
96,89,72
92,83,75
128,115,98
115,108,96
79,75,52
77,69,67
92,84,63
103,97,74
102,94,78
100,93,70
96,91,72
99,95,78
108,101,78
98,85,66
134,124,100
111,98,86
107,101,75
74,67,59
132,124,96
95,90,70
94,80,70
84,76,67
135,117,94
88,81,68
99,95,80
153,144,109
73,63,58
108,97,80
94,87,76
153,141,115
101,94,73
143,136,102
144,132,115
101,95,74
98,87,69
93,82,67
116,102,84
143,131,104
140,127,101
114,102,84
136,126,93
108,104,87
128,119,102
123,111,100
96,91,77
153,140,119
141,128,113
134,124,105
120,110,97
85,82,67
135,129,93
134,118,100
117,105,87
124,114,99
105,100,83
103,94,86
129,118,97
121,111,91
118,112,88
117,101,101
84,73,67
143,134,98
116,110,92
85,76,68
101,93,76
90,85,65
91,78,77
129,115,99
109,98,79
79,73,59
108,96,87
84,81,60
73,66,56
119,115,92
96,88,69
130,121,92
108,99,83
94,86,72
128,114,90
112,103,85
118,111,85
132,115,90
119,106,86
119,106,97
92,83,59
117,102,83
96,87,73
173,165,131
116,104,82
110,101,92
141,127,92
149,140,109
109,100,80
117,107,93
128,118,99
89,82,64
114,102,82
114,104,86
111,99,88
116,105,81
117,108,94
144,139,105
171,157,138
112,102,84
99,90,80
195,182,147
94,85,76
141,127,108
120,110,95
88,78,71
99,93,74
97,84,66
105,92,87
89,85,73
90,78,74
182,169,125
124,109,91
101,94,81
98,90,81
116,104,78
120,109,91
125,114,101
121,112,92
105,91,76
106,93,77
111,100,86
94,88,78
97,89,72
151,143,120
104,98,80
121,106,98
92,83,76
136,126,101
107,98,83
118,111,87
94,88,71
95,82,70
140,134,112
116,106,90
97,89,78
103,98,74
105,97,72
99,92,76
115,105,87
84,78,73
153,138,120
130,118,86
105,94,75
149,136,111
98,94,81
150,139,124
183,175,131
171,158,124
104,87,81
146,131,107
147,129,102
86,79,70
103,93,82
135,130,102
97,88,78
130,123,99
129,118,100
119,109,88
155,140,105
116,107,98
135,121,97
126,119,97
138,126,113
93,89,82
156,145,117
143,137,113
140,131,98
111,105,91
150,144,116
110,101,87
115,104,78
82,72,66
105,96,83
130,120,108
139,131,104
160,151,118
131,123,101
93,81,72
108,103,82
92,84,76
141,130,90
95,81,73
133,123,93
113,106,79
124,118,95
95,85,78
127,116,88
117,109,88
125,115,81
96,88,71
123,117,88
96,88,79
129,117,99
102,96,69
80,72,63
120,115,86
133,123,102
98,92,69
100,90,69
103,90,78
100,91,75
112,102,89
87,82,67
51,44,46
146,130,100
89,83,72
91,79,70
102,94,82
110,103,79
112,106,82
92,85,63
101,95,79
122,118,91
95,90,72
112,95,91
106,100,88
130,121,98
142,131,105
116,107,87
98,90,82
96,85,68
124,108,95
112,101,82
143,127,118
99,89,77
97,92,71
117,106,96
131,119,93
145,138,105
132,123,95
129,120,101
112,102,89
123,107,90
104,95,82
105,96,84
117,105,94
89,82,64
115,110,85
133,124,110
149,138,111
98,91,82
110,104,81
121,113,88
105,97,79
112,103,89
92,81,69
133,120,107
131,120,92
109,94,75
126,118,89
137,127,108
136,120,105
88,81,72
104,94,71
123,114,94
106,96,86
112,99,85
118,109,98
88,79,68
86,80,66
89,80,73
114,107,79
112,101,82
67,59,59
94,88,74
137,126,104
109,102,85
78,73,64
110,107,87
104,98,88
104,97,87
143,135,107
102,94,69
111,99,82
112,102,84
85,81,63
93,86,80
58,49,46
127,121,88
93,87,73
131,113,102
129,119,107
93,83,75
72,67,60
184,176,144
127,119,88
142,133,100
90,82,74
101,91,84
137,123,96
95,83,80
127,120,87
94,82,72
95,86,78
97,90,77
127,122,94
79,74,60
110,104,86
70,63,56
82,63,67
96,86,80
110,102,84
102,91,83
90,80,74
75,69,66
133,124,104
92,85,73
106,94,81
101,90,73
96,91,83
108,99,77
99,93,69
132,116,101
130,121,96
97,87,82
109,104,93
113,106,81
90,79,72
129,118,99
116,111,84
119,111,87
113,99,83
153,144,121
122,115,88
111,96,77
111,96,81
117,109,89
78,73,63
68,59,49
138,125,101
124,115,98
105,97,80
102,94,77
120,107,93
101,82,79
108,100,72
142,129,117
84,73,74
134,124,97
77,72,60
128,117,96
89,81,69
142,134,121
129,122,89
134,117,104
134,124,97
73,68,52
123,113,95
87,75,66
128,121,95
105,96,81
110,101,82
127,116,95
96,81,82
95,88,75
95,91,74
171,162,121
149,132,116
76,68,62
83,76,70
79,69,64
84,71,60
73,65,55
86,71,74
121,110,91
86,81,68
134,123,107
147,137,109
93,83,70
114,101,84
110,101,82
114,108,90
113,104,84
118,109,95
121,107,87
99,86,77
111,100,88
111,100,82
143,134,105
93,81,69
88,81,68
111,107,88
104,94,78
80,71,63
99,84,69
140,132,101
133,122,102
74,68,54
143,133,107
98,87,74
137,132,99
74,67,59
110,104,87
132,123,93
87,73,64
123,115,96
108,102,82
108,95,79
109,97,83
112,105,91
146,142,112
82,72,66
79,72,62
155,146,125
99,89,75
120,112,90
175,155,124
84,75,72
120,110,91
93,87,71
117,108,99
123,109,95
70,64,45
134,129,97
101,97,76
97,83,73
73,64,53
110,100,91
113,101,82
126,116,95
114,103,86
133,124,99
91,85,64
145,134,105
127,119,91
90,81,76
88,77,62
118,112,94
141,134,103
108,98,81
123,115,89
114,111,88
107,100,82
111,104,87
113,102,90
119,112,99
114,103,79
119,110,91
116,107,91
76,71,59
131,121,103
104,92,78
79,70,59
93,83,73
132,126,98
118,109,87
78,70,59
109,101,86
109,104,79
83,76,69
90,83,71
98,89,81
118,110,82
76,71,60
111,102,83
99,91,74
74,70,63
125,114,90
84,72,59
87,80,69
148,138,100
140,127,96
122,110,92
117,104,89
119,111,96
109,97,82
116,109,93
77,65,57
172,156,120
110,101,80
118,102,95
79,68,59
130,122,99
111,103,88
94,86,68
90,83,70
138,126,107
107,99,80
83,78,70
130,117,106
104,93,75
129,114,99
114,106,83
180,157,138
128,116,98
112,100,85
110,102,81
99,94,69
96,87,76
61,52,46
96,87,73
125,115,90
157,148,108
159,148,117
87,77,70
93,86,68
120,107,99
56,51,46
91,77,69
80,71,68
133,121,104
130,120,90
124,114,89
103,96,75
136,128,110
91,83,73
91,81,75
81,73,64
58,51,44
108,103,90
87,79,74
132,124,94
100,87,71
125,117,98
93,85,71
113,106,74
101,96,76
118,107,90
131,124,92
122,102,93
87,78,66
126,118,95
101,95,79
145,136,110
85,72,63
101,90,74
141,134,108
126,116,91
100,91,85
139,127,105
108,97,83
77,69,54
149,138,111
97,91,71
119,112,91
110,97,76
90,81,71
91,73,78
96,86,74
119,106,83
120,110,89
142,129,102
105,97,80
99,90,71
147,136,99
96,89,77
134,124,100
142,130,112
142,132,91
118,110,91
121,118,92
99,92,77
69,62,44
82,73,65
99,87,78
101,99,78
176,170,139
103,97,78
120,116,91
119,109,96
121,114,93
129,123,101
103,93,85
138,126,106
120,111,91
91,82,71
111,103,90
115,112,88
115,105,99
122,116,89
66,61,54
97,88,82
104,92,84
106,96,78
68,63,58
115,104,92
111,98,80
90,81,71
107,102,75
82,73,70
97,86,76
67,61,51
101,93,78
122,112,93
128,119,106
100,90,75
98,85,73
72,64,56
109,97,86
82,74,68
112,106,79
140,128,115
121,108,92
128,118,92
83,74,64
114,103,91
101,92,77
78,73,65
168,154,113
121,104,92
111,95,90
97,84,67
144,130,104
123,118,92
122,112,92
151,138,119
149,139,120
88,81,73
100,92,65
126,116,98
92,84,65
138,127,99
132,123,93
86,77,61
123,118,86
115,105,88
111,103,89
98,86,71
96,91,73
146,141,117
85,77,69
107,102,83
112,106,90
104,93,77
96,85,65
88,77,70
126,118,101
109,105,93
141,134,110
120,109,87
165,152,126
116,108,95
123,109,90
106,97,88
116,109,101
85,77,64
102,93,70
116,113,85
90,78,74
88,76,73
89,79,67
87,78,66
84,76,70
167,149,115
99,87,81
115,107,82
161,145,113
107,97,83
131,118,105
88,80,64
121,111,89
205,189,145
117,111,84
90,86,71
96,90,81
120,105,83
109,103,80
121,112,89
121,109,92
61,55,47
140,125,111
118,104,82
97,84,81
99,88,80
106,96,83
119,111,92
67,63,44
129,122,105
129,124,109
109,102,83
