194,361,341,264,138,287,275,200
174,388,374,263,103,157,146,108
148,310,290,212,101,231,222,168
125,249,241,171,93,136,126,99
178,291,270,203,123,247,230,163
145,253,239,176,184,363,341,244
149,367,352,252,81,101,94,76
150,293,279,224,113,221,209,176
192,426,405,269,135,263,249,174
100,188,177,137,100,193,180,143
133,275,258,193,125,230,212,160
154,323,307,208,144,256,239,191
193,397,371,271,95,155,136,102
165,342,321,227,171,265,251,181
186,426,402,308,107,165,155,114
152,356,336,243,177,368,345,271
164,342,320,229,155,326,309,243
153,272,254,189,132,210,192,153
152,307,285,222,110,174,165,118
200,451,426,324,177,357,337,252
145,283,267,185,133,242,239,154
219,476,449,333,138,270,258,216
158,326,306,224,121,219,203,162
179,365,340,260,150,331,316,246
139,328,311,223,155,236,225,163
209,431,406,312,147,330,314,235
166,364,348,223,154,284,269,182
133,238,224,164,165,341,312,244
112,229,220,168,96,166,156,117
90,137,126,92,121,222,211,155
191,416,389,289,85,137,124,101
173,322,303,213,141,291,275,211
173,427,405,291,142,283,264,215
126,238,221,151,161,354,337,246
171,325,312,226,154,286,269,198
156,304,286,200,122,218,198,136
166,295,279,217,131,227,210,148
155,354,332,258,130,254,239,186
139,277,263,192,170,336,310,246
131,289,273,192,153,300,285,205
118,227,207,150,172,327,308,224
170,321,304,246,126,216,208,146
113,222,210,138,148,282,264,201
189,340,314,234,139,306,286,211
153,283,270,211,110,222,208,170
191,422,400,283,114,161,152,117
131,220,205,150,156,279,261,186
160,287,272,194,137,258,245,174
132,185,171,131,122,252,235,184
159,255,238,156,141,286,268,205
168,344,319,242,121,193,181,142
181,310,297,197,134,211,202,156
122,250,236,177,125,248,227,163
189,400,371,272,153,377,360,264
185,369,346,248,132,230,217,178
163,352,333,223,108,180,159,116
192,345,317,226,127,230,217,176
138,265,254,177,92,152,141,109
124,204,189,138,98,141,131,106
202,492,469,354,88,149,138,109
170,331,316,236,127,255,241,170
149,269,247,193,128,307,295,240
126,231,216,155,140,261,246,177
122,228,211,152,102,169,160,117
173,370,355,271,142,205,195,136
122,205,190,129,100,204,193,130
167,352,338,248,158,273,247,197
110,202,188,141,110,226,216,155
150,403,377,283,138,276,264,208
171,344,321,238,155,325,314,218
102,216,196,158,128,202,191,136
119,264,255,176,149,338,326,242
132,237,221,148,144,294,276,202
141,286,268,197,102,147,133,105
123,227,219,156,100,189,181,140
171,363,343,280,153,334,318,262
249,587,563,402,184,414,391,297
146,319,296,240,111,203,194,149
158,357,347,255,136,222,203,148
137,291,272,184,110,280,260,192
172,381,368,256,123,197,183,139
160,311,296,215,114,228,219,170
165,359,334,254,144,314,298,234
101,182,172,125,140,272,259,186
142,336,321,238,165,384,364,274
165,388,367,283,109,150,138,97
162,349,326,240,80,115,104,86
120,221,200,135,150,280,266,203
154,256,236,166,129,245,233,159
153,308,285,214,142,255,241,185
146,248,239,168,148,249,231,160
156,291,276,209,166,347,325,262
152,316,293,205,149,315,291,213
186,370,353,250,137,234,226,166
162,370,347,240,107,225,214,179
164,402,375,277,166,369,346,238
144,299,276,207,139,268,250,192
118,224,213,174,195,410,389,275
198,368,340,221,118,186,171,139
111,151,136,115,140,268,244,208
179,387,366,277,138,259,247,181
142,269,254,178,118,225,209,177
152,282,263,182,151,267,254,193
160,287,274,201,119,220,212,147
149,332,310,231,124,231,215,145
224,500,472,352,154,287,262,200
185,383,366,276,159,328,304,250
134,218,204,142,141,303,285,219
154,331,320,231,155,310,301,222
174,358,339,257,102,159,139,116
155,333,320,245,128,224,212,161
122,216,212,159,117,196,184,163
142,351,333,234,77,140,132,115
152,367,352,254,117,172,158,130
188,367,348,246,158,321,305,217
202,441,423,284,136,261,246,203
157,314,299,237,138,273,254,168
179,380,363,279,111,156,150,123
174,393,374,286,148,268,251,189
146,401,386,282,147,248,234,176
184,393,377,250,88,138,122,100
189,382,364,255,111,195,181,138
178,358,346,254,152,296,275,209
161,334,313,221,139,296,278,217
137,251,236,172,128,257,239,185
152,329,307,199,99,203,190,133
160,302,278,200,104,179,163,115
138,315,303,217,124,253,243,176
145,316,302,201,118,200,190,138
175,375,357,263,143,296,289,196
168,332,312,225,126,259,242,201
143,320,303,217,108,240,234,182
143,303,284,220,129,242,231,193
150,304,294,203,136,238,223,164
244,538,517,383,128,192,174,130
114,210,195,136,133,246,230,177
182,366,347,251,93,184,173,123
207,495,468,336,154,288,269,214
152,289,272,195,147,238,221,155
193,401,379,298,133,253,238,201
137,297,283,200,153,273,251,181
163,348,331,257,161,258,242,184
196,420,395,304,113,178,169,128
177,389,366,267,166,296,279,191
132,285,267,183,120,206,187,141
138,242,227,175,146,264,254,178
190,422,392,291,107,188,177,126
144,302,292,234,126,238,225,181
189,318,299,223,124,202,182,145
110,170,162,119,88,133,122,93
167,293,276,210,133,249,234,159
131,265,252,167,146,283,270,217
183,420,394,288,136,256,245,169
135,299,276,210,86,112,99,78
130,308,293,203,91,135,122,108
154,292,273,197,159,288,268,205
115,197,187,140,96,163,156,126
226,491,464,353,147,283,264,205
130,330,313,235,114,189,179,143
159,270,244,189,172,350,328,239
159,297,281,196,111,200,189,147
168,314,294,221,138,242,226,170
153,277,260,207,137,240,225,164
131,209,191,137,105,191,181,134
132,255,240,173,166,314,301,226
138,243,228,176,141,260,249,186
157,327,312,232,160,283,257,181
161,340,323,210,124,263,248,183
154,261,238,169,137,255,237,186
158,324,301,243,118,224,210,158
162,320,297,203,90,153,142,101
150,270,258,163,115,186,175,128
115,221,205,161,124,213,202,134
131,233,216,151,136,300,286,213
142,275,256,201,83,136,125,108
218,467,432,324,105,196,188,115
138,271,254,171,182,319,300,224
208,465,440,313,163,281,267,199
164,313,298,243,99,174,163,119
214,567,543,410,114,149,139,118
161,313,293,213,147,259,236,187
191,386,370,266,149,297,275,204
135,261,247,177,138,266,257,193
160,333,319,245,177,399,379,288
180,380,357,268,125,273,262,190
142,238,220,160,101,166,149,126
187,397,372,274,117,241,227,177
167,273,250,203,143,295,272,205
152,313,292,199,130,305,292,221
194,476,452,341,132,253,240,181
209,433,411,294,98,178,165,136
189,408,388,276,122,294,280,210
159,355,338,244,153,271,259,179
165,283,273,202,146,284,269,200
182,371,351,269,160,335,314,237
247,491,465,349,161,312,301,217
156,311,299,216,186,297,279,207
144,342,323,227,138,217,200,151
154,317,298,236,73,131,118,89
165,290,271,217,88,167,163,117
138,261,250,185,166,283,263,209
132,273,261,190,130,256,240,169
158,299,272,213,197,418,397,297
215,504,484,378,125,244,230,180
186,361,342,249,107,229,216,156
179,363,346,250,148,287,271,211
136,297,288,194,153,250,234,171
142,218,202,150,111,212,199,153
231,428,409,295,99,190,175,134
147,331,314,232,115,236,220,161
161,369,346,253,117,194,176,127
107,206,197,135,126,218,204,151
141,215,198,137,95,197,187,133
158,340,317,221,178,311,296,227
177,404,386,296,143,302,284,216
171,332,308,228,117,171,162,128
178,283,269,181,82,130,120,87
131,273,257,214,162,295,276,210
193,407,382,284,113,203,192,148
163,395,375,284,84,165,156,118
133,285,267,211,148,243,230,180
131,228,213,169,134,247,230,178
149,276,265,187,157,314,299,221
185,409,386,300,92,134,126,102
192,375,355,264,201,407,386,295
166,299,287,193,145,253,241,181
159,361,340,282,123,251,233,170
162,305,286,219,167,349,334,246
167,301,289,226,95,165,151,120
148,296,273,205,159,307,294,207
128,271,261,185,101,242,229,161
148,276,257,182,158,299,280,206
144,278,264,186,126,242,229,179
146,320,305,201,146,268,254,190
166,331,309,224,127,232,218,158
137,267,254,201,155,313,292,217
167,312,300,230,93,173,158,130
151,302,286,227,130,278,265,183
125,265,242,179,166,324,301,222
136,244,230,154,158,290,270,204
138,220,209,149,145,276,259,189
144,288,274,208,152,325,309,217
122,246,236,175,145,288,280,207
172,346,328,238,186,362,347,262
148,314,301,218,149,280,262,208
200,447,427,307,159,313,295,221
125,255,237,180,165,366,346,257
167,347,331,244,142,276,258,179
141,283,272,204,111,188,181,128
129,214,200,161,100,178,166,138
120,238,226,144,137,253,241,160
232,535,499,372,134,215,195,148
145,289,272,204,166,314,285,219
138,315,305,198,143,284,264,186
189,450,424,287,94,161,148,113
117,184,170,111,114,182,168,139
162,308,280,204,184,426,407,320
225,469,441,337,122,204,191,158
141,288,272,171,198,403,386,287
151,288,267,185,135,251,235,172
197,419,402,311,142,233,217,162
148,262,243,191,143,292,278,208
152,322,299,220,125,199,186,138
178,414,400,275,90,166,157,122
162,305,282,201,138,269,253,202
136,223,203,173,137,220,209,164
183,432,416,298,91,136,129,100
152,268,246,182,157,272,251,177
185,321,299,220,92,160,149,124
103,167,156,104,124,226,211,166
142,276,260,178,149,315,297,228
232,464,440,322,139,252,231,187
160,356,336,238,138,283,270,203
224,479,452,368,115,205,193,138
165,365,351,256,116,185,177,137
164,281,268,171,169,374,357,269
188,438,412,290,126,257,244,165
166,366,354,278,131,242,226,166
143,291,275,207,135,255,241,177
208,408,388,274,123,199,184,150
164,388,375,267,122,227,211,145
178,345,322,218,141,287,267,194
218,511,488,392,148,262,240,165
184,437,414,281,108,182,166,127
127,307,289,217,149,281,268,194
183,469,444,318,147,317,303,221
126,190,176,139,112,186,170,133
110,218,206,159,102,185,176,124
181,357,334,235,152,274,251,169
179,354,340,238,126,208,192,138
126,217,203,155,133,267,251,181
145,254,235,181,146,246,237,194
194,405,390,297,99,179,167,128
240,527,503,364,127,202,185,142
192,391,378,274,156,312,295,203
139,258,245,186,125,219,204,160
160,347,332,238,115,234,219,159
185,460,431,312,97,131,116,91
140,288,267,207,142,238,229,171
186,355,334,244,153,324,306,239
135,288,265,190,156,243,220,160
173,382,359,269,147,271,257,185
168,311,296,230,141,342,334,227
157,367,349,251,133,252,237,182
171,345,320,237,130,226,213,155
178,347,326,247,124,271,259,178
174,374,359,275,135,242,223,153
175,382,346,264,155,365,350,270
154,323,308,221,131,247,233,166
142,287,270,180,149,265,256,185
149,301,286,207,130,198,189,139
185,390,365,260,141,259,249,193
225,539,511,386,146,243,224,167
198,409,386,276,84,162,151,113
179,340,323,228,98,179,168,134
150,305,285,211,146,278,266,197
165,310,292,213,180,296,277,214
155,287,268,182,96,221,211,141
167,272,249,199,130,240,223,166
174,418,403,303,114,203,198,159
150,295,279,211,125,226,210,158
132,217,203,139,129,171,155,120
145,192,183,134,135,232,215,163
147,288,271,192,146,249,228,173
108,227,215,158,132,281,267,216
124,236,221,150,195,386,359,292
104,186,176,125,140,275,264,195
179,345,331,243,128,218,201,154
152,303,291,197,102,153,142,119
161,302,278,220,102,150,141,112
153,289,277,203,147,261,253,198
142,356,340,231,115,224,212,160
124,262,247,179,121,193,181,135
145,295,276,203,151,302,286,221
175,334,320,240,112,214,203,149
144,338,317,223,115,197,182,143
174,352,329,246,131,250,233,176
168,434,404,294,148,270,249,178
189,387,373,256,119,316,297,230
187,360,337,248,112,203,193,163
114,246,231,160,118,204,184,155
194,394,372,253,153,298,280,214
139,359,341,231,129,242,227,189
186,407,384,286,128,247,235,162
188,348,326,254,134,243,228,174
167,297,279,221,130,188,177,131
153,277,260,194,91,172,160,115
205,490,459,343,112,194,184,140
178,367,348,235,143,265,245,171
188,491,467,348,142,266,254,204
104,197,185,128,142,258,246,196
170,282,265,188,145,282,259,203
138,303,292,205,163,332,320,241
188,352,336,241,124,243,227,167
160,318,293,230,143,265,251,175
243,505,472,356,127,207,196,146
106,190,176,134,115,214,200,144
181,330,314,241,128,207,192,136
156,280,254,169,117,199,186,146
190,417,385,298,135,269,248,196
141,260,242,174,149,244,225,181
155,278,265,173,126,273,259,175
198,371,354,270,128,233,210,184
107,190,176,137,156,280,262,180
167,324,303,249,109,170,156,118
179,369,345,262,138,265,241,173
226,486,459,346,133,305,288,203
219,425,407,303,120,203,190,140
120,231,222,152,151,315,297,235
157,326,300,208,124,231,207,157
172,346,325,248,114,238,226,160
161,394,369,293,82,102,91,77
158,283,264,188,115,191,177,142
191,427,400,310,128,214,200,161
196,345,315,215,136,270,261,202
153,272,255,185,105,200,185,144
190,344,328,259,86,153,137,112
164,282,262,205,149,303,294,218
164,325,306,238,126,243,227,186
176,367,343,245,129,200,189,140
172,358,348,235,119,222,207,155
184,398,381,267,84,147,140,114
166,370,355,257,163,257,242,181
190,364,344,249,136,227,216,152
213,468,447,318,141,249,235,179
103,227,211,165,99,174,163,131
147,252,226,179,160,287,265,207
181,298,281,209,99,166,157,122
204,475,458,348,100,162,153,127
152,366,346,273,140,272,250,194
152,252,238,180,169,291,275,205
150,357,337,243,118,218,208,153
186,378,354,254,116,272,261,207
173,364,344,244,125,220,204,154
178,321,307,196,101,195,186,140
192,406,384,274,135,229,216,156
178,342,322,242,126,247,236,187
151,266,252,193,115,185,173,134
181,417,397,280,124,215,204,154
100,200,190,153,163,296,282,216
220,495,460,345,123,204,189,160
126,211,194,146,147,326,309,239
153,339,321,227,119,242,219,174
151,349,323,256,97,230,219,171
166,334,313,236,129,203,188,150
156,313,291,235,149,248,236,192
184,354,331,233,104,224,210,145
147,342,320,245,161,291,270,196
149,295,272,207,132,298,277,194
168,330,307,225,102,154,146,113
173,426,411,288,111,172,160,103
189,423,397,291,117,187,166,126
183,342,325,225,114,217,205,161
204,433,411,311,155,295,277,211
127,244,234,170,144,320,304,224
194,397,374,264,101,162,144,113
151,265,248,192,129,228,209,153
118,205,190,165,123,223,211,154
159,298,279,213,113,216,202,160
195,406,388,270,145,248,233,175
147,247,225,170,139,247,231,169
192,389,370,266,167,347,326,248
179,348,333,238,143,255,234,172
139,289,271,180,133,235,223,161
153,303,288,212,152,261,247,192
149,291,277,212,112,245,230,168
129,269,251,187,170,384,363,265
170,343,324,225,127,243,231,191
129,282,264,195,96,124,115,92
168,343,324,236,146,264,247,189
170,429,413,299,157,312,289,229
143,272,257,181,166,283,268,198
87,157,145,103,117,188,169,128
165,324,299,211,106,195,178,145
157,272,255,190,132,238,219,146
162,327,307,201,120,238,224,171
136,254,238,186,154,337,315,253
129,245,227,164,114,189,175,143
148,317,300,212,181,402,387,294
158,335,318,249,105,221,211,153
131,278,263,180,155,268,250,170
191,423,403,313,152,314,294,214
169,354,341,243,125,240,226,181
200,450,429,336,173,294,275,197
144,308,293,197,135,246,229,156
185,390,372,283,165,327,303,245
180,352,338,256,135,286,276,190
142,234,215,163,168,336,317,219
163,355,339,255,124,261,247,192
138,303,288,203,134,273,260,195
164,400,377,286,113,256,236,172
211,431,405,321,139,255,239,173
164,297,284,211,99,116,104,83
147,316,300,203,113,202,190,147
163,328,318,231,145,293,289,205
139,221,199,159,122,223,204,140
145,301,282,208,128,206,191,149
189,384,358,268,142,299,282,196
218,436,403,305,157,274,257,178
192,388,360,263,173,308,288,208
144,278,267,191,149,307,293,225
158,267,240,171,133,220,198,149
107,203,195,146,118,245,234,168
215,441,413,308,176,314,290,208
142,259,246,188,87,151,145,111
168,299,275,220,131,241,229,180
155,280,268,207,124,269,257,201
136,281,266,191,111,197,184,146
162,383,364,251,125,200,180,143
196,427,402,290,111,185,176,127
187,367,349,275,139,235,216,167
140,320,307,218,181,405,386,297
136,261,244,188,112,206,194,149
160,305,286,222,89,153,139,95
196,428,406,307,186,393,369,279
162,423,409,286,213,402,377,274
155,343,317,234,100,160,146,109
178,347,316,256,138,273,259,205
168,323,302,243,138,223,210,162
177,403,372,274,197,377,347,261
158,286,258,200,105,214,200,136
196,426,404,307,98,152,141,113
162,301,280,209,138,279,263,194
145,300,281,229,109,194,181,137
106,195,180,125,135,290,274,221
184,337,325,227,121,280,266,210
147,302,281,213,106,248,230,152
205,451,432,323,146,265,240,177
157,365,344,255,116,174,162,113
175,335,319,238,171,333,316,228
187,378,354,248,187,304,288,207
123,204,185,144,157,375,362,284
173,418,405,304,159,321,311,221
135,327,306,232,86,156,140,125
163,290,275,197,146,259,242,205
168,290,281,199,172,311,292,208
95,175,159,123,117,203,182,130
168,368,349,280,114,175,165,123
146,290,276,185,147,252,240,180
105,169,154,120,151,280,260,195
202,446,415,308,147,303,290,214
153,341,325,232,102,177,162,122
150,252,244,164,144,359,347,265
112,264,248,178,126,233,224,165
119,235,226,161,144,262,250,184
153,326,307,242,158,369,339,281
166,323,304,225,138,227,216,157
217,415,387,309,123,239,230,169
158,363,348,264,148,288,274,200
200,441,414,320,100,169,152,117
148,319,303,206,142,283,269,208
214,376,349,256,131,239,228,169
115,212,199,149,149,263,251,181
157,243,228,167,98,195,185,150
114,232,214,150,153,305,292,201
128,242,224,168,136,229,218,162
190,377,363,279,117,203,191,134
217,456,435,308,104,132,120,91
151,272,253,201,117,227,209,171
180,403,382,311,176,355,334,244
129,267,247,199,126,259,245,172
198,422,393,295,167,305,287,224
202,405,391,288,129,232,217,148
103,225,212,163,125,263,240,193
199,404,376,286,126,230,216,162
116,201,188,140,85,117,109,92
166,329,310,236,93,175,164,117
130,311,299,215,126,211,192,153
102,170,159,120,117,217,197,138
156,269,248,198,109,217,206,157
153,280,261,177,107,218,206,166
228,523,493,362,158,309,290,209
143,294,278,209,143,252,232,176
129,333,314,227,93,174,165,123
188,374,354,263,99,172,162,133
152,317,300,213,109,197,185,144
164,280,266,200,115,213,202,149
203,490,473,347,116,255,239,160
149,348,332,237,125,218,199,152
136,272,254,210,128,203,191,144
130,226,214,156,123,227,206,144
152,317,298,237,141,283,266,207
169,380,357,263,169,277,262,192
151,330,316,218,113,226,211,162
204,401,379,273,105,198,179,141
139,251,241,188,177,365,340,268
139,192,179,136,80,156,147,115
194,357,338,241,123,252,233,158
162,310,286,216,108,199,182,145
125,228,219,146,118,248,228,176
158,386,373,297,122,224,212,153
174,365,344,244,147,296,283,208
129,264,250,179,108,154,136,115
145,362,347,260,175,332,318,227
162,337,323,240,151,298,278,221
177,323,308,232,185,357,339,234
138,255,240,158,152,310,292,212
147,307,290,223,145,284,276,208
182,345,320,231,154,256,237,186
152,284,267,205,134,246,228,177
182,389,368,288,89,137,128,98
122,304,281,211,123,204,192,150
180,372,338,241,111,199,184,140
163,287,270,210,105,190,175,140
95,147,135,108,172,335,318,233
144,263,251,186,122,183,171,119
126,266,255,163,142,249,233,171
139,278,266,196,137,287,268,204
203,490,467,374,120,208,194,152
154,269,243,177,202,381,360,273
172,317,307,223,138,215,196,146
167,367,344,259,170,296,285,205
144,306,293,195,120,204,189,133
155,264,251,188,141,262,247,179
200,434,411,307,68,125,118,109
164,310,285,204,146,257,231,192
141,269,249,205,138,263,248,190
159,330,313,227,142,286,270,210
164,288,279,200,156,292,278,206
173,373,353,275,165,301,283,220
179,385,369,270,193,420,397,317
166,351,329,228,151,231,212,157
208,470,446,330,107,182,164,115
177,303,279,208,131,240,229,164
197,399,378,294,134,255,239,172
123,234,218,154,104,254,241,167
107,190,168,129,124,235,217,151
186,452,426,319,90,157,144,127
199,457,432,326,102,202,194,146
228,474,447,362,154,349,334,247
150,345,332,234,140,286,274,208
183,388,370,277,105,163,152,111
152,320,305,240,116,230,218,164
175,376,361,263,79,130,121,100
115,257,243,173,141,321,305,236
106,168,157,120,122,170,159,128
170,355,328,244,111,205,185,141
159,292,281,192,146,223,206,154
131,262,253,198,96,154,147,112
122,243,226,156,118,175,164,129
177,453,429,322,104,172,160,118
150,315,297,231,143,290,276,212
161,275,253,184,172,368,351,269
139,234,214,162,118,180,173,126
160,329,311,203,174,363,343,262
147,273,259,197,129,213,198,150
180,367,342,271,131,225,206,157
168,348,332,219,175,328,309,236
154,291,276,218,155,373,355,245
145,352,335,276,124,176,163,128
159,365,343,250,129,216,208,159
126,224,213,147,141,251,234,188
168,337,318,237,149,255,243,161
167,297,282,199,117,254,237,195
149,342,323,220,138,274,260,211
159,318,301,229,126,229,214,165
215,549,509,361,145,259,242,191
142,263,243,174,113,216,206,161
213,457,423,312,117,243,227,162
147,296,275,198,99,225,209,125
142,295,277,207,92,182,171,146
110,239,228,163,133,206,192,155
115,226,216,163,139,250,231,187
153,267,248,168,126,265,258,172
146,309,295,223,157,313,302,216
156,343,324,218,107,230,217,166
123,328,311,223,115,188,176,136
165,315,301,236,169,356,339,247
136,264,244,176,134,293,279,207
136,264,250,185,133,229,215,145
143,345,330,246,125,261,249,180
100,180,169,133,96,165,148,113
135,258,240,191,181,324,307,218
214,402,379,288,137,269,255,200
143,281,263,179,151,303,280,217
108,221,211,178,163,339,322,264
155,343,330,243,139,265,249,175
196,404,388,287,130,253,240,183
125,205,188,146,103,155,143,123
178,374,352,261,140,247,229,154
217,459,430,330,135,285,273,208
259,544,520,360,197,374,352,263
145,248,228,164,117,271,257,200
161,306,290,214,157,309,292,217
131,231,214,169,113,190,181,135
161,331,321,251,119,222,214,156
119,184,171,132,135,241,226,178
183,323,309,223,125,244,230,168
188,438,422,288,146,275,252,175
179,331,312,232,115,170,152,123
184,364,346,253,99,196,182,131
191,381,364,252,114,213,197,167
162,381,363,239,116,205,185,151
180,397,376,288,117,216,197,125
158,301,281,216,143,303,287,193
122,206,195,147,114,229,218,153
177,418,396,290,133,234,218,153
170,431,413,315,151,305,281,215
136,247,233,188,113,155,145,113
229,488,459,328,149,305,287,211
154,311,286,213,132,291,276,202
160,318,303,246,145,284,265,201
162,367,350,249,133,242,230,169
122,222,205,137,145,259,244,167
150,341,324,244,113,220,207,151
186,342,325,246,165,329,314,251
133,321,300,211,142,294,277,211
196,473,453,338,120,207,195,148
180,461,442,336,85,152,143,98
167,315,298,217,154,265,250,194
159,383,370,266,142,227,216,176
201,405,387,289,108,174,159,129
125,285,274,205,100,168,156,114
119,206,194,129,121,205,195,136
175,373,349,242,120,218,204,157
152,361,347,265,124,236,228,152
146,300,281,204,115,165,151,106
118,210,195,148,151,325,310,242
140,264,247,180,127,299,278,208
197,496,474,361,104,203,192,146
162,324,308,216,130,253,233,158
189,385,364,275,134,235,220,157
116,206,191,119,130,246,228,191
160,332,323,210,162,324,299,219
92,171,153,106,115,171,159,125
135,288,268,208,148,271,254,189
209,426,394,301,140,202,183,148
173,323,302,246,138,243,224,171
186,375,358,275,108,197,186,135
156,252,237,162,115,195,177,142
152,315,300,217,109,192,181,147
224,474,448,315,142,222,207,146
159,285,257,193,110,177,159,133
197,459,439,312,94,144,135,104
156,309,290,218,131,281,267,207
107,274,261,185,126,218,207,148
125,234,221,160,131,263,253,196
158,310,298,225,124,195,175,146
173,443,425,318,177,301,279,224
129,279,270,191,124,261,242,169
132,190,169,135,118,237,230,185
89,154,144,126,140,280,261,191
192,416,390,313,94,174,162,113
146,244,225,168,122,225,207,160
219,484,459,347,94,155,144,121
141,274,256,195,110,190,176,137
155,318,304,235,108,192,178,139
182,368,347,241,113,149,134,113
185,378,348,231,126,203,191,140
146,319,297,213,115,235,225,165
236,498,469,366,142,238,226,183
135,310,295,198,122,193,176,125
164,299,283,194,152,310,296,219
124,283,265,208,130,250,236,175
147,278,265,184,127,283,268,215
157,271,256,198,128,225,213,158
190,385,370,271,122,231,218,142
122,242,227,147,147,301,289,198
169,344,325,245,173,341,317,242
159,329,310,242,124,243,229,164
151,337,318,229,136,225,216,142
189,357,328,240,124,257,246,176
153,316,300,221,102,140,123,106
163,307,292,208,151,243,228,167
148,260,251,188,163,315,293,206
101,226,215,174,94,166,158,119
107,248,236,159,148,284,265,199
128,282,269,207,117,243,227,162
167,336,321,242,156,325,309,215
168,369,343,240,178,370,348,266
157,314,300,250,95,185,176,112
137,273,256,174,125,184,172,136
167,325,302,243,144,328,313,236
167,349,330,245,127,224,214,168
154,299,275,207,115,251,243,158
132,250,237,174,111,217,205,155
111,195,181,138,116,210,197,157
146,282,269,186,123,206,187,138
191,391,367,284,154,285,263,211
162,342,319,239,128,224,210,155
208,480,458,343,165,315,294,224
166,382,363,250,142,242,227,165
142,253,235,171,151,334,315,239
144,277,251,197,142,292,275,220
176,347,327,248,121,220,207,151
133,251,227,182,79,175,168,121
105,201,191,140,126,193,176,144
156,306,291,220,131,246,228,168
152,297,284,202,117,238,222,168
233,477,452,350,132,249,231,175
157,317,304,218,142,296,279,211
193,426,407,292,147,263,254,196
163,367,352,269,143,266,242,168
144,297,276,212,104,164,155,112
210,449,428,307,137,224,213,164
181,359,347,259,161,351,335,233
186,397,381,290,118,253,244,181
146,294,274,199,104,178,170,129
244,561,529,388,138,252,237,183
172,319,303,232,141,258,245,175
111,234,219,162,109,186,171,137
160,277,260,211,109,216,203,157
194,387,372,298,101,185,173,136
171,373,358,251,148,258,229,196
226,544,517,375,109,228,215,153
152,332,313,216,161,343,325,244
159,272,258,182,113,143,127,108
150,340,325,216,141,294,278,226
150,333,317,257,137,239,221,182
189,423,400,315,122,197,184,151
158,336,325,230,159,348,338,244
144,235,223,152,117,180,165,126
216,389,368,263,150,301,282,226
158,339,319,219,131,227,209,166
212,395,375,285,138,250,237,180
160,371,354,240,163,353,337,280
124,238,227,175,158,310,289,208
157,318,293,226,126,203,185,139
135,250,235,177,134,248,237,171
159,279,264,189,196,423,403,285
185,391,378,302,134,254,241,188
168,303,283,186,117,211,191,151
148,322,307,215,77,157,146,93
207,368,347,254,114,202,194,154
162,325,304,225,124,203,193,149
103,212,201,169,158,293,277,211
148,320,303,221,156,356,339,255
141,293,283,217,119,215,202,148
203,468,448,327,120,196,186,126
181,415,392,288,129,221,202,151
126,245,234,172,145,251,239,175
147,271,254,183,124,213,197,150
124,239,220,176,182,394,372,302
157,329,316,230,135,211,194,147
149,293,272,215,144,326,308,240
190,370,350,243,116,204,186,155
228,453,418,325,124,205,198,149
214,405,389,273,115,241,233,176
219,522,505,371,142,241,225,183
184,381,363,265,79,122,112,86
148,288,273,196,197,437,412,317
159,326,309,224,145,316,306,213
119,259,250,195,150,264,251,180
220,448,416,300,137,273,249,175
162,283,267,200,117,212,201,160
158,371,355,243,142,235,212,171
178,331,304,239,143,243,223,165
190,396,376,292,169,346,324,252
170,364,342,250,85,141,130,98
147,240,223,170,127,246,229,167
206,407,387,282,120,198,179,139
154,299,272,211,200,361,339,266
179,308,289,216,159,320,296,237
104,191,176,124,127,254,239,182
175,330,309,234,134,229,210,147
180,389,364,277,131,226,211,159
194,416,383,266,118,211,200,160
178,402,383,300,110,189,177,123
109,171,158,131,92,143,128,94
154,321,306,229,165,312,287,223
201,400,379,257,113,232,224,158
146,291,278,196,90,139,126,111
122,274,257,181,148,303,285,201
218,456,436,333,186,365,344,255
144,291,267,182,116,178,168,127
144,260,243,197,143,249,232,178
145,274,259,194,138,258,246,181
123,247,236,158,152,353,333,258
151,317,302,221,132,216,205,152
144,292,279,189,104,168,153,136
163,306,284,203,157,280,255,182
125,198,182,145,78,92,82,67
171,345,324,220,108,191,176,142
123,170,161,110,153,260,244,174
168,386,372,259,154,270,248,181
133,272,259,185,149,290,275,214
169,326,303,224,123,208,198,154
165,373,353,235,180,334,310,241
178,417,395,285,134,263,248,184
163,306,287,209,142,268,257,199
129,239,220,157,142,360,342,282
219,500,483,326,164,317,303,237
130,267,252,180,77,119,113,97
157,298,283,218,96,147,133,107
115,211,192,142,119,189,177,134
115,183,167,135,121,222,197,155
167,348,327,241,107,215,205,138
206,478,455,354,105,188,176,136
109,166,157,108,170,333,316,232
178,390,366,288,126,237,227,169
189,414,387,288,161,285,265,209
217,428,398,299,120,258,248,178
122,199,188,152,151,312,295,216
139,234,221,167,162,315,299,214
159,352,330,248,115,241,222,176
203,446,424,290,130,298,285,229
150,353,337,250,159,316,296,209
134,268,248,162,180,406,377,274
136,308,296,226,149,264,240,183
169,340,314,197,106,194,183,137
187,380,361,256,114,228,215,157
206,395,377,269,164,341,321,235
170,320,305,244,164,294,272,204
183,351,338,234,112,174,163,130
134,252,236,176,131,196,180,133
151,263,253,189,98,161,153,108
137,257,236,196,128,225,208,159
121,219,208,162,124,199,182,154
119,256,242,163,182,288,266,210
200,393,377,257,124,205,197,135
94,176,165,105,109,185,173,126
184,425,402,311,205,422,406,304
139,283,266,187,111,178,171,136
131,186,179,119,107,200,186,140
181,377,355,282,105,194,186,129
146,251,241,164,174,390,367,286
134,221,208,160,101,178,160,145
231,442,416,315,111,205,191,140
152,332,309,217,132,279,263,189
201,424,398,302,79,136,130,106
166,381,359,263,127,271,255,189
143,274,259,173,96,194,168,128
105,178,165,125,147,265,248,192
156,375,358,257,90,127,119,104
178,348,327,238,133,258,244,181
164,360,335,261,151,231,215,159
146,277,267,200,105,180,168,134
186,400,372,279,120,200,191,142
114,219,202,156,157,304,284,190
168,396,379,235,151,248,230,183
159,317,296,216,113,200,187,157
137,289,275,183,130,216,201,151
223,504,478,342,118,222,214,162
140,251,236,183,116,216,201,151
158,384,369,282,112,226,210,159
207,388,365,259,136,273,253,205
162,339,323,212,86,134,124,97
169,357,340,266,150,282,271,203
137,224,205,149,122,298,287,205
123,234,222,169,176,326,299,236
152,271,252,181,151,291,273,201
193,450,427,314,116,151,142,107
92,175,168,127,74,133,124,93
197,416,396,281,150,262,248,174
158,237,224,176,153,317,296,252
196,402,381,267,141,286,267,198
184,388,368,235,109,160,149,118
174,411,396,299,156,376,360,255
100,182,171,127,113,176,159,121
164,339,320,258,174,376,359,254
162,329,305,211,140,308,286,229
205,505,473,362,124,211,190,147
173,322,298,213,101,159,150,106
148,367,354,270,125,235,224,160
137,302,288,202,145,296,280,205
138,301,287,218,144,280,268,195
160,347,328,247,166,306,294,238
183,368,351,264,121,274,261,200
145,300,284,211,150,249,234,171
149,309,294,207,115,189,173,140
208,451,429,324,130,238,225,163
150,283,266,207,136,265,245,177
140,291,282,198,105,214,204,142
118,246,235,166,132,216,204,165
153,281,257,192,140,248,233,192
184,370,347,265,117,242,230,164
223,490,465,355,155,236,227,154
201,428,410,295,110,218,203,142
196,392,372,278,113,198,187,138
150,260,245,187,128,260,246,192
192,372,343,250,100,166,151,122
222,519,491,364,165,333,314,243
131,291,276,186,140,255,249,172
191,407,379,265,134,260,244,175
198,441,431,304,93,175,163,129
156,292,278,198,156,307,287,206
218,510,482,376,120,201,185,137
154,340,329,233,180,332,313,224
164,398,383,281,80,129,122,98
153,263,244,180,114,246,236,179
149,247,225,165,135,225,207,150
189,385,368,267,142,304,294,218
142,287,273,200,117,230,216,152
131,220,204,159,127,229,217,164
160,401,378,277,90,124,112,83
171,426,410,271,167,341,312,259
181,359,336,250,142,263,248,163
165,297,279,213,128,268,252,185
171,400,381,284,130,224,206,149
145,269,246,196,148,308,293,225
123,218,199,152,119,238,221,186
165,317,293,217,155,344,328,254
96,146,130,86,113,221,210,143
141,340,323,247,141,261,246,163
190,378,362,264,124,203,190,154
108,203,195,151,132,244,229,174
134,302,284,208,136,244,229,176
135,269,258,183,88,152,138,123
246,567,541,405,143,268,253,186
138,254,236,194,89,158,149,100
166,387,355,271,103,177,170,115
112,217,200,149,104,170,156,128
157,351,328,243,119,212,191,155
174,404,380,275,142,286,267,217
191,460,438,357,149,275,260,197
146,350,331,246,84,140,131,98
214,439,408,315,104,168,160,121
198,460,434,332,125,208,190,143
113,160,145,113,154,270,249,201
120,180,167,112,134,222,207,156
152,310,295,235,171,318,297,234
178,319,296,203,180,402,378,282
194,388,365,264,152,282,269,192
176,345,325,243,153,291,280,203
184,391,370,291,121,215,206,147
164,290,267,211,160,277,259,177
133,240,226,165,150,330,310,227
120,224,213,145,168,296,278,212
207,424,398,303,147,261,244,164
192,410,392,258,93,148,131,105
158,297,279,229,108,233,222,151
149,293,268,193,186,411,389,293
125,189,176,140,89,152,141,103
146,272,254,191,125,226,210,161
193,450,425,332,152,277,262,196
148,326,311,212,145,256,233,178
151,258,243,187,160,285,270,192
184,420,401,281,144,272,258,182
208,459,430,330,148,231,215,141
207,508,478,343,144,293,279,215
167,299,276,207,137,248,229,168
161,352,337,246,149,270,259,208
164,334,318,242,165,300,279,208
160,302,283,194,117,181,173,123
125,215,204,159,139,251,236,174
135,222,205,163,157,358,336,240
118,208,195,147,106,180,168,131
144,294,281,203,122,228,218,169
229,434,397,293,115,165,153,126
178,345,323,246,132,247,231,154
193,482,460,344,129,261,246,178
192,364,348,265,159,248,236,172
152,278,262,200,84,168,150,113
132,271,257,182,117,281,269,176
148,317,298,216,170,359,346,244
152,307,293,234,132,226,206,177
138,270,256,195,128,234,217,170
135,259,245,190,103,154,140,113
200,475,447,316,124,247,234,177
198,415,388,286,121,263,246,176
130,287,274,212,167,346,330,248
123,253,236,176,114,217,198,142
171,298,276,197,169,304,288,243
145,254,238,170,130,257,241,164
141,276,257,196,129,234,218,159
145,239,217,156,121,270,261,209
168,282,265,205,123,274,260,201
145,302,283,211,94,153,144,105
184,399,375,281,152,230,218,172
148,269,253,203,172,318,301,229
226,492,465,337,127,250,232,186
184,382,358,261,127,210,192,157
174,294,279,215,140,222,201,164
136,283,265,208,158,346,331,227
152,273,254,189,63,110,103,70
217,383,352,285,189,443,420,313
198,404,382,264,174,378,356,260
187,342,318,222,114,201,184,152
188,350,333,248,143,291,271,181
140,328,303,259,170,356,343,278
107,180,168,122,139,278,262,175
172,346,323,230,126,263,252,184
135,249,232,165,146,290,273,199
155,357,334,252,131,302,287,214
117,240,228,166,150,321,309,225
188,458,437,323,139,267,245,180
129,204,190,143,179,327,305,230
198,430,407,303,129,223,209,151
211,390,365,285,116,235,229,158
200,381,360,261,112,211,205,153
138,272,254,201,125,237,220,175
115,167,152,119,117,209,193,135
139,295,278,201,122,190,172,129
157,302,275,202,105,179,174,110
135,260,247,170,86,174,160,110
211,459,431,307,167,341,323,260
163,372,353,249,134,259,240,168
145,322,302,200,139,269,262,189
123,235,220,155,140,258,242,174
133,232,221,167,86,117,106,95
197,414,395,304,136,256,239,186
141,281,257,191,138,228,208,152
167,422,396,315,110,214,198,139
171,309,288,217,157,286,262,187
205,447,425,328,144,278,260,186
176,349,332,217,139,257,243,171
148,340,321,221,166,353,331,256
182,379,355,268,145,251,234,183
132,300,287,210,84,116,102,97
163,297,276,205,145,234,220,157
159,347,333,253,131,221,208,148
184,418,395,274,125,250,237,161
140,291,270,191,130,213,197,152
164,301,286,210,139,290,277,214
154,296,282,195,118,218,207,167
188,383,358,271,199,361,340,251
80,134,127,91,122,220,208,156
174,340,319,238,169,338,313,236
139,286,260,189,153,274,252,201
211,376,349,258,105,185,174,147
192,413,391,286,132,187,172,143
182,402,379,273,130,221,210,169
116,218,206,154,115,235,219,155
207,439,406,300,84,200,191,132
210,495,479,331,151,286,266,221
177,326,303,233,152,258,239,163
133,256,240,182,81,134,123,99
128,240,227,179,108,203,192,143
207,451,428,327,177,347,321,238
171,379,355,265,112,212,200,137
133,263,252,196,140,237,225,178
172,342,326,260,154,353,340,276
147,253,231,178,162,321,300,228
155,349,335,222,176,367,348,264
144,330,311,203,123,236,222,162
143,300,285,220,146,283,265,214
123,197,185,144,110,201,183,134
175,453,432,330,116,198,182,136
181,391,372,261,106,173,157,128
170,360,342,253,146,331,315,231
149,311,293,208,101,186,167,117
160,309,297,209,128,250,234,177
193,464,441,330,120,239,230,175
152,309,298,235,154,330,312,226
220,479,454,358,175,329,312,244
173,371,353,247,132,218,201,144
190,376,360,258,131,229,215,155
152,305,286,203,156,320,304,243
107,211,197,164,137,224,207,154
182,372,354,249,174,388,371,274
184,360,338,239,163,381,361,269
171,358,332,233,151,245,224,169
190,370,346,252,140,212,191,149
206,440,417,298,148,291,276,195
249,534,503,382,82,111,106,86
147,331,310,237,122,190,180,139
169,391,370,254,176,369,355,278
174,342,317,252,163,270,257,181
155,264,243,174,140,244,232,163
146,311,289,229,102,177,165,119
130,249,235,178,139,299,274,208
186,384,361,285,133,268,251,180
149,276,255,188,75,101,93,72
191,364,349,255,163,363,345,245
148,311,300,216,103,163,151,111
147,266,249,193,135,258,240,188
185,405,382,277,120,227,217,160
234,448,418,324,116,225,214,162
182,385,362,263,88,190,179,121
184,416,395,279,145,266,252,177
164,299,280,226,135,285,267,188
141,266,245,187,143,282,275,195
193,401,384,273,139,262,247,189
188,388,361,280,127,231,216,158
176,408,384,286,119,216,206,126
166,317,294,189,175,331,319,236
160,344,329,226,164,254,236,185
209,468,445,323,139,256,243,185
144,305,292,211,158,324,305,226
129,244,225,158,134,268,253,187
184,375,355,268,136,258,240,182
194,354,334,257,135,277,259,198
144,279,264,196,133,201,184,142
102,223,205,154,101,151,140,107
122,216,205,171,162,313,301,226
147,292,273,212,146,274,250,193
179,336,314,239,95,135,117,106
161,249,232,177,114,251,237,166
125,232,223,151,112,224,203,151
180,326,305,229,136,275,263,210
194,401,380,281,164,277,264,195
192,407,376,273,155,317,296,214
164,290,272,207,138,227,214,165
157,296,276,215,127,205,194,152
230,515,487,353,107,218,205,153
184,426,409,291,171,399,388,293
126,195,183,137,83,118,111,84
121,225,207,172,183,316,300,232
195,371,342,268,198,415,395,312
151,340,321,231,113,171,161,121
173,357,336,257,146,291,273,213
162,325,308,232,155,338,324,252
144,300,283,208,90,147,138,110
165,343,325,236,134,254,241,183
182,360,341,235,136,267,254,182
150,297,278,189,127,251,235,172
159,321,300,216,177,313,294,231
183,398,378,272,123,220,214,149
165,293,273,199,103,189,176,135
183,384,363,272,129,248,234,174
191,333,306,238,111,204,193,151
195,424,407,322,119,236,223,163
162,337,322,248,141,233,214,160
179,310,288,222,71,99,91,76
126,249,237,171,127,260,247,184
199,372,347,256,143,225,211,162
163,351,331,255,113,262,245,188
137,237,223,156,113,183,167,133
177,410,394,295,121,196,185,139
137,295,273,212,153,294,274,203
229,474,452,329,156,271,255,192
178,410,393,288,116,210,196,134
137,236,223,154,127,245,225,173
124,251,235,151,151,274,255,185
95,218,204,165,157,343,323,247
186,321,303,239,114,224,211,153
120,221,207,156,139,269,263,199
129,249,224,183,145,239,219,154
158,340,315,213,138,244,228,167
165,291,261,181,123,188,173,138
146,336,317,233,82,130,123,94
111,266,252,185,108,174,156,119
203,430,409,293,112,147,136,104
127,251,237,161,143,239,226,168
146,298,285,219,125,236,223,176
150,268,250,180,123,184,165,124
192,421,406,326,139,302,286,205
203,414,397,290,124,234,215,172
160,342,323,226,156,300,281,229
177,295,275,192,137,273,259,192
139,298,281,194,130,251,234,183
165,316,295,231,109,156,140,114
197,414,384,272,113,172,159,127
176,312,296,221,166,325,313,242
130,267,255,186,119,203,186,138
131,293,273,195,116,164,152,130
172,366,347,252,106,197,184,143
196,389,368,287,125,213,199,158
239,457,432,326,129,263,244,170
125,252,238,177,162,378,345,264
125,260,242,174,108,167,156,117
124,207,189,139,141,240,223,177
212,431,403,278,103,180,167,145
130,292,276,191,160,297,285,205
112,205,190,133,170,347,329,255
178,327,307,219,101,187,174,134
173,327,305,215,124,212,196,158
169,302,281,207,171,397,377,260
145,298,279,224,89,152,140,128
159,273,265,185,80,123,118,91
230,519,500,362,142,296,282,214
149,347,330,249,168,349,326,238
173,374,351,278,165,383,364,277
176,350,328,227,113,198,192,147
114,223,209,173,141,254,235,177
169,343,320,225,113,174,166,131
207,463,441,333,99,125,117,88
168,356,339,258,113,223,215,180
127,197,177,146,169,334,317,244
172,327,316,236,151,278,256,201
124,223,210,156,140,251,236,172
172,378,352,272,177,428,409,298
140,331,318,227,132,240,226,183
159,355,338,247,129,268,255,185
168,370,355,272,75,104,95,77
117,205,198,149,145,302,282,212
117,236,222,189,94,190,175,142
129,243,229,167,156,336,324,232
154,360,340,262,111,181,171,136
167,315,301,233,114,261,247,183
131,241,227,153,122,244,229,183
176,356,332,270,172,353,336,236
168,310,295,223,192,345,323,244
193,327,312,250,106,166,156,113
145,311,296,215,132,233,219,154
148,298,281,222,143,296,274,203
182,324,303,208,182,373,347,258
170,386,358,268,156,307,294,211
140,329,315,225,126,267,245,175
158,295,280,223,133,267,252,189
190,355,335,249,117,200,186,135
185,376,362,275,99,164,155,118
171,364,345,257,119,281,267,198
199,391,369,269,149,297,272,210
159,265,243,172,112,196,184,138
103,200,187,124,107,188,174,132
154,313,302,215,176,379,365,266
190,397,371,290,152,235,216,179
142,317,305,247,160,341,326,241
165,340,316,217,141,283,267,209
226,502,474,351,135,223,206,147
154,311,289,202,118,197,182,151
114,191,179,128,134,242,232,182
128,288,270,190,149,271,257,177
209,378,358,251,141,259,243,179
157,359,331,264,124,225,208,162
122,231,220,170,119,204,192,136
177,330,311,249,130,283,273,197
193,442,416,329,120,262,252,192
154,297,278,204,139,245,231,185
150,312,297,224,141,294,276,219
155,276,260,189,131,195,181,146
114,242,229,170,163,306,282,214
144,307,292,212,145,252,236,182
131,312,295,213,106,184,173,132
164,373,351,257,142,303,282,226
122,249,233,171,126,224,208,162
127,259,244,185,163,302,285,210
139,314,299,228,85,145,129,99
154,326,308,218,83,140,134,107
101,195,183,145,148,304,281,220
149,275,260,203,156,318,300,214
181,329,310,236,129,280,261,177
206,450,435,308,104,160,147,127
184,447,427,310,130,288,274,196
187,373,354,258,112,224,218,143
169,360,335,271,126,270,254,208
156,301,291,208,123,261,249,199
177,387,361,268,130,206,190,137
166,294,280,218,118,229,221,166
187,390,373,288,181,333,320,214
142,297,284,211,122,202,189,124
171,388,363,283,133,296,290,216
163,278,257,193,140,284,268,193
145,343,323,235,120,245,232,179
88,141,132,90,99,181,175,132
162,366,349,269,133,267,252,173
203,395,369,274,154,263,238,185
113,260,247,165,108,224,211,163
162,310,290,227,133,247,233,184
92,162,157,117,100,154,140,109
192,413,393,294,175,381,353,273
155,285,269,200,171,382,365,284
184,405,375,254,122,159,144,106
123,290,275,183,121,255,241,172
120,236,218,176,109,220,209,141
138,281,267,173,137,199,188,134
118,220,208,152,152,279,263,215
172,355,333,231,114,199,185,138
157,353,337,238,130,202,184,131
158,350,327,251,181,371,343,258
148,251,241,161,137,317,299,230
157,322,302,219,105,177,163,121
206,434,403,309,162,291,279,204
163,300,280,212,137,241,228,168
152,432,418,290,138,242,229,156
189,389,366,286,128,268,251,195
151,337,319,246,113,188,173,140
114,231,215,160,126,243,227,170
169,404,380,282,90,115,108,81
138,305,288,207,103,194,179,137
125,272,256,168,137,261,247,176
129,208,196,153,72,93,81,76
138,250,235,184,129,178,164,132
148,356,333,242,151,333,319,220
139,283,257,179,171,372,358,273
158,343,328,233,111,237,221,178
108,223,207,141,115,219,207,145
181,355,334,228,128,257,247,180
190,403,377,284,173,402,383,285
142,283,262,188,106,167,157,124
105,175,160,122,129,241,231,160
123,287,277,183,71,103,92,77
153,328,308,253,85,134,119,105
199,380,350,258,105,164,153,112
181,390,363,272,141,277,262,209
145,271,258,183,118,202,189,140
146,341,325,248,93,158,148,113
179,414,393,278,112,182,167,139
134,214,195,141,104,202,192,130
192,373,363,254,112,254,231,174
175,420,399,314,191,358,336,235
189,346,318,249,149,268,251,183
153,322,301,217,125,200,184,130
164,314,292,217,157,307,294,210
154,367,345,235,122,230,214,165
168,340,320,221,95,166,155,117
163,377,353,267,116,208,193,155
136,293,279,180,113,180,162,119
139,257,243,168,138,275,262,200
177,317,303,228,113,186,176,131
162,377,358,251,134,250,235,179
185,362,334,252,141,334,320,239
147,386,370,277,125,208,194,148
207,429,407,295,88,163,151,131
182,429,403,293,127,205,187,136
201,415,391,306,175,361,341,250
152,329,310,229,152,275,258,190
165,314,297,225,138,273,261,198
160,313,299,230,90,128,115,79
175,396,366,277,135,218,200,141
172,405,391,296,167,326,314,236
148,302,275,214,104,206,196,138
157,303,286,231,119,251,243,165
181,364,334,253,113,180,168,128
117,224,208,159,145,257,243,188
118,226,210,166,82,153,144,112
141,236,213,156,118,184,166,128
142,300,287,220,80,117,106,82
163,323,305,228,157,263,239,200
156,335,315,210,138,246,232,166
122,230,217,167,111,188,169,133
188,354,338,249,102,184,179,134
175,335,311,224,143,235,213,159
184,379,350,259,104,177,168,128
201,422,403,286,140,285,267,203
194,407,388,272,117,177,163,121
174,315,287,217,133,263,248,181
138,356,339,250,128,253,238,182
166,343,324,240,149,261,247,180
149,296,278,198,148,241,230,173
116,231,215,157,121,200,183,130
148,275,260,188,145,331,314,227
127,269,253,209,112,178,155,128
181,392,367,289,151,258,235,204
206,380,352,277,99,125,109,96
79,130,117,94,111,197,180,127
165,301,282,206,128,211,200,150
154,329,310,222,131,231,221,176
191,332,316,239,160,262,246,171
173,335,319,223,112,255,247,161
154,332,319,238,93,171,162,121
145,303,290,223,114,222,208,140
153,279,264,197,168,339,323,242
203,433,406,302,103,197,186,129
205,441,413,292,116,211,197,146
146,262,250,198,136,209,190,140
184,335,315,229,92,193,181,131
129,212,200,152,118,256,239,171
144,313,291,199,145,333,313,220
158,331,314,219,143,252,238,176
145,268,255,188,149,284,271,223
214,401,377,271,165,278,254,194
219,510,484,390,146,267,253,172
131,257,241,179,173,365,346,253
207,455,425,329,158,307,288,217
175,368,344,261,140,247,233,181
213,434,414,283,155,258,245,165
190,397,375,287,135,231,220,168
191,365,343,272,136,236,220,160
207,436,410,303,121,240,219,153
146,263,243,184,115,190,179,133
188,387,370,245,153,281,262,200
138,204,183,144,214,437,410,332
163,352,326,229,105,196,178,134
223,480,458,353,130,231,213,165
189,380,351,256,169,338,321,242
153,264,244,172,141,256,237,162
132,274,260,203,163,303,285,224
157,307,294,199,116,220,210,161
133,246,231,172,113,206,187,123
193,425,397,300,112,197,184,137
180,337,317,226,107,153,141,105
180,338,322,245,144,221,209,169
138,257,248,197,79,143,133,92
171,302,275,201,97,152,139,108
197,411,379,271,149,275,257,213
160,308,293,219,179,395,378,276
185,402,383,273,146,273,255,192
169,325,309,193,156,340,324,248
184,336,326,237,127,206,190,151
126,239,224,169,98,147,135,116
137,306,294,221,114,198,186,137
178,311,290,202,85,179,173,137
138,239,222,163,115,177,162,126
141,235,222,161,125,252,244,186
178,406,392,271,142,273,256,197
165,302,283,212,119,172,164,117
167,321,300,226,173,336,315,214
148,293,275,222,131,218,205,154
195,351,329,232,150,283,264,202
164,307,290,202,142,293,285,219
185,366,343,237,156,264,250,192
155,320,303,217,146,342,324,262
169,335,316,232,123,204,191,151
135,270,264,176,123,236,220,159
123,213,193,142,118,224,207,155
150,325,310,237,116,231,223,168
149,286,274,197,148,332,311,252
165,326,307,255,141,254,236,192
186,344,328,252,90,176,170,106
159,260,247,194,111,195,188,152
147,300,287,187,91,141,124,110
150,288,269,204,134,316,296,210
172,360,327,250,99,196,180,147
147,307,289,206,143,302,291,208
206,478,457,353,142,242,230,181
205,358,332,245,129,225,210,149
194,419,398,294,123,215,195,159
132,225,203,133,136,263,248,191
144,318,300,222,150,307,285,204
121,239,228,159,137,235,220,165
110,218,206,148,145,317,294,229
180,374,349,274,103,204,197,140
153,287,276,220,101,159,153,123
222,477,452,341,135,237,218,158
131,290,279,203,110,198,185,156
122,235,220,171,148,296,281,207
188,439,418,295,174,347,335,246
179,402,382,293,110,189,177,149
157,434,413,328,128,258,234,171
179,355,343,254,171,348,333,243
174,344,313,237,92,162,155,127
121,194,179,139,149,269,259,196
154,363,343,238,153,357,340,264
192,407,378,293,163,311,294,213
163,340,326,241,164,331,315,227
105,161,150,113,156,290,277,214
191,375,352,262,166,338,324,247
153,354,340,239,114,271,249,192
156,344,324,239,158,295,283,209
123,293,278,229,115,187,174,126
211,434,413,301,154,277,255,190
129,282,265,202,150,282,267,172
139,289,273,211,138,274,264,217
161,357,336,255,112,209,195,153
153,291,266,193,108,205,194,132
120,271,259,207,89,166,148,123
171,462,443,314,131,238,226,179
170,368,348,256,69,135,131,102
170,329,312,225,154,327,308,238
143,311,286,206,123,232,213,142
216,466,443,339,134,288,268,192
156,340,321,246,105,176,164,124
177,335,307,234,96,147,137,103
220,499,480,350,110,158,148,114
158,335,319,223,107,225,211,143
175,398,368,283,152,300,280,217
151,288,275,203,104,204,188,148
153,295,280,218,140,227,214,165
178,293,274,202,171,360,343,271
165,365,341,266,164,339,320,245
143,214,200,138,102,202,191,154
162,310,296,210,105,180,168,143
134,235,218,166,128,201,184,148
157,294,275,215,138,256,239,177
184,462,438,323,162,362,339,248
118,197,183,144,114,207,192,146
190,398,373,282,143,277,255,197
134,344,326,232,156,239,228,142
129,249,238,174,138,242,229,179
137,254,249,172,117,281,268,179
175,313,293,209,218,457,434,318
135,203,184,152,179,384,374,286
109,182,171,109,141,289,272,195
176,358,338,239,136,253,243,180
211,410,389,275,148,273,263,187
142,341,327,239,101,180,175,129
203,409,383,274,160,357,346,236
118,250,245,165,158,261,241,179
167,420,412,277,104,168,158,121
203,422,397,252,146,290,276,215
149,319,305,248,124,179,164,124
163,338,318,230,140,324,306,241
162,316,299,216,106,202,184,124
163,317,296,229,173,389,364,296
208,469,448,343,115,169,154,124
100,219,205,137,130,236,225,175
172,385,363,250,138,274,263,192
170,423,397,283,125,249,229,160
139,267,247,174,111,178,163,137
169,305,281,198,115,194,179,128
209,468,437,346,149,321,307,219
145,312,307,225,184,380,360,258
137,281,268,201,142,302,280,202
146,303,280,199,131,245,232,166
171,289,270,174,158,271,261,185
192,340,320,234,125,213,191,150
212,414,390,279,135,234,214,172
156,395,377,267,189,311,289,231
117,194,181,139,101,160,150,119
166,387,363,282,134,199,186,130
144,251,240,175,132,243,227,163
118,213,200,135,76,100,94,70
171,316,295,212,110,206,194,145
145,341,319,230,143,282,267,208
111,164,150,117,153,290,273,190
154,355,342,280,87,156,150,117
127,268,257,186,168,350,326,267
146,231,213,166,95,158,148,107
186,380,362,259,150,315,302,218
205,442,417,299,85,157,145,117
151,298,271,222,127,254,238,173
144,298,274,193,166,337,318,239
177,321,302,214,192,371,349,240
112,242,228,157,114,232,224,155
211,364,337,232,171,360,341,281
174,346,328,218,135,203,195,152
180,333,312,236,107,181,172,138
148,270,243,180,111,169,158,124
136,223,210,146,153,254,236,191
146,237,220,161,144,253,240,179
130,223,208,163,136,223,206,155
208,431,402,299,144,277,263,198
178,348,330,246,88,147,138,107
154,328,319,218,129,253,233,165
218,484,463,341,168,373,360,274
197,495,479,345,188,348,329,266
127,248,242,171,174,373,347,259
155,334,316,244,118,246,231,161
143,298,286,192,176,334,302,238
189,366,341,260,91,113,102,81
166,327,310,221,131,214,198,149
173,392,372,270,132,260,250,180
148,321,300,203,128,227,214,152
149,337,322,215,163,342,322,242
206,467,449,341,147,234,217,163
165,361,347,241,133,262,247,185
162,290,265,192,122,237,220,169
128,268,249,185,160,259,248,195
216,494,469,358,136,303,283,208
215,477,454,327,94,174,168,137
148,293,276,219,99,162,155,127
175,387,371,295,135,273,254,193
200,370,341,253,110,190,179,129
186,368,353,257,118,218,208,163
183,367,350,262,133,251,233,176
151,293,267,208,146,289,277,183
143,329,315,232,129,209,199,149
173,328,306,229,141,232,219,168
189,379,362,273,138,287,267,201
145,313,299,199,120,225,209,143
186,380,359,256,137,220,201,154
188,408,383,281,85,147,141,95
172,380,364,263,106,153,150,113
167,334,319,240,83,138,126,110
147,341,321,235,109,188,174,130
254,519,498,363,125,218,209,145
184,349,327,223,94,158,145,106
169,333,315,219,111,202,191,143
137,225,213,148,112,262,256,194
144,300,287,214,127,198,183,140
145,330,305,211,145,316,300,223
137,254,243,194,140,271,255,172
125,220,205,149,133,234,224,155
194,364,336,252,79,112,103,83
148,258,241,173,108,211,197,157
163,435,418,313,147,295,281,204
144,315,298,238,124,219,203,155
141,367,354,242,142,264,246,173
163,390,367,261,122,220,203,149
165,377,354,264,106,211,202,142
145,303,282,188,112,174,160,127
123,239,224,168,133,238,217,160
205,444,414,329,101,181,168,124
203,458,436,326,134,237,227,157
152,264,250,186,145,286,270,204
153,319,305,238,128,235,217,161
186,420,405,292,126,171,156,116
144,296,284,209,97,163,146,116
146,288,272,201,132,232,218,156
205,506,481,358,133,190,179,135
155,364,353,255,142,247,227,176
113,250,241,170,156,286,269,209
154,266,247,177,101,156,141,113
142,273,255,185,116,198,183,138
167,414,394,313,163,311,294,228
149,300,277,187,115,173,164,128
169,359,336,256,115,241,230,181
150,238,215,159,102,154,149,99
160,340,325,266,109,184,170,132
202,384,356,278,133,295,279,225
177,344,325,253,107,165,153,119
135,260,246,180,118,197,183,139
136,227,209,154,135,307,297,217
169,380,357,256,149,271,257,176
174,359,338,268,89,125,111,95
184,351,332,252,110,187,178,120
182,358,337,258,152,226,210,149
208,467,440,330,149,317,293,209
164,387,365,273,142,261,239,187
139,316,297,204,105,227,215,157
181,419,408,287,133,209,198,141
178,340,327,203,152,308,295,226
165,332,317,228,122,199,184,134
166,279,263,198,118,244,233,168
120,239,227,145,145,318,297,223
162,352,338,271,138,348,339,256
137,295,272,185,83,119,110,89
111,211,198,150,117,181,171,123
129,239,225,174,101,170,158,124
161,318,297,215,100,188,181,143
117,193,182,111,106,162,154,109
201,398,379,259,123,223,211,161
188,433,419,322,126,258,240,184
136,237,219,150,126,192,178,152
112,238,224,135,98,134,126,113
130,190,182,131,110,153,144,114
92,150,138,106,138,301,288,216
113,255,240,198,123,216,199,158
157,365,348,254,163,320,305,227
220,516,492,372,103,201,191,158
166,369,349,278,96,170,151,120
154,299,285,223,101,162,154,111
192,443,424,294,142,313,299,209
169,343,324,242,111,194,180,134
140,273,260,196,142,311,293,244
158,324,308,227,87,134,125,103
171,381,361,255,150,232,218,161
110,239,221,163,153,279,269,209
183,389,366,255,104,154,142,107
228,465,440,336,89,109,100,78
157,351,336,250,143,225,215,166
188,441,411,333,133,249,231,159
151,301,274,187,158,327,310,246
213,493,469,354,128,221,210,157
186,442,416,324,77,111,103,85
199,398,375,259,155,286,272,196
189,442,424,314,158,338,320,242
119,239,226,149,143,259,240,181
194,396,381,262,140,279,257,197
161,273,256,182,133,238,225,161
170,308,297,202,153,334,321,225
187,364,350,246,149,242,222,165
159,268,254,194,80,117,110,75
154,317,299,218,129,270,259,192
153,286,269,212,99,197,186,154
187,338,321,245,102,192,182,130
201,518,490,365,149,305,289,211
156,300,284,219,135,210,196,131
187,334,317,245,135,196,186,142
192,413,386,311,142,223,202,150
132,241,228,166,161,336,316,260
133,293,278,194,124,258,244,170
168,351,331,257,120,231,216,170
120,206,193,152,178,312,294,232
129,311,297,213,139,303,283,209
162,372,353,260,140,272,256,191
181,373,354,272,140,270,250,193
146,302,286,200,94,179,169,128
153,341,317,227,126,226,213,148
87,119,105,86,110,198,192,150
214,500,483,378,153,270,256,188
175,379,356,292,179,374,361,270
133,340,315,239,119,226,208,143
193,466,438,325,156,281,266,200
145,233,216,170,127,219,199,137
186,405,388,287,138,230,213,158
140,275,264,184,130,242,228,160
163,359,339,263,97,161,146,96
107,174,164,137,158,368,349,240
183,433,406,322,104,172,161,118
132,251,238,165,127,234,223,164
158,265,247,168,104,170,157,121
102,179,169,131,146,222,211,157
147,279,265,206,140,247,236,180
130,248,232,175,131,225,209,181
170,291,269,188,178,310,294,221
193,429,405,289,146,248,237,168
105,254,239,188,142,222,211,157
182,355,336,228,130,289,269,189
141,273,253,182,166,306,283,210
181,397,373,266,164,296,274,184
127,257,241,173,142,283,265,197
130,260,245,170,114,237,222,185
126,284,266,178,155,318,300,226
133,311,293,214,79,126,113,87
182,415,396,294,174,373,354,263
200,457,437,313,181,331,309,236
194,451,430,322,131,202,191,140
149,346,330,248,151,309,291,243
138,242,221,172,156,311,295,224
164,392,379,283,108,222,208,171
150,356,340,239,131,204,180,144
178,370,355,238,145,208,194,149
173,427,413,314,157,292,274,207
106,182,169,139,122,216,201,159
173,318,302,228,166,328,309,245
145,274,255,163,155,312,296,226
199,384,362,253,122,233,210,150
141,320,307,212,119,204,184,127
112,190,173,137,116,208,193,132
140,204,184,146,119,203,189,145
210,402,374,272,135,204,189,150
166,296,281,200,151,271,256,188
165,307,286,238,183,331,304,210
129,253,230,182,133,231,220,153
203,434,415,297,84,129,115,92
174,325,305,229,185,375,356,267
160,317,302,223,161,296,275,196
122,190,179,136,130,220,206,141
165,372,356,260,160,283,270,201
127,223,212,165,127,216,200,144
178,395,377,270,102,178,170,125
155,334,318,212,137,259,248,190
182,423,399,275,203,369,345,266
148,290,276,215,138,284,272,202
166,289,275,195,139,247,233,163
149,329,320,224,135,216,198,157
137,302,284,210,120,182,161,126
160,323,305,223,170,313,291,197
124,233,212,164,143,233,222,164
145,307,289,224,145,328,307,236
192,408,385,321,82,127,117,95
217,432,410,282,102,165,161,130
202,390,367,267,114,176,161,133
138,310,288,207,163,298,278,199
167,342,322,256,162,246,228,172
174,381,358,268,118,230,218,165
157,260,252,185,148,218,203,142
149,223,207,143,133,263,245,188
232,468,439,333,118,219,206,173
201,390,370,280,168,339,326,260
127,254,241,196,142,258,239,180
141,272,258,185,100,200,189,142
144,327,310,219,126,238,219,165
112,187,175,123,92,144,138,113
176,336,311,250,125,253,239,160
145,281,268,185,101,196,184,133
149,277,262,180,138,289,273,198
193,336,311,230,92,165,151,118
221,509,487,361,73,142,132,98
174,354,333,245,147,308,298,227
144,281,264,164,143,284,274,210
107,226,213,166,162,335,314,244
139,262,249,182,98,201,189,158
190,391,377,277,165,281,258,195
230,563,522,392,133,255,238,165
125,254,237,176,128,270,256,186
145,254,240,190,129,278,266,181
139,282,266,197,116,225,213,174
140,259,241,191,126,265,242,172
130,272,260,184,108,187,177,140
158,294,281,231,136,259,243,168
156,280,263,192,120,211,193,160
160,337,325,231,163,303,278,187
174,367,351,260,134,222,209,162
128,229,216,150,149,287,273,193
145,277,260,207,127,221,207,171
158,319,304,215,76,117,110,83
169,406,382,276,130,253,235,183
161,374,354,275,145,290,273,204
218,462,436,305,94,153,142,106
155,273,256,196,124,274,261,181
188,375,355,259,160,338,318,234
151,310,293,217,165,312,294,205
181,349,331,235,109,220,209,161
138,276,263,207,115,226,211,167
138,347,327,237,119,234,218,160
208,438,423,308,113,179,163,128
200,459,432,313,131,237,216,165
150,271,250,185,114,173,159,132
162,349,321,243,115,203,190,146
155,279,260,182,120,192,178,130
139,258,243,191,149,310,290,236
193,437,414,328,122,183,173,140
188,391,370,304,107,196,185,133
141,265,250,190,177,286,278,204
173,382,356,241,145,255,244,177
143,309,292,237,130,198,179,132
211,492,460,342,160,290,276,214
174,375,352,289,100,151,136,98
136,255,241,161,131,290,272,180
157,286,268,189,91,144,129,99
173,396,376,269,169,298,280,203
145,295,274,211,132,231,210,171
171,365,345,259,139,228,215,156
166,318,302,237,138,256,235,205
193,432,401,289,107,190,177,128
201,426,399,300,165,300,281,203
142,269,260,197,97,173,160,111
182,397,378,282,118,224,206,168
207,376,358,266,147,341,325,228
160,283,262,200,163,317,295,225
158,330,315,236,111,161,146,120
149,315,299,210,94,179,165,111
146,294,277,203,105,223,219,161
139,330,312,230,131,295,281,200
109,229,221,169,105,175,155,117
204,407,377,287,123,225,211,167
176,370,357,251,103,188,174,131
172,376,357,273,141,254,233,169
135,266,241,197,143,250,237,183
189,367,344,252,128,219,202,149
90,172,159,130,139,215,202,136
253,536,508,356,154,280,263,208
136,269,256,191,182,357,342,243
163,361,340,259,143,257,243,163
204,414,391,276,105,213,206,158
191,395,366,264,132,274,259,188
207,493,468,334,138,278,264,204
175,358,341,255,142,293,276,215
170,407,384,269,124,178,169,131
182,388,361,279,100,171,154,120
214,475,442,308,144,275,253,185
174,392,370,311,119,283,270,187
211,409,392,296,163,257,236,186
119,195,189,139,129,226,215,151
179,335,316,225,159,330,308,231
192,417,400,320,136,311,296,211
216,427,404,268,127,213,197,143
159,259,232,177,118,195,184,147
146,309,291,244,125,197,187,142
213,546,524,386,101,169,156,133
171,378,353,279,135,301,288,211
100,193,183,128,133,293,281,208
137,301,287,199,201,356,330,244
128,260,245,164,105,210,198,158
192,358,334,238,118,288,272,190
145,300,284,205,122,290,274,210
140,255,238,178,122,275,263,213
178,337,313,223,127,216,202,149
190,494,469,354,148,277,265,206
236,510,479,366,117,161,151,120
170,323,300,217,104,200,188,151
195,346,327,241,92,146,134,116
148,332,318,224,145,260,243,191
171,375,347,254,107,165,152,115
220,504,487,372,152,320,292,202
185,385,368,267,117,220,206,165
174,364,340,232,109,207,192,143
153,343,318,257,110,174,163,129
148,250,233,180,134,237,227,168
185,368,353,258,139,234,219,159
101,191,183,131,100,165,150,128
168,303,288,213,163,338,317,217
194,409,396,295,152,315,305,218
169,348,329,252,121,240,228,146
151,236,221,169,93,145,134,110
181,354,332,258,134,256,232,198
156,319,306,199,126,229,208,143
109,211,201,144,128,224,207,163
143,236,226,168,166,281,256,187
111,177,167,111,177,341,318,240
113,274,261,192,113,190,171,128
203,406,382,274,145,261,245,169
122,216,207,159,176,373,352,272
114,202,194,145,172,309,293,216
176,357,331,239,153,291,272,200
158,343,328,226,110,211,197,143
134,260,245,196,180,338,324,221
122,245,234,159,157,350,335,225
177,374,357,261,120,220,205,160
139,254,240,169,99,159,153,109
195,471,454,330,121,298,281,202
133,216,207,164,148,274,264,205
112,182,168,136,133,247,230,180
186,331,307,232,126,225,207,159
194,437,419,286,170,319,301,230
172,331,310,235,144,269,262,191
135,207,186,139,119,193,179,140
161,334,312,236,117,247,231,183
111,166,151,115,114,206,195,147
139,265,251,194,178,435,418,322
155,321,306,222,108,169,160,123
203,485,460,340,62,95,92,74
150,265,250,189,99,131,115,82
157,318,299,221,103,155,139,116
167,294,278,215,123,199,184,136
150,276,256,177,123,226,210,164
163,327,312,225,110,181,171,131
178,401,375,290,167,317,301,204
160,372,343,245,139,269,255,183
100,151,139,107,169,348,326,252
177,359,337,236,125,251,239,171
175,377,355,279,114,209,198,145
127,303,287,216,125,263,248,188
169,339,318,241,148,327,305,246
157,317,297,207,95,135,120,103
151,287,275,194,150,262,244,171
150,290,279,216,190,318,295,205
80,160,145,103,130,212,195,144
127,285,269,193,123,289,270,210
144,246,228,183,136,266,254,175
155,267,243,186,144,303,282,238
132,271,252,173,106,178,162,139
142,318,298,217,130,301,288,208
153,332,315,234,141,256,239,179
153,357,335,242,133,219,201,164
187,385,371,265,162,332,318,259
99,201,188,142,135,197,184,141
175,367,352,263,170,369,354,271
157,270,250,192,101,164,153,126
145,333,315,220,157,294,279,210
134,267,257,201,139,279,258,189
163,323,309,226,94,177,168,127
148,283,260,190,180,441,425,311
183,436,406,297,146,225,212,161
86,145,137,104,116,168,153,121
176,374,357,263,136,244,232,157
181,386,357,263,149,241,230,180
178,452,428,316,177,376,358,266
194,413,387,297,128,206,191,159
181,392,364,265,90,163,149,112
151,341,321,239,111,255,244,183
225,526,501,370,146,270,257,188
140,191,172,131,115,174,159,136
165,368,354,267,106,169,158,111
158,289,273,202,112,175,154,123
195,400,375,263,120,250,226,172
106,179,166,131,133,263,237,199
149,302,288,234,134,278,266,187
187,396,374,314,132,233,218,164
137,299,284,214,119,234,212,158
104,205,190,147,101,179,168,128
179,421,399,312,95,158,152,113
187,324,303,229,136,245,233,176
135,225,212,155,93,160,146,107
166,357,336,272,112,214,199,158
142,308,299,231,96,172,157,118
118,246,229,172,99,184,171,123
174,388,369,262,88,142,126,104
146,286,267,174,129,241,222,180
150,307,291,240,120,219,202,158
183,325,309,240,125,224,210,147
156,329,305,205,130,201,190,139
157,322,305,223,156,255,242,174
182,338,312,239,165,333,309,240
130,237,222,166,166,373,353,271
138,360,347,261,113,201,191,146
167,348,331,221,153,350,337,268
161,377,351,261,151,256,245,170
221,511,487,355,136,259,239,173
169,336,319,264,139,265,242,198
143,286,277,201,98,207,195,131
147,314,287,213,103,176,167,119
201,422,394,301,154,325,305,238
128,290,275,196,122,176,168,123
171,376,363,262,89,164,152,120
217,427,402,300,126,224,215,160
103,211,197,136,116,236,220,183
246,512,470,340,113,143,126,102
125,281,265,181,126,192,174,139
165,371,356,251,136,261,244,163
174,367,345,259,109,231,213,139
165,375,355,277,147,303,292,238
163,304,292,195,149,313,292,202
219,473,455,353,181,300,287,216
189,406,387,280,107,247,233,160
200,446,425,325,124,215,206,159
134,243,230,169,140,313,299,217
138,303,292,214,161,350,330,256
130,280,266,192,134,238,220,160
201,436,412,300,167,361,342,256
174,354,327,258,128,249,236,171
171,350,332,272,102,170,152,119
171,292,278,199,85,160,152,109
143,284,263,206,155,300,288,202
126,244,226,168,125,189,176,137
143,248,235,151,108,158,144,113
