229,219,155
337,320,234
347,333,235
368,342,247
445,418,302
409,386,265
329,312,219
190,178,139
396,368,283
283,263,188
238,221,180
313,299,213
248,221,173
336,324,231
273,259,197
228,211,162
185,167,124
240,228,164
389,376,258
290,278,176
238,226,169
329,310,225
335,313,234
292,273,175
495,472,346
301,282,207
274,259,190
275,258,194
346,321,263
264,253,184
315,298,222
276,261,181
348,332,266
234,219,162
290,277,209
320,300,226
254,233,173
389,370,265
338,316,244
270,257,178
325,312,232
338,324,243
261,250,170
201,193,150
229,217,162
412,389,275
468,445,323
411,392,251
320,303,233
463,443,349
346,331,220
313,289,231
238,227,179
312,298,245
234,220,166
229,222,148
446,434,295
328,311,219
327,309,206
358,333,237
206,186,139
392,368,278
228,215,144
296,285,193
351,326,243
238,225,169
239,225,152
412,396,306
270,258,182
351,331,253
318,298,222
350,332,266
351,325,240
325,299,242
434,411,279
276,262,207
214,205,151
291,281,193
273,255,203
341,318,233
270,254,181
401,377,291
389,366,267
469,455,326
301,277,188
240,223,166
434,412,299
420,393,287
411,383,303
441,424,311
278,253,181
528,502,367
300,280,222
365,341,249
283,267,190
445,424,326
263,248,190
277,254,193
210,193,146
545,525,372
289,278,201
314,300,244
307,294,208
290,277,207
353,332,248
361,342,240
202,182,139
403,388,285
392,377,281
364,346,245
249,234,169
370,348,286
374,345,261
252,239,166
368,350,231
291,271,200
326,311,255
244,228,173
271,251,171
325,306,209
433,406,271
394,375,278
254,238,166
246,227,156
380,353,276
347,327,251
298,272,208
424,398,313
390,367,260
351,335,268
352,328,242
323,300,220
380,366,250
234,222,170
467,446,327
341,321,232
419,393,281
348,331,229
398,374,280
318,295,206
369,351,237
319,300,217
286,265,201
382,356,255
278,256,193
339,322,217
350,331,252
321,309,215
422,404,323
290,282,193
174,159,126
353,327,221
426,399,303
450,420,329
387,363,281
370,346,254
151,135,114
362,338,229
389,366,252
379,355,275
309,291,216
348,329,229
281,259,192
211,200,151
356,333,238
243,232,157
343,324,230
339,320,214
369,347,250
402,382,269
294,273,213
318,297,211
229,211,167
274,249,201
307,292,219
344,322,227
312,296,216
454,439,323
351,335,260
361,338,262
296,285,194
276,256,183
369,355,256
351,330,271
224,210,161
400,390,297
213,197,141
427,404,303
283,274,219
214,201,132
331,317,258
258,242,178
298,276,231
357,331,238
222,204,145
306,281,213
336,320,231
410,384,292
177,160,113
287,268,197
256,237,178
335,317,233
276,250,193
258,245,193
396,378,279
410,392,294
288,270,187
309,297,209
433,418,332
392,372,287
324,309,242
257,239,182
433,412,309
287,270,179
277,262,206
315,295,220
229,214,160
340,323,237
368,351,271
380,353,280
505,481,340
326,303,222
323,303,223
353,332,232
310,289,206
317,294,230
256,237,178
355,337,272
205,190,137
235,211,153
314,288,217
349,330,248
270,249,177
324,307,222
358,336,249
320,305,234
255,241,191
319,299,205
241,214,165
336,317,232
210,197,155
356,338,272
344,328,247
341,323,214
325,305,223
444,427,310
266,250,193
410,391,315
274,259,189
347,332,236
185,175,133
392,371,249
238,229,189
425,406,295
222,208,146
410,391,306
210,199,153
430,404,300
287,272,192
425,406,303
246,238,171
273,255,182
307,292,198
469,445,347
358,338,256
291,272,195
312,294,200
344,328,244
343,324,265
258,239,178
400,377,285
367,355,253
365,342,273
340,316,225
345,325,215
163,157,128
346,324,223
374,354,275
235,219,168
415,397,278
327,312,208
373,357,258
290,278,198
257,240,173
241,222,165
313,299,208
197,184,128
335,316,229
397,381,264
429,403,308
473,456,336
251,235,192
279,263,189
424,399,296
242,231,166
242,230,175
182,169,131
280,267,189
456,429,318
423,402,285
341,322,219
333,315,222
218,200,138
401,376,280
400,382,272
413,397,302
281,262,190
375,353,266
484,459,351
174,160,118
480,452,325
504,483,354
200,185,139
299,281,225
298,275,211
248,229,172
337,320,234
260,242,177
274,263,182
287,266,191
338,313,228
315,299,193
294,282,166
351,326,237
310,293,226
452,426,319
188,180,122
387,367,254
388,357,260
296,282,213
389,372,278
349,323,223
330,301,210
325,310,249
248,238,186
205,188,143
265,246,175
343,321,231
339,313,213
320,307,221
257,239,162
443,425,285
381,355,263
218,205,134
399,376,272
450,426,298
300,290,209
390,372,252
239,223,176
230,216,157
328,298,234
381,357,262
284,267,202
281,262,190
335,313,219
378,355,261
247,232,164
259,241,188
409,394,288
385,365,238
347,320,238
375,351,279
493,468,349
246,235,185
351,330,247
312,295,233
181,171,124
475,450,346
337,310,226
434,413,309
340,323,224
356,335,269
460,438,317
342,331,230
277,255,198
326,309,212
373,356,248
186,173,144
291,272,205
216,209,154
310,298,203
305,285,228
324,304,238
375,351,269
439,412,299
358,342,253
364,343,242
333,317,248
286,273,219
388,364,250
392,374,266
399,380,285
430,404,304
287,273,205
304,282,196
327,306,220
406,382,282
348,330,261
401,375,295
465,434,332
359,341,256
318,302,222
444,433,328
303,293,218
394,379,296
234,217,170
373,349,264
327,310,227
351,334,250
351,333,225
372,350,236
228,210,129
457,437,313
343,316,250
251,231,189
293,274,194
332,309,237
229,217,163
235,220,178
243,225,171
204,195,134
289,265,194
126,118,95
281,258,178
388,372,282
311,301,200
409,390,281
379,356,259
324,303,200
208,191,151
294,279,213
450,420,332
393,377,258
257,238,183
251,238,177
416,392,274
401,381,264
276,258,199
398,381,298
467,443,337
359,329,248
344,331,232
332,309,214
391,378,261
521,494,369
324,305,221
168,158,125
351,330,241
373,347,265
463,436,311
249,238,152
449,425,318
333,321,245
414,396,298
440,425,318
260,246,170
380,358,277
337,320,234
406,384,276
256,241,186
455,429,308
387,356,270
153,138,117
407,377,262
248,234,175
201,188,134
307,287,231
217,206,161
326,311,226
273,260,186
269,251,169
261,243,173
345,323,241
304,293,219
362,346,283
244,221,175
329,311,228
286,263,202
314,297,234
266,250,184
259,242,176
350,330,242
241,225,165
257,243,170
247,229,161
467,448,340
208,198,154
357,335,239
517,491,370
352,328,267
286,266,208
384,363,280
347,324,230
266,252,172
391,368,279
311,292,213
296,277,198
393,372,265
331,313,200
422,406,286
292,271,208
282,272,190
268,252,181
355,340,245
340,318,241
348,331,242
456,437,318
307,288,230
280,260,187
404,387,290
414,384,278
431,402,317
278,264,169
428,414,318
155,148,106
290,278,208
282,257,193
250,233,168
255,243,187
202,192,143
276,263,200
307,285,201
311,295,212
321,306,241
407,389,314
306,288,194
491,452,335
428,406,311
399,383,259
382,360,277
282,270,205
239,226,162
217,208,164
355,332,254
345,331,224
542,514,389
448,416,315
296,279,195
331,310,240
269,249,191
240,224,176
366,345,267
332,323,231
441,418,331
441,421,307
295,271,199
475,450,326
303,287,204
270,250,165
323,306,232
265,247,179
277,256,216
356,329,231
338,325,249
409,387,284
425,396,311
428,398,294
374,361,253
260,242,189
445,425,325
404,379,291
412,390,278
405,380,309
253,236,175
312,293,221
217,201,161
279,259,189
432,410,275
296,272,206
303,284,210
235,221,170
384,367,266
415,396,296
130,121,102
421,394,297
213,198,149
313,300,233
276,256,175
324,291,204
389,365,261
180,169,126
374,359,282
240,228,173
317,295,214
250,232,177
124,112,73
424,404,301
228,211,169
507,484,369
368,357,257
340,321,231
254,232,173
308,288,209
224,202,155
268,255,186
387,369,272
339,320,226
429,410,278
311,298,213
205,187,143
304,286,201
372,345,276
231,218,151
319,303,229
375,350,250
297,286,206
295,284,205
248,234,165
487,457,338
358,338,255
294,275,187
200,190,141
420,401,300
348,331,238
297,276,205
307,288,221
268,250,195
319,303,215
362,345,267
383,362,262
334,323,222
263,254,187
202,186,130
422,403,300
296,280,186
327,312,229
377,356,264
324,308,229
302,282,210
347,330,260
451,432,326
285,268,195
366,345,246
414,401,301
330,310,238
331,307,242
314,294,207
319,303,226
372,356,278
272,257,177
491,465,361
279,256,192
245,230,190
295,283,206
399,379,284
400,387,276
291,273,188
254,238,170
265,251,199
386,372,277
279,265,174
298,278,207
283,272,211
265,249,157
188,176,117
339,326,258
417,403,303
406,382,312
498,470,360
284,262,197
342,327,213
410,386,294
247,231,168
467,426,294
239,219,166
286,266,193
471,455,341
316,303,210
216,203,150
384,358,270
237,230,178
388,363,260
308,290,212
262,249,188
377,360,281
341,327,264
281,261,199
262,251,180
194,180,130
269,251,181
235,223,175
486,454,348
444,427,315
438,413,329
198,182,145
284,269,199
414,393,296
403,376,273
364,346,225
317,297,220
188,175,126
351,331,240
335,317,236
419,403,283
249,239,193
411,389,281
270,258,194
332,316,225
394,377,261
477,459,318
202,188,148
369,350,255
363,347,257
268,248,171
417,396,280
482,456,356
253,241,183
350,333,255
327,315,215
530,499,362
238,224,157
435,414,281
229,215,160
462,439,324
254,245,180
180,170,118
353,340,225
363,347,248
336,323,224
433,422,315
139,124,96
485,469,351
497,476,339
435,408,292
312,291,199
407,382,277
265,251,184
420,403,316
417,399,295
301,289,206
258,237,184
321,307,234
412,389,304
347,326,251
201,184,131
292,279,183
292,277,206
354,336,255
327,311,235
306,293,206
344,331,247
307,288,213
416,390,283
494,468,344
538,517,382
217,201,155
269,252,200
345,325,244
207,188,144
337,319,247
318,301,219
174,163,129
406,396,276
396,370,301
309,293,221
329,310,213
250,238,165
420,404,319
199,177,123
402,385,274
375,356,239
386,365,261
213,201,158
322,305,211
460,437,321
312,295,229
196,181,136
345,326,232
374,349,248
346,334,234
283,270,201
286,269,187
181,167,115
303,287,225
280,260,205
282,261,196
277,260,206
227,215,155
296,282,219
283,270,188
285,272,207
377,352,268
412,385,277
338,311,245
341,323,233
350,332,248
404,383,277
395,375,279
262,238,171
271,255,199
329,314,223
224,211,151
461,440,321
379,357,265
344,326,245
283,261,187
375,349,266
391,370,276
233,211,147
274,252,200
414,397,269
192,184,137
292,273,191
316,302,238
209,198,153
377,355,254
348,325,237
399,378,267
293,275,209
409,386,294
264,246,175
351,331,252
298,276,212
388,364,254
220,205,139
367,350,248
190,175,141
273,256,172
384,364,266
282,270,201
261,248,175
268,247,193
337,319,228
341,325,243
364,341,252
335,323,234
316,300,207
249,236,190
380,357,264
349,324,257
353,338,263
368,356,261
171,167,129
314,292,207
454,435,334
335,317,231
337,316,239
394,378,298
408,398,298
294,275,203
260,243,184
359,334,241
338,319,237
249,235,185
346,318,225
327,303,207
261,247,184
291,264,204
305,287,192
315,295,221
404,386,267
344,327,236
420,399,288
280,264,195
293,275,205
214,195,143
327,315,209
421,391,274
263,246,186
309,287,209
204,193,136
216,201,147
287,268,199
368,351,248
236,221,175
270,250,178
319,293,212
346,328,243
301,287,224
334,311,249
288,263,197
291,271,224
292,269,195
423,397,284
277,262,202
251,234,168
249,232,162
215,207,154
385,368,263
233,221,156
408,383,253
373,350,266
392,365,280
328,308,230
276,251,191
365,349,239
310,291,215
434,412,301
371,352,264
276,251,194
365,345,252
241,218,160
440,421,299
275,267,199
391,373,295
215,197,150
189,181,126
270,251,186
275,268,198
330,316,234
350,326,255
364,339,253
486,464,343
390,366,272
467,445,341
367,352,266
214,205,146
450,430,306
384,367,255
392,366,263
497,476,372
242,219,165
327,311,228
437,417,326
310,284,215
294,274,204
233,217,169
319,297,232
383,363,274
344,317,228
251,234,162
229,214,146
468,445,321
304,283,207
265,249,178
231,213,173
328,311,221
170,156,108
377,364,282
242,233,178
282,273,191
309,300,221
371,348,237
291,273,200
406,383,287
528,504,382
344,324,242
287,278,196
286,269,222
507,480,342
322,301,190
282,274,180
201,185,135
382,360,285
291,270,210
319,301,228
251,238,170
218,210,160
345,322,251
270,250,161
345,328,240
412,389,289
222,212,148
363,333,248
329,313,227
331,310,233
332,322,240
240,231,163
318,303,237
208,188,141
389,367,272
408,394,301
395,380,268
264,254,173
237,221,162
270,252,197
267,250,199
306,292,237
402,379,278
308,292,222
470,442,333
337,321,241
317,300,217
238,222,159
307,290,187
319,303,225
454,435,298
334,318,245
405,385,292
326,308,219
297,274,208
259,244,193
336,320,246
303,278,207
354,333,246
418,401,281
338,320,224
495,466,341
361,343,250
328,307,232
335,316,218
386,363,288
285,276,189
445,427,308
367,344,242
524,498,392
265,253,173
333,310,213
264,249,195
228,213,155
246,228,173
345,330,261
414,394,266
178,165,136
291,275,198
210,192,151
409,385,284
322,308,232
272,255,196
380,365,253
341,322,225
349,326,245
257,243,185
222,210,152
310,293,240
293,285,185
452,428,313
421,403,313
255,242,185
350,333,230
444,425,318
318,303,222
300,281,221
360,337,267
349,334,248
307,292,214
328,313,203
341,324,240
365,344,241
365,340,268
307,294,231
451,423,300
300,290,233
408,381,271
382,363,273
232,221,169
429,407,286
373,357,267
473,453,331
299,281,193
393,370,267
228,211,158
294,276,209
488,465,354
451,430,309
248,228,175
326,307,225
221,203,154
416,393,319
384,363,245
259,244,192
398,369,270
277,258,184
300,281,220
336,326,228
231,214,162
278,260,175
212,196,160
393,369,265
321,303,220
363,348,252
310,294,209
415,393,294
435,417,320
261,245,177
414,399,304
318,303,225
402,379,266
284,269,179
494,469,365
282,266,184
418,401,290
314,290,222
392,369,265
288,275,200
365,348,257
298,274,207
368,348,242
324,305,231
365,345,259
334,318,223
357,336,261
364,342,238
382,354,255
397,379,259
422,398,290
272,252,188
360,341,244
173,166,126
407,391,288
416,395,291
361,337,255
459,440,327
430,402,295
294,271,202
291,271,208
333,317,241
297,280,184
398,374,271
452,429,290
181,168,126
260,240,183
284,273,196
436,419,287
238,222,179
556,536,408
328,309,226
252,240,196
466,446,337
283,269,194
209,191,148
360,343,250
447,422,302
254,237,198
346,328,230
366,350,248
223,212,160
165,155,121
342,327,225
298,283,201
293,281,193
283,266,212
502,470,349
290,265,194
369,350,265
409,385,273
294,278,199
183,166,130
284,270,221
219,209,152
225,204,139
181,164,133
441,416,317
353,334,246
349,331,242
242,228,158
403,381,268
461,441,322
311,285,216
274,254,189
430,408,294
291,278,202
434,415,300
307,278,217
492,463,331
406,386,262
396,372,297
292,274,222
391,368,276
285,266,187
317,304,236
243,232,165
238,223,171
422,405,305
298,274,191
261,243,170
405,388,265
399,381,263
436,413,280
465,442,318
375,353,253
148,136,106
273,261,187
411,388,304
387,368,265
308,292,214
198,180,125
213,196,157
225,209,152
236,224,194
390,362,283
280,262,211
228,211,154
264,249,178
195,175,127
284,269,196
347,325,224
430,402,292
372,359,280
210,194,143
301,279,216
293,274,203
345,321,252
488,464,350
352,342,237
430,409,331
397,379,301
280,260,210
421,407,285
242,229,197
255,236,183
302,287,230
386,366,263
340,325,228
440,415,297
268,258,189
417,394,300
290,272,220
217,203,154
346,322,229
387,365,270
274,255,192
506,482,350
216,203,165
297,281,208
306,292,197
491,462,324
281,259,193
320,300,228
437,407,313
349,331,252
412,385,291
357,335,253
351,331,238
270,253,181
209,196,150
386,370,264
383,364,281
224,213,147
285,272,212
352,333,256
435,421,299
229,215,148
385,366,266
232,216,144
373,358,270
418,400,308
410,376,296
249,240,163
247,231,175
288,267,172
327,302,231
355,339,234
256,249,183
190,178,133
275,253,168
419,389,280
253,232,165
350,329,272
440,418,282
244,229,159
325,306,207
362,344,249
260,242,183
273,257,193
417,390,291
235,216,182
305,284,216
280,264,202
175,162,113
291,276,199
398,369,283
398,384,275
222,202,143
266,239,188
214,203,159
332,312,234
265,251,201
272,255,205
277,255,175
378,357,258
307,288,202
378,363,260
336,316,223
322,297,232
328,305,251
490,460,357
321,299,215
337,318,224
345,327,249
243,223,178
305,290,206
248,237,166
340,315,232
361,349,254
364,350,259
260,239,177
385,364,285
348,330,233
310,293,233
355,336,251
379,354,302
204,194,146
250,235,173
355,342,240
404,379,281
300,287,196
283,264,216
369,352,245
169,158,126
354,338,234
399,383,275
258,236,174
337,326,239
481,461,327
361,339,270
382,361,274
447,421,339
333,316,244
413,379,284
416,400,316
402,379,283
286,274,204
407,392,276
427,409,294
271,251,174
330,309,238
303,294,220
306,287,222
301,290,221
239,226,152
350,332,251
210,201,150
461,438,318
242,226,178
362,345,266
398,374,287
498,477,374
275,260,178
276,262,205
380,356,259
429,409,288
192,179,127
418,402,310
375,356,276
414,394,291
241,225,146
396,379,278
362,339,244
397,369,257
313,295,203
231,220,154
326,314,217
325,305,240
239,223,154
466,443,297
334,315,234
337,314,226
336,321,217
209,199,141
349,327,230
375,354,281
286,271,203
348,331,237
368,348,273
373,353,264
353,339,244
458,427,310
468,452,297
411,389,302
355,344,262
519,496,384
407,379,282
367,353,275
349,323,234
297,278,194
428,412,307
394,380,299
273,255,171
296,273,200
306,290,220
354,332,255
283,266,206
237,224,169
310,291,211
331,314,238
278,260,179
274,261,184
327,310,237
427,405,284
344,313,251
236,219,160
191,179,135
287,272,190
197,184,143
295,270,194
321,301,226
438,428,320
388,359,288
226,213,164
312,293,205
473,450,346
316,300,219
454,436,326
150,144,103
305,290,204
403,378,267
269,258,195
254,238,191
437,416,308
276,253,162
313,303,222
366,344,249
389,373,269
284,266,191
276,251,163
456,434,311
266,253,170
262,245,174
381,364,269
235,224,169
311,299,203
377,363,268
305,285,191
222,208,166
204,194,128
303,287,219
345,327,235
351,332,238
363,337,270
273,261,212
443,413,316
223,210,158
357,336,245
261,238,176
243,230,174
498,478,366
301,288,195
340,318,230
367,352,246
352,333,235
316,308,215
449,429,335
322,296,218
232,217,165
217,204,142
250,232,180
472,452,342
351,320,232
296,281,215
355,330,250
366,350,241
201,190,136
343,329,258
181,163,136
391,380,303
289,269,181
421,396,283
378,349,268
380,357,258
282,264,197
275,257,196
257,245,178
372,357,272
210,196,136
328,309,243
453,425,326
402,371,284
353,340,229
367,352,256
385,365,270
377,353,260
400,379,294
429,401,314
300,280,204
430,407,333
284,271,197
353,335,244
272,254,202
388,367,270
358,330,233
275,250,189
334,323,222
418,396,305
262,249,176
274,257,159
296,278,194
331,320,211
346,331,244
313,289,238
440,419,299
373,355,254
349,335,237
373,348,253
314,294,230
283,261,199
318,293,222
387,365,292
274,252,197
296,279,202
200,184,141
298,285,214
303,289,219
430,400,277
214,197,143
358,335,243
392,361,278
411,389,278
543,512,373
395,374,278
280,267,180
320,301,223
411,394,291
359,341,247
329,311,204
201,186,145
460,445,324
424,393,292
323,304,230
367,343,232
389,369,277
243,231,172
172,165,118
252,239,170
331,312,238
247,229,183
227,211,143
213,200,142
337,321,225
262,237,163
384,366,287
273,258,197
304,285,214
266,248,175
329,306,241
256,240,178
367,344,247
297,275,205
240,226,166
273,261,191
308,292,217
477,452,351
259,251,193
269,254,210
298,282,186
355,328,261
398,378,270
360,336,252
259,242,179
290,270,187
294,278,215
493,463,327
383,360,270
462,433,324
300,273,209
222,212,148
328,314,227
337,317,247
396,371,300
417,389,288
376,352,266
324,300,236
307,288,211
505,485,373
351,325,244
329,310,230
288,260,203
265,248,164
296,277,205
349,330,235
313,298,214
314,303,233
475,460,360
338,325,229
287,268,185
282,267,184
309,285,212
211,196,154
416,389,275
368,351,266
386,372,260
209,198,137
508,474,355
393,369,275
261,253,172
288,269,219
287,269,200
320,306,249
232,223,167
245,232,170
265,254,163
273,253,189
361,341,257
312,291,222
345,323,240
348,328,249
196,183,151
360,343,260
351,328,240
292,273,210
333,308,228
454,438,303
416,397,283
214,203,147
169,152,131
418,400,286
335,309,238
180,167,130
256,243,169
244,228,170
321,299,222
230,217,162
314,291,196
297,283,192
439,413,285
178,168,131
366,343,251
382,366,256
307,289,226
344,323,203
387,367,280
342,320,212
269,254,191
272,261,177
313,293,224
363,335,267
416,389,278
301,278,231
313,297,212
341,319,234
355,330,226
288,268,193
262,254,202
327,311,213
368,348,254
316,300,212
269,252,176
361,341,250
252,237,175
286,265,222
453,429,327
242,223,167
351,332,247
308,298,241
299,274,205
241,227,171
445,425,302
446,424,313
337,321,242
290,271,188
245,231,156
364,344,243
417,404,323
238,217,145
390,369,267
511,482,355
397,381,271
384,355,245
420,390,278
168,162,119
401,378,287
311,291,218
373,354,261
199,186,135
368,347,248
416,391,271
406,383,281
256,241,162
421,410,323
465,440,307
245,235,180
382,354,287
245,229,155
255,233,176
388,373,282
326,309,218
161,147,123
307,290,214
382,354,285
504,478,345
188,177,122
253,238,194
233,224,151
398,380,273
352,334,232
313,287,227
410,388,284
433,402,294
426,397,303
388,360,267
262,246,167
216,201,158
372,346,250
368,348,247
361,338,276
222,209,152
326,310,224
407,384,320
193,179,138
236,215,159
164,149,117
435,415,304
355,329,225
251,236,162
335,315,240
425,404,333
234,220,132
328,312,227
253,241,189
245,230,171
291,276,203
294,271,192
255,241,186
253,245,174
299,284,210
407,390,277
306,299,203
363,345,259
271,253,196
269,255,202
290,277,197
393,376,286
322,305,228
282,260,202
273,250,186
327,320,250
429,398,309
214,194,142
243,227,170
408,398,296
293,274,205
375,352,258
248,234,164
216,203,154
255,244,162
322,305,250
337,324,260
325,312,234
295,277,217
253,232,159
323,304,222
310,296,215
252,234,171
222,201,150
309,293,236
446,428,295
477,452,332
267,251,192
439,419,306
301,282,219
386,367,255
394,375,273
425,404,296
388,360,269
332,312,210
511,481,350
252,244,192
340,320,241
267,252,195
370,352,262
427,398,287
388,371,267
280,269,215
513,491,370
364,339,250
307,291,219
283,264,203
285,266,174
371,345,243
343,328,248
366,347,277
389,364,264
343,317,229
426,403,293
234,214,152
344,324,225
319,304,225
321,301,231
229,215,166
342,326,246
340,318,232
292,278,216
277,248,176
273,252,188
283,266,196
267,252,194
307,290,210
222,206,151
329,309,222
465,439,321
447,422,326
310,282,198
311,290,208
189,176,135
317,303,200
407,384,291
397,383,251
291,271,212
293,278,212
248,228,179
250,232,180
276,257,188
353,335,241
418,392,299
283,265,191
390,365,265
320,296,213
292,275,188
225,210,157
199,190,147
228,214,145
286,265,206
260,245,174
263,244,196
222,206,139
349,335,215
283,260,204
312,294,213
254,241,189
322,307,208
413,374,283
212,197,133
263,243,169
266,248,203
447,418,298
462,438,293
291,280,182
182,172,130
348,334,243
428,412,314
374,348,264
399,371,302
335,310,249
408,393,275
378,350,263
267,255,209
277,268,210
325,310,225
355,339,232
335,309,222
216,198,147
355,336,237
239,226,163
454,431,305
442,421,310
431,406,305
188,174,146
232,212,167
306,288,226
249,231,167
150,139,105
292,275,209
354,332,244
193,178,124
259,246,191
409,390,280
354,335,268
357,338,252
280,262,191
316,293,204
343,317,228
171,161,119
335,320,234
204,190,139
390,370,269
405,389,287
369,351,268
370,345,258
318,303,220
352,335,248
122,114,86
329,310,233
476,452,335
403,383,304
410,380,294
220,208,169
386,366,246
389,365,262
200,182,130
254,242,172
296,282,219
267,247,191
335,319,213
300,282,195
364,350,248
276,265,196
357,341,263
178,162,121
260,242,173
335,316,232
305,282,235
327,312,238
357,340,248
384,364,282
402,376,274
346,325,228
383,367,254
392,370,258
286,266,190
369,349,263
398,372,279
218,200,146
318,302,226
322,307,233
240,224,174
282,262,182
555,532,403
399,385,268
178,171,137
316,299,216
233,212,155
287,264,194
466,444,324
267,250,192
287,269,203
409,390,282
305,293,201
262,250,170
362,344,238
328,315,233
357,341,258
425,404,322
255,240,189
334,318,248
310,289,217
327,314,235
405,385,280
192,179,137
387,366,278
339,319,224
306,295,215
530,511,352
177,164,115
280,258,212
455,426,312
449,432,313
343,325,234
317,305,230
233,222,150
282,266,188
372,357,282
316,297,218
329,320,224
319,297,228
398,378,253
363,341,248
200,190,130
479,459,350
317,297,201
284,268,216
295,275,222
190,181,139
353,338,254
410,386,293
226,208,150
391,362,253
214,199,145
266,243,172
364,353,249
269,252,187
388,365,264
234,217,175
292,281,219
324,313,221
363,346,247
350,332,220
261,244,186
173,164,122
258,249,190
388,370,277
416,395,276
375,355,255
322,301,205
387,367,285
395,369,266
338,322,249
360,339,255
254,236,171
310,289,231
254,238,192
396,367,266
194,187,135
419,405,318
215,203,166
141,126,90
148,136,111
213,197,155
315,302,217
300,287,206
335,315,237
256,237,172
314,287,230
411,383,267
258,247,198
292,270,201
355,337,227
455,431,315
406,378,285
212,196,172
417,395,312
296,285,201
299,275,206
329,309,212
381,361,269
281,267,189
217,199,142
399,375,275
357,333,214
235,223,158
226,217,171
302,279,209
377,362,266
217,203,154
318,296,224
239,225,175
277,260,173
287,275,197
345,327,242
379,354,255
238,222,161
442,408,302
377,357,272
408,382,265
300,278,211
357,327,236
469,446,334
350,336,259
247,235,177
232,215,166
478,456,336
491,474,338
501,474,364
468,450,316
267,244,193
314,300,211
251,234,191
232,211,162
342,322,236
320,293,223
374,359,277
263,246,176
255,242,180
364,350,252
488,456,336
310,294,217
402,381,276
445,421,317
186,174,142
319,296,214
439,426,281
367,341,250
480,460,339
324,302,229
586,554,414
244,221,164
314,295,208
293,285,204
275,262,175
399,377,284
218,212,175
167,151,105
289,269,202
287,272,206
222,201,155
255,236,163
419,402,298
481,458,357
507,488,360
412,393,269
374,348,286
317,306,209
199,187,129
362,338,257
174,159,115
412,394,305
230,216,147
407,389,290
160,157,111
338,311,216
348,334,247
322,299,203
253,238,170
379,358,254
376,353,240
306,281,216
363,334,260
261,246,173
262,249,181
331,314,206
172,156,125
437,411,315
336,318,232
372,353,252
339,328,229
295,275,213
389,373,307
250,233,168
499,474,332
247,228,168
311,294,202
430,402,328
222,201,164
341,323,224
310,292,223
244,224,164
521,495,357
472,442,333
311,295,205
382,364,263
336,316,232
284,262,208
412,390,284
252,238,178
329,308,228
283,265,195
193,184,128
233,215,160
267,245,189
309,293,206
219,210,155
518,494,378
317,299,234
361,336,247
283,265,208
245,225,179
210,200,154
364,351,241
259,233,171
354,336,243
326,306,213
276,257,185
379,357,259
263,248,177
190,176,139
218,203,157
222,202,170
359,341,245
336,323,236
317,300,225
325,309,221
222,205,146
235,223,171
460,431,312
368,344,254
355,343,264
372,359,239
364,338,272
402,379,278
317,300,228
369,350,258
481,447,309
339,320,236
388,367,256
418,400,293
390,359,280
390,369,292
402,385,262
362,345,258
351,330,235
324,308,206
350,324,245
274,259,183
300,285,217
279,260,196
285,273,198
340,329,233
367,351,272
352,329,248
336,317,238
343,316,227
345,333,256
328,310,216
342,326,228
302,280,194
176,164,118
335,312,227
342,325,249
295,273,223
349,319,242
408,385,305
242,225,158
253,235,166
320,306,221
237,225,157
286,270,205
225,210,167
333,307,221
273,255,169
453,421,299
431,411,293
412,395,291
445,414,305
294,284,198
359,341,274
295,277,185
439,420,310
266,253,172
249,229,157
410,393,276
608,579,414
461,441,342
268,256,196
321,301,235
305,286,233
349,326,246
280,264,187
344,319,214
362,335,238
429,410,310
220,212,155
270,246,172
309,287,213
238,220,156
314,299,213
473,457,341
353,329,250
284,269,209
471,450,342
256,228,176
339,326,210
326,311,232
185,171,122
366,342,264
270,251,205
325,303,207
370,354,273
257,238,193
249,234,169
321,307,237
288,269,193
272,255,183
228,215,167
251,233,176
398,373,259
329,305,229
270,253,204
317,299,211
417,395,291
325,305,219
298,280,222
347,321,246
346,332,237
184,175,130
295,279,198
308,291,187
274,251,196
406,390,286
287,265,217
227,211,165
241,225,159
375,355,275
507,483,368
206,191,161
329,312,219
320,308,233
303,289,210
201,190,120
409,384,298
380,357,275
407,386,289
187,171,127
287,266,203
204,192,136
435,409,303
196,183,149
276,257,185
164,146,126
335,316,240
311,291,216
424,404,290
293,270,201
271,257,215
359,341,245
396,379,264
227,215,159
285,264,187
340,319,252
439,417,290
347,324,225
316,301,194
364,350,247
403,376,286
341,320,229
255,240,186
311,292,200
339,318,234
325,310,217
519,497,366
334,313,229
300,284,205
372,360,287
218,202,159
219,205,163
327,306,221
332,307,217
328,298,217
273,257,194
406,383,264
335,320,231
295,278,196
290,279,210
394,374,285
259,243,187
237,223,139
511,486,349
478,462,352
291,272,213
371,347,249
480,455,342
322,306,227
397,378,273
278,263,205
345,333,240
320,296,220
329,305,216
171,161,129
458,436,310
324,310,220
369,345,267
279,264,184
433,414,295
278,264,196
258,242,191
304,292,196
463,433,344
423,400,306
363,341,256
277,264,171
339,318,243
363,350,275
587,558,412
200,186,132
422,393,281
346,334,265
240,231,169
303,293,208
296,281,200
388,374,270
301,290,235
185,175,119
276,258,200
276,263,197
206,191,134
384,363,259
496,476,359
487,466,369
433,407,310
477,445,338
313,296,205
348,327,238
249,234,170
405,387,269
371,360,260
463,432,320
488,467,332
319,301,220
262,243,179
302,280,213
196,184,148
239,221,192
334,316,231
216,207,154
359,342,276
391,371,273
426,400,306
353,329,257
344,321,233
205,192,147
227,207,144
395,377,286
332,317,223
356,341,237
266,253,168
301,279,193
223,215,153
266,248,180
574,542,385
272,261,198
308,291,207
312,292,244
479,454,335
201,185,137
409,391,288
206,191,159
337,323,242
478,450,313
343,330,242
361,345,254
299,273,207
372,350,256
245,223,164
465,441,316
209,198,153
306,286,209
184,167,119
382,354,259
340,331,232
232,219,172
286,272,196
249,237,191
324,308,219
412,398,310
304,289,204
305,292,200
368,349,260
379,361,252
354,333,248
275,261,187
333,313,233
247,233,171
309,298,194
305,285,215
295,283,182
187,173,123
321,304,218
426,404,305
265,250,180
295,286,206
382,353,259
375,358,256
293,276,205
255,242,167
397,377,272
263,243,183
345,325,227
404,379,305
226,206,169
396,375,296
160,149,112
302,281,199
390,363,270
367,346,265
469,444,349
367,346,249
369,351,241
338,310,218
382,353,255
193,178,141
381,361,260
377,351,283
347,332,235
313,299,220
245,234,159
249,230,163
306,290,232
322,302,243
405,381,296
341,319,227
356,335,222
300,286,217
261,244,195
218,204,144
477,453,322
147,138,115
236,221,150
315,298,220
554,517,380
184,171,136
350,326,224
341,322,236
403,379,269
286,268,191
288,266,203
205,194,144
153,145,116
224,208,145
362,333,248
358,332,239
339,317,208
263,247,195
449,428,302
315,304,226
462,440,353
422,402,316
443,420,317
244,223,162
322,304,218
348,326,233
341,323,246
201,191,139
547,517,405
269,248,190
440,415,333
216,196,153
335,321,260
259,243,181
152,138,106
164,150,106
259,248,187
293,279,192
379,359,267
203,191,152
286,265,189
277,262,177
370,352,244
432,415,342
327,314,223
412,393,282
273,257,177
319,293,211
337,316,228
342,322,218
152,145,121
399,374,277
325,303,232
313,297,201
354,340,248
308,293,216
234,218,169
426,403,274
219,204,169
456,433,321
371,345,236
371,354,253
344,322,240
388,367,272
395,378,293
302,285,210
392,376,254
438,410,302
386,362,281
235,221,180
296,278,218
369,347,263
465,437,321
407,384,304
317,296,219
321,306,221
483,464,367
343,312,256
298,278,203
310,289,214
273,255,174
254,235,181
320,306,205
441,419,335
365,347,238
348,335,256
347,334,270
327,309,244
183,167,121
335,316,201
413,388,269
284,263,209
230,204,161
521,495,371
426,407,316
397,375,294
236,222,155
420,393,306
352,335,246
411,392,290
293,276,195
334,312,221
331,320,227
308,293,217
305,287,229
290,254,204
391,372,271
224,208,151
255,241,195
372,348,246
322,296,225
252,236,157
401,379,264
263,244,188
295,271,198
403,383,282
253,239,179
488,463,344
254,235,170
322,298,201
452,437,311
382,369,254
457,436,310
329,308,211
231,219,159
237,223,147
443,416,298
292,274,198
192,176,125
345,326,241
214,199,157
370,344,256
345,323,242
385,368,275
295,274,195
474,454,339
359,340,261
373,348,254
228,213,149
303,282,200
236,221,155
444,427,305
352,330,245
409,381,270
400,377,280
327,310,216
316,293,216
297,272,191
332,309,215
366,345,252
364,345,258
360,344,241
287,275,194
336,315,242
403,375,271
287,265,187
341,327,216
335,316,250
264,249,191
250,238,180
255,241,189
272,260,193
293,271,202
338,320,224
282,270,186
267,253,174
298,277,198
329,302,251
309,295,227
344,325,240
283,263,203
439,416,323
389,369,272
299,273,211
366,346,265
283,265,175
304,288,210
328,311,221
244,233,168
336,313,219
379,361,250
318,296,212
357,337,258
177,165,124
316,304,226
389,372,270
373,356,263
325,302,210
376,358,259
475,453,360
328,312,231
338,319,219
297,280,198
264,259,181
190,169,144
314,293,218
361,343,260
287,268,201
451,423,333
277,252,204
349,327,244
397,368,282
295,267,209
497,473,353
167,152,126
200,185,148
299,282,211
325,302,224
489,471,344
503,478,342
272,263,207
319,301,228
470,441,319
241,224,154
420,405,308
249,228,167
580,542,401
459,433,316
157,147,115
296,282,207
454,431,314
343,320,222
403,386,273
317,299,234
396,371,273
313,291,239
304,288,219
281,270,200
389,365,291
339,318,230
320,294,216
387,368,284
356,339,251
319,304,216
262,243,178
178,167,137
324,313,241
224,209,173
319,300,211
263,245,190
357,333,259
287,276,207
326,306,190
275,255,178
315,300,231
330,315,232
283,265,203
337,321,212
404,384,292
199,182,158
275,266,190
266,241,186
351,333,241
289,274,184
307,293,220
348,333,239
266,251,199
277,268,198
195,188,129
358,344,236
316,298,215
417,394,294
190,177,133
274,254,197
323,308,220
338,321,233
337,321,243
329,309,219
230,209,155
313,288,229
371,355,249
280,264,190
253,239,172
345,321,266
260,239,170
280,266,185
289,276,198
271,251,198
327,299,227
316,290,221
293,273,197
311,292,196
344,326,226
230,202,170
302,284,217
333,317,264
257,240,191
254,240,174
402,382,278
211,196,153
272,255,204
330,316,244
296,281,191
415,395,299
460,439,331
330,306,226
278,257,183
343,322,248
401,385,268
310,287,227
419,401,325
238,221,172
324,306,235
362,341,246
288,264,194
314,297,237
278,262,191
289,276,219
301,285,216
319,304,227
258,245,186
324,304,222
387,372,267
412,391,285
292,277,214
378,363,264
246,236,173
363,349,261
266,251,197
287,269,226
481,455,340
269,254,188
314,299,228
377,356,257
516,481,364
215,199,136
407,387,281
253,239,186
352,327,248
257,246,196
196,181,133
422,400,285
309,292,207
363,344,245
261,243,174
238,229,149
209,198,152
434,412,310
377,360,262
248,230,174
276,255,199
343,323,221
474,457,345
191,176,131
537,516,381
313,295,214
459,440,308
285,269,208
316,301,238
273,257,196
332,316,224
217,203,154
308,293,204
321,300,220
328,311,246
249,233,176
245,230,177
369,350,269
295,278,221
326,313,239
330,314,237
166,158,119
206,192,136
370,353,261
514,483,355
343,328,247
441,426,346
326,312,223
361,348,245
341,325,225
285,269,194
447,430,345
432,411,303
449,427,308
295,286,211
323,298,226
466,442,327
245,228,170
256,244,187
301,274,220
363,338,255
332,320,225
432,419,300
339,317,209
210,198,141
222,201,171
442,420,333
238,232,153
470,446,326
254,238,183
306,289,199
253,238,171
339,319,230
443,423,312
320,301,221
201,185,135
349,334,244
412,400,288
298,280,181
319,299,220
461,438,322
266,254,172
363,341,266
308,286,203
167,151,130
264,246,177
183,169,128
189,175,126
384,366,286
363,345,263
375,356,264
423,402,316
174,156,132
338,318,203
295,277,217
252,237,179
287,268,215
395,379,279
316,302,236
212,199,136
292,278,213
361,350,244
235,212,177
268,248,180
281,265,196
412,383,276
253,235,181
310,291,203
331,315,235
325,310,230
272,256,189
345,332,229
268,252,200
198,189,145
301,278,198
341,318,227
325,312,240
402,381,303
301,282,213
269,256,215
374,358,281
291,274,210
333,312,228
503,477,355
342,317,233
440,420,292
487,451,352
291,272,208
469,451,349
292,276,191
249,234,158
215,197,138
258,244,180
344,323,230
322,305,232
378,362,269
294,277,200
375,354,269
451,428,313
431,415,319
321,303,225
192,186,143
156,145,100
403,376,282
337,322,242
314,299,228
240,224,166
453,434,304
286,275,223
248,233,167
203,191,146
288,271,199
291,277,218
182,170,130
348,328,243
153,148,108
335,320,226
337,317,245
375,359,278
300,285,205
363,349,249
285,266,189
295,270,213
228,219,155
448,429,325
344,322,238
512,489,368
253,234,177
370,357,265
289,270,186
200,190,148
181,170,133
251,235,191
369,347,266
212,197,145
464,449,317
302,282,188
360,338,254
493,473,348
416,387,296
202,186,148
268,252,185
348,333,237
391,365,267
246,234,175
330,300,235
287,260,215
299,284,203
320,305,240
340,324,260
202,189,133
299,289,208
164,154,127
355,342,262
311,297,205
394,369,273
262,245,178
239,224,149
341,330,244
319,311,259
269,253,196
389,366,291
237,222,176
294,282,206
221,214,154
380,358,265
195,182,137
243,225,173
333,317,237
304,282,219
240,225,156
329,309,230
371,352,262
311,289,208
386,363,261
411,386,280
297,281,189
197,186,139
302,282,209
329,312,254
207,191,143
479,459,357
221,204,146
319,303,223
304,280,199
280,271,189
332,311,243
321,306,218
366,343,246
228,211,153
298,280,209
361,346,272
223,210,149
283,267,184
370,357,244
351,331,256
239,227,149
276,259,191
272,258,198
198,188,140
350,334,265
307,280,192
428,400,287
237,224,175
349,330,250
186,178,131
320,308,228
392,370,282
385,371,270
370,340,253
294,279,190
438,422,329
265,251,197
313,289,205
208,199,138
349,335,255
255,238,179
414,396,307
433,411,299
297,281,206
294,276,212
292,284,206
331,311,234
361,337,238
443,425,324
341,321,265
252,231,174
347,332,270
296,282,202
231,202,148
283,267,188
339,320,236
367,349,251
194,185,126
343,330,206
404,391,296
376,348,262
209,192,151
329,307,224
321,304,219
228,221,158
436,410,300
340,311,235
178,161,120
481,457,334
355,340,279
322,299,249
280,264,187
402,380,284
310,293,198
372,351,277
408,388,254
375,353,256
455,434,332
370,357,278
438,412,283
367,353,253
232,218,177
495,466,368
288,269,188
359,344,263
452,423,314
336,318,244
417,392,282
371,347,247
242,230,155
302,282,196
267,247,195
243,226,171
373,346,264
406,383,300
341,323,244
464,441,322
147,139,97
261,247,168
312,288,231
249,235,167
502,483,353
396,381,293
267,252,208
316,296,202
241,229,162
328,301,207
344,330,248
384,363,268
253,237,159
383,365,282
291,272,206
297,281,217
244,229,157
155,148,125
246,222,180
336,320,224
414,399,292
266,250,178
369,359,257
333,314,209
240,228,166
342,327,245
330,307,232
264,246,172
406,381,283
422,402,299
251,229,178
377,357,278
274,250,199
396,366,284
266,255,182
343,329,242
194,177,140
256,241,167
338,315,231
338,324,255
302,284,193
410,388,267
286,272,220
368,348,235
267,251,195
402,385,279
252,228,174
181,171,116
368,347,277
268,252,159
383,359,266
470,452,318
460,439,318
237,228,177
254,230,175
270,247,172
364,347,287
329,314,229
309,295,209
257,241,181
405,386,285
280,263,195
413,390,269
344,323,252
230,218,159
307,289,201
359,350,261
362,341,255
360,343,245
433,403,275
328,306,224
446,425,351
309,282,207
420,394,265
275,261,200
482,455,347
174,161,117
369,348,245
247,232,159
176,164,129
435,417,300
368,350,259
170,155,125
401,376,275
410,398,284
302,279,213
295,277,188
391,372,269
364,342,260
354,336,258
269,255,198
450,422,317
318,299,208
273,251,175
361,340,263
488,466,353
308,296,207
380,355,263
278,267,203
364,346,251
252,230,158
363,340,271
239,228,173
244,231,173
256,240,174
266,250,192
336,315,231
246,234,175
355,334,266
276,263,195
276,265,186
251,235,170
343,326,254
253,243,184
330,313,231
329,309,216
320,304,231
250,235,190
378,358,244
357,340,249
354,331,229
313,288,216
363,340,261
233,214,153
356,334,239
347,320,261
334,314,250
383,368,291
453,434,333
306,292,204
304,286,220
378,346,269
184,175,151
316,299,222
223,206,154
202,194,141
273,259,176
220,206,147
310,291,201
301,284,223
196,182,147
337,311,221
413,390,276
318,293,218
386,365,265
295,282,212
288,268,188
386,359,281
429,411,311
204,194,142
265,247,182
214,195,135
499,475,359
346,325,226
257,244,183
402,376,254
304,286,192
358,328,237
332,311,220
276,257,185
484,449,334
316,302,213
271,254,168
317,288,202
253,232,179
255,237,179
334,320,232
283,263,204
377,357,258
338,321,225
240,230,176
320,302,197
430,407,282
160,144,115
257,238,187
376,354,277
374,344,234
300,281,204
325,302,222
258,236,167
296,283,218
163,156,114
506,486,358
312,299,235
406,388,282
336,313,251
317,298,236
456,430,333
326,305,226
262,253,172
490,462,351
354,333,233
469,452,324
280,268,183
422,393,294
254,245,182
254,242,186
371,348,240
423,402,309
328,308,212
353,334,248
273,260,190
344,329,229
278,268,205
466,442,324
236,212,170
256,239,197
206,188,150
323,300,225
274,263,176
307,290,206
494,473,346
447,423,304
464,441,310
155,145,114
199,189,135
289,274,210
291,270,210
299,281,196
323,300,246
327,311,222
290,274,192
351,330,227
376,356,256
341,322,226
174,155,123
471,451,352
422,402,306
226,204,182
453,435,312
297,277,215
288,267,228
379,356,258
279,263,186
324,303,229
349,329,252
282,271,186
250,233,172
217,206,153
378,357,256
390,365,268
307,290,217
292,280,196
343,324,252
305,284,198
274,255,192
216,203,140
324,305,221
409,383,289
456,430,326
463,436,317
278,258,187
424,407,283
177,166,116
248,225,139
242,230,172
96,87,66
375,354,261
332,315,222
229,204,158
256,239,179
254,242,177
391,363,253
368,354,260
249,236,191
267,252,178
350,339,238
332,317,257
325,304,215
250,237,164
308,290,210
378,360,265
265,247,178
332,313,221
357,340,270
219,204,155
287,268,186
391,379,262
377,358,266
200,188,149
397,379,271
150,136,98
267,246,163
463,440,284
239,225,173
359,345,217
459,438,313
503,485,369
376,358,277
251,234,164
401,380,274
277,256,202
322,299,225
359,338,266
268,256,190
448,421,295
305,287,186
431,400,305
330,312,232
326,306,222
375,353,268
325,312,209
351,328,224
271,259,185
204,196,153
395,374,265
381,356,265
392,374,265
427,406,302
288,277,208
312,289,207
328,312,219
297,280,183
234,211,150
371,352,257
296,282,205
325,310,236
342,323,204
233,218,167
183,173,133
280,265,195
544,509,390
264,248,193
271,246,166
315,293,206
373,357,261
368,350,257
339,317,231
261,240,168
310,295,205
331,319,237
459,440,344
326,310,217
385,372,295
447,427,304
266,250,195
279,258,196
375,363,286
350,332,229
279,264,194
332,317,237
431,408,293
266,253,179
316,293,200
440,420,307
189,171,131
389,370,293
237,216,169
258,239,181
403,386,272
369,352,276
373,352,265
398,372,264
393,379,277
478,442,323
295,276,208
425,409,318
344,321,231
253,229,175
388,363,263
257,237,177
268,249,187
283,259,176
323,303,224
325,307,235
463,443,351
451,417,306
319,304,212
436,414,330
407,388,289
402,378,267
297,284,210
178,157,121
236,224,187
333,309,235
570,533,374
382,367,245
377,350,271
270,255,199
352,339,250
329,316,222
321,305,236
248,233,169
270,252,193
359,341,241
322,307,245
326,308,226
223,204,152
435,414,284
371,354,248
511,486,377
363,342,255
254,239,186
511,487,363
240,226,173
397,381,293
317,300,218
298,288,206
255,238,174
292,269,222
383,355,256
333,309,204
284,269,185
431,399,316
362,348,236
326,307,196
323,306,206
258,243,176
405,386,279
407,388,285
201,184,141
238,221,154
460,444,328
348,320,238
405,380,281
301,279,200
488,450,327
420,404,281
295,285,202
364,341,239
254,243,160
285,272,191
440,424,314
353,329,266
164,154,123
369,354,238
208,200,152
211,201,161
176,154,129
417,393,304
453,431,322
321,303,207
287,276,214
298,284,185
340,321,236
280,259,196
395,372,257
362,338,255
507,475,349
238,227,165
460,426,310
356,333,232
270,262,194
306,290,213
217,207,150
314,294,231
291,271,204
242,225,152
343,320,243
275,254,193
457,433,338
300,284,225
371,356,245
295,281,201
309,290,219
263,250,192
386,371,306
190,173,139
292,275,202
296,280,212
325,306,230
394,375,292
269,256,185
294,283,207
371,349,253
325,312,232
397,379,270
312,297,207
390,375,275
193,185,139
418,403,284
290,266,195
481,457,329
303,286,208
265,253,170
405,388,284
262,246,176
351,338,249
273,260,168
244,223,179
375,355,252
171,155,126
246,224,173
472,446,326
330,307,231
268,249,196
369,351,251
258,244,183
331,313,253
287,265,206
315,297,207
337,322,238
218,202,152
161,149,115
450,425,323
273,258,185
275,253,185
225,203,159
286,272,179
288,274,173
330,312,194
404,388,279
422,391,296
475,447,353
250,237,174
333,315,210
424,400,293
375,362,257
357,341,241
243,229,181
270,254,172
366,351,245
264,248,166
361,337,256
297,273,206
257,234,170
433,411,308
318,300,226
365,340,252
413,383,290
337,325,220
445,429,341
426,400,313
419,396,280
517,501,350
317,302,210
320,305,229
391,372,255
294,274,204
253,239,174
393,373,295
440,416,321
249,233,174
284,263,190
329,311,228
299,289,207
392,375,268
435,411,313
485,463,324
230,211,154
319,309,216
372,355,240
363,345,240
352,334,240
285,267,195
475,448,349
485,462,344
362,342,267
485,459,335
232,212,163
297,280,214
427,404,270
461,441,332
287,273,184
207,193,136
309,290,207
410,389,277
278,262,200
375,347,272
345,322,240
244,217,169
545,520,382
379,359,287
237,219,158
302,289,210
291,277,217
341,327,255
398,372,258
335,316,238
475,448,361
471,438,315
328,305,223
198,177,128
358,341,240
139,123,98
223,210,158
478,450,361
208,193,131
196,181,136
356,340,247
349,333,257
432,411,319
512,491,376
266,250,190
332,303,210
291,273,201
364,345,251
284,261,215
330,316,220
308,291,219
484,456,349
202,184,147
290,269,212
288,273,198
344,329,232
386,364,284
289,267,194
258,241,182
317,300,243
318,296,219
354,334,242
431,410,320
311,291,213
461,438,321
449,421,314
270,259,191
305,284,193
114,96,73
278,259,189
320,300,228
282,270,185
245,232,169
356,332,242
381,348,263
195,188,151
232,214,173
436,416,296
169,158,120
246,234,186
308,294,217
282,265,184
379,354,257
324,304,233
281,272,194
470,438,323
202,183,140
310,297,212
210,188,154
307,288,205
347,332,229
320,306,226
341,314,237
349,325,236
334,313,237
547,524,402
360,341,258
288,273,189
323,309,239
329,307,211
336,318,220
361,338,274
239,226,161
265,246,191
234,223,166
378,362,256
405,380,284
328,311,236
322,306,217
230,214,152
272,253,183
276,260,194
255,242,178
370,352,255
356,335,268
411,395,295
269,253,185
275,266,201
262,244,175
428,397,288
292,283,212
366,343,249
346,322,267
235,217,182
235,222,171
396,371,268
352,334,246
201,191,144
338,318,237
456,432,338
298,288,222
274,260,211
303,284,223
350,325,226
454,417,325
348,329,238
219,205,158
269,259,177
494,474,370
332,317,256
317,300,189
478,451,331
257,241,192
303,290,207
359,346,236
503,477,351
146,138,109
417,397,284
206,195,142
341,329,251
335,325,237
258,235,191
255,237,157
438,412,305
226,211,139
364,349,256
285,269,190
428,401,271
475,450,338
246,232,169
384,366,278
296,281,195
393,370,262
316,304,235
432,406,298
293,281,205
315,302,202
246,238,170
326,305,241
280,265,191
348,326,238
270,249,198
362,341,256
371,356,249
266,247,163
465,436,336
363,339,237
167,160,113
360,335,262
443,416,328
326,309,233
342,321,249
215,200,166
399,379,279
395,377,266
367,351,272
315,296,234
221,208,144
260,243,191
219,209,140
348,332,235
233,214,165
268,249,201
361,335,257
337,322,222
499,481,353
293,277,205
514,495,371
334,307,222
191,180,143
279,253,192
380,358,244
209,194,126
475,449,320
216,204,158
213,197,162
315,295,213
344,320,254
398,380,284
287,273,197
285,267,215
329,307,234
290,271,197
166,152,129
402,384,263
248,236,185
255,242,166
444,412,307
306,295,221
356,334,272
206,194,143
337,311,222
307,295,194
410,379,286
334,316,243
308,285,229
310,289,232
224,205,166
282,271,203
324,298,219
383,361,282
372,359,259
315,303,218
231,224,160
358,335,263
350,326,249
284,267,207
219,207,155
296,280,210
433,413,310
462,446,330
229,215,136
380,365,283
465,449,341
268,249,190
400,380,269
320,302,222
316,299,213
180,170,126
233,217,178
290,271,172
399,371,264
287,266,196
206,196,148
294,270,206
415,386,259
211,196,129
379,359,251
308,281,206
470,445,322
484,456,350
367,344,267
261,244,174
387,363,292
337,318,245
389,366,272
314,300,216
386,368,271
450,423,328
180,163,134
400,380,281
337,323,214
349,335,246
238,219,146
294,280,195
193,172,135
231,219,146
253,238,181
336,323,217
339,327,249
306,283,202
313,298,224
253,229,153
351,335,261
223,211,165
381,361,250
214,202,147
330,314,225
467,445,370
353,327,235
461,438,317
189,178,148
320,308,201
260,236,179
335,309,236
390,374,298
354,342,248
452,421,285
289,268,196
478,462,337
330,312,211
334,314,239
360,335,252
213,196,139
264,245,183
378,355,263
523,506,375
290,280,183
335,310,228
371,348,261
393,369,273
372,350,253
325,312,244
441,423,310
310,296,218
489,467,355
256,242,171
270,261,198
271,252,195
378,350,257
241,229,171
313,294,224
499,470,353
253,244,180
255,236,175
296,277,219
288,266,195
368,349,269
284,270,208
361,332,243
293,282,219
268,256,184
427,408,283
391,369,252
277,262,229
275,260,190
411,384,302
309,291,217
230,212,146
367,337,234
492,469,344
304,288,212
344,321,233
343,324,235
469,439,324
302,285,216
259,236,173
284,276,216
335,317,240
388,368,266
482,456,337
243,222,161
508,481,329
256,233,179
247,234,172
391,361,273
385,360,271
350,331,255
231,214,156
267,253,197
301,284,173
293,281,199
164,151,109
390,362,283
444,417,294
231,218,169
121,115,88
263,243,182
449,430,302
348,331,239
295,276,233
308,287,211
308,289,214
345,323,229
290,272,181
247,242,187
286,278,208
302,279,211
221,205,160
370,348,228
321,303,236
271,251,187
221,205,163
244,225,184
288,272,212
152,141,103
362,337,245
395,379,276
351,339,242
253,240,161
303,277,199
361,347,246
458,432,323
307,282,209
392,367,281
407,382,292
