186,405,380,287,124,180,169,145
196,442,424,313,84,160,148,120
191,479,453,332,109,166,149,127
216,461,439,314,113,203,193,160
156,322,294,235,99,149,137,119
183,440,415,306,77,117,110,80
178,343,319,245,90,144,132,105
135,317,308,218,105,132,121,93
204,379,356,269,94,132,123,101
142,290,267,175,88,124,114,96
154,371,355,281,98,145,132,104
160,306,287,206,90,134,126,106
128,243,226,159,86,118,107,97
204,464,444,346,117,200,183,146
195,492,472,356,79,118,104,85
183,355,333,261,105,160,146,115
174,383,353,260,95,170,159,128
170,329,314,241,82,141,127,101
189,442,413,298,90,161,150,116
158,296,273,197,88,163,145,131
169,425,397,300,95,152,137,108
196,394,364,275,91,135,123,97
200,444,421,299,70,95,86,74
179,361,343,222,90,167,153,121
192,445,420,310,97,157,144,125
156,409,388,271,91,120,114,91
200,497,479,345,104,174,155,131
121,178,160,120,101,177,162,124
181,424,408,300,71,112,104,83
169,350,325,242,81,108,93,88
159,342,318,209,113,173,161,122
144,344,321,216,136,172,151,131
134,259,243,187,102,160,151,114
156,313,296,223,91,167,153,120
153,285,263,191,100,207,198,149
166,322,301,223,91,124,112,92
182,455,434,289,120,209,192,161
164,352,327,252,97,147,135,105
189,418,391,280,119,202,183,145
134,315,293,197,100,161,149,122
189,407,387,281,84,140,125,96
131,288,272,188,113,181,172,135
155,347,326,270,98,155,138,103
189,425,393,290,100,134,114,98
177,320,298,220,91,119,109,80
148,315,286,198,107,165,151,109
209,463,448,331,108,147,136,122
152,310,295,222,89,106,91,85
95,215,203,135,79,117,105,95
218,443,414,324,109,152,139,108
158,367,348,268,99,151,137,108
195,406,375,299,105,156,140,114
195,433,403,282,92,125,107,91
191,422,402,299,95,131,120,102
95,133,126,93,69,87,77,63
206,441,417,311,89,118,108,83
198,420,402,300,109,170,150,117
186,398,373,255,91,140,124,100
196,429,401,286,87,123,113,98
187,365,337,256,108,168,153,128
178,423,397,300,90,137,129,102
168,328,309,229,101,159,147,124
198,404,383,301,101,153,144,118
123,251,240,178,89,153,140,117
172,327,309,242,93,129,122,86
170,374,350,245,100,163,153,134
137,308,296,197,80,108,96,82
140,262,250,173,83,105,100,81
137,275,263,189,76,114,104,90
238,500,476,354,95,159,146,114
168,369,342,252,110,149,135,115
188,377,368,257,105,146,130,100
160,344,320,234,90,162,152,118
215,441,426,318,94,153,140,116
102,209,196,149,105,204,194,154
208,435,410,312,139,179,163,129
123,234,214,150,97,125,110,93
149,305,285,221,90,142,128,112
187,454,437,310,97,149,136,124
189,360,343,248,98,138,127,110
183,430,402,312,115,196,171,143
195,361,341,253,110,197,183,127
181,315,286,217,79,112,96,91
188,435,413,304,92,163,148,120
146,306,286,217,98,142,119,104
215,571,545,403,75,109,100,87
164,352,331,231,111,171,162,136
161,348,330,261,102,131,116,97
191,391,373,270,89,129,116,104
240,568,544,414,90,150,140,107
128,329,314,237,87,117,103,94
152,361,345,265,111,168,157,125
192,503,474,362,84,114,107,79
210,536,511,389,111,152,137,111
170,398,377,270,77,131,122,93
128,198,180,140,85,101,92,79
170,357,340,242,91,148,135,103
198,411,391,282,93,120,111,87
184,422,405,328,86,137,131,107
215,502,473,351,92,124,114,85
213,598,581,421,103,171,161,123
201,539,511,379,86,146,134,118
203,384,369,274,85,127,114,95
147,315,292,194,80,106,98,81
177,330,306,217,90,134,124,106
199,464,432,311,112,211,191,138
177,422,397,296,98,156,146,122
181,376,354,271,112,176,161,145
152,373,348,247,93,141,128,99
133,219,206,164,77,130,118,98
224,491,468,356,96,139,128,112
164,353,330,227,85,109,95,87
173,378,352,261,105,163,144,121
154,363,340,255,76,119,106,88
158,306,285,222,96,129,121,104
172,381,364,283,86,130,117,99
181,388,368,250,98,146,131,122
137,274,259,186,81,113,105,85
178,429,407,307,134,229,219,178
186,396,376,261,80,123,113,90
209,463,439,305,93,146,134,100
185,400,379,279,88,145,130,106
172,397,369,268,98,117,103,92
190,406,381,287,124,195,180,153
170,339,317,224,89,123,114,79
142,325,307,230,99,124,109,86
158,375,354,288,120,164,150,117
142,287,270,179,107,156,137,123
145,335,319,264,131,211,192,141
191,366,338,227,88,116,107,89
197,433,408,310,99,117,111,88
225,479,448,301,96,145,131,112
157,317,302,211,92,169,160,122
166,332,308,206,82,102,93,79
186,471,446,326,98,155,139,120
184,330,308,242,120,157,144,106
185,388,365,254,108,172,162,134
139,278,263,173,104,179,167,129
162,305,284,202,100,133,125,102
133,268,254,189,89,140,127,117
158,387,363,266,109,158,141,126
135,299,279,213,109,159,146,110
155,373,355,265,118,223,212,157
173,382,367,263,89,136,128,104
189,387,361,249,104,166,147,108
202,449,427,317,113,171,152,119
160,348,324,241,87,143,128,94
141,313,295,184,70,90,81,60
195,420,389,295,71,106,101,85
158,282,271,192,99,154,142,111
199,412,392,280,89,133,119,97
178,349,334,241,90,120,107,78
192,433,403,302,96,187,177,131
189,400,380,260,103,179,164,119
171,438,419,288,82,112,96,87
195,386,352,279,74,107,100,80
178,403,383,285,70,93,86,79
190,391,377,288,99,157,144,107
173,358,339,277,76,116,109,80
188,338,318,222,97,161,151,114
203,428,398,285,111,179,163,142
167,342,320,211,82,132,120,102
173,384,364,253,92,140,122,105
154,377,354,261,96,165,153,121
185,414,386,316,102,201,196,149
185,386,359,245,115,159,142,115
201,472,454,330,91,168,156,119
209,504,479,376,87,146,138,108
224,512,489,365,90,118,106,84
247,511,481,371,103,203,187,150
210,504,482,355,108,164,153,109
109,191,172,125,100,146,132,110
180,406,386,280,104,154,142,122
139,266,251,160,71,108,95,68
184,380,361,282,94,125,111,98
158,339,313,221,93,140,129,97
186,375,357,259,88,132,115,107
167,350,329,243,79,123,116,93
128,204,181,128,94,132,124,105
194,380,355,247,89,122,114,95
200,462,433,324,70,99,86,78
172,363,343,228,99,163,153,136
161,357,320,241,85,107,92,84
192,465,441,339,107,167,151,123
164,362,346,258,82,123,113,94
159,345,331,220,91,114,103,82
189,388,364,276,99,118,110,91
202,416,397,305,85,142,132,103
159,344,327,246,118,218,209,167
143,312,296,192,95,136,122,102
138,287,269,186,92,139,127,108
143,427,409,290,93,140,131,111
189,474,455,364,92,137,124,104
226,462,439,327,91,136,124,111
169,427,405,280,89,135,125,95
177,410,383,287,85,136,128,101
172,392,378,274,90,146,130,109
157,305,291,209,79,132,117,100
198,467,444,327,91,128,115,92
152,236,221,155,99,159,145,119
210,458,430,331,102,145,133,116
145,311,293,225,95,137,125,111
146,308,292,218,121,172,160,127
157,397,372,272,67,103,91,78
165,360,342,254,87,130,117,98
149,305,293,207,133,233,215,160
199,424,404,287,85,156,145,119
145,324,300,221,110,182,164,143
144,346,325,241,112,153,141,116
154,304,281,205,79,92,79,67
137,253,242,191,101,122,114,100
200,430,399,290,99,137,126,108
215,502,477,347,100,136,126,100
215,472,440,325,104,178,168,134
197,528,506,384,86,130,117,96
182,379,358,257,80,115,110,97
194,501,475,347,110,154,140,110
195,426,403,326,82,116,108,94
175,378,347,270,99,147,138,109
165,334,310,220,101,162,146,122
121,257,238,155,69,93,85,69
149,254,232,184,84,128,114,90
112,228,211,162,96,190,175,153
175,430,405,284,92,165,157,128
192,407,379,304,89,133,127,93
200,448,423,293,96,139,127,105
195,471,444,345,85,93,80,71
154,392,375,261,96,137,120,104
104,208,195,139,90,131,119,98
138,286,274,191,90,132,121,101
179,442,418,298,105,148,129,101
221,530,504,370,87,135,129,106
145,275,255,212,108,168,154,113
187,358,343,248,97,146,135,107
175,379,362,266,105,160,146,117
147,346,329,234,98,136,125,109
191,447,424,297,110,176,156,134
199,425,397,289,82,108,93,88
163,323,310,221,110,151,142,109
178,417,394,282,93,138,129,105
217,505,478,354,89,112,100,78
143,270,253,195,97,127,115,94
130,290,280,207,121,168,156,130
175,377,355,276,83,119,110,91
138,285,273,187,100,166,154,117
153,366,350,266,77,116,104,90
150,362,336,272,69,96,89,77
147,313,295,205,75,100,89,77
178,433,411,296,96,128,118,97
166,371,352,273,94,146,133,100
204,429,402,304,70,105,93,79
230,455,428,312,124,201,185,139
157,305,282,210,104,164,152,121
191,415,391,283,85,131,125,90
198,401,379,279,119,179,164,142
147,284,271,189,97,142,134,108
141,298,282,169,106,165,151,128
184,449,430,309,98,148,138,112
165,448,425,335,96,194,181,147
171,416,396,273,101,144,135,104
155,304,283,225,100,148,134,114
170,311,292,224,72,105,97,78
168,391,368,263,101,160,146,110
188,384,358,274,89,138,120,109
181,374,350,258,93,141,126,101
191,397,372,268,100,149,134,113
156,366,348,261,86,132,121,101
124,266,253,182,85,109,101,80
175,318,296,227,76,122,109,97
187,462,441,325,81,130,122,90
187,432,410,281,117,206,190,160
132,236,217,169,104,145,136,110
176,420,404,289,89,128,116,97
191,411,386,285,103,130,116,96
197,454,441,338,89,127,115,96
128,241,218,162,70,99,85,77
150,275,255,188,74,128,113,106
155,326,295,215,98,134,114,97
163,381,371,251,92,120,115,85
156,314,283,213,90,147,135,115
170,303,282,217,86,100,88,74
203,441,424,340,95,148,133,111
207,452,428,341,90,152,139,111
184,327,303,222,99,115,104,85
157,328,307,218,101,130,119,93
161,380,358,259,94,137,125,107
220,533,508,401,79,111,107,91
178,393,372,283,88,132,120,98
233,533,492,358,100,143,126,109
191,419,397,280,99,127,117,99
152,386,374,271,85,160,149,118
149,312,299,205,68,95,87,76
162,377,351,247,84,118,111,80
154,347,324,252,83,109,97,76
167,348,324,239,92,146,138,101
154,316,290,212,84,112,103,76
140,291,274,198,80,141,135,104
191,458,435,323,59,96,91,77
183,421,393,303,97,131,115,98
177,407,386,299,95,136,124,106
175,427,402,324,75,119,109,87
181,466,445,333,85,120,108,97
136,274,260,186,118,182,168,139
158,362,334,257,84,104,94,87
150,258,245,195,68,96,86,65
171,370,348,271,88,132,120,102
190,409,377,288,74,112,102,82
189,431,408,280,69,87,81,61
209,500,472,356,101,165,147,127
177,346,318,257,103,137,121,108
190,424,399,318,99,147,136,109
201,440,411,307,96,160,149,119
207,503,471,348,89,138,132,106
141,303,280,196,83,125,116,104
138,245,231,182,87,118,108,98
180,389,369,276,77,108,96,85
181,381,359,257,83,129,113,95
243,538,507,357,106,151,143,116
201,449,423,304,77,109,95,84
192,452,426,305,99,186,171,130
203,412,387,308,92,157,152,114
193,465,444,305,87,123,109,101
178,399,379,284,108,205,195,153
170,358,326,234,109,177,157,133
141,381,359,283,114,173,154,119
166,335,312,215,88,135,125,110
182,332,310,236,111,151,136,103
166,375,351,260,89,131,122,88
218,488,467,350,93,124,108,103
187,472,446,319,88,112,98,92
209,476,447,338,106,164,150,128
152,366,351,248,103,156,141,120
159,402,378,285,71,114,104,80
157,319,304,238,90,126,117,95
195,422,400,304,96,177,168,142
154,299,285,229,83,112,103,85
184,464,449,343,102,183,173,126
143,299,279,187,86,159,146,104
115,218,202,144,101,158,145,123
162,362,345,247,82,129,120,97
182,396,373,262,86,156,145,108
181,367,338,247,90,140,126,102
139,247,231,186,93,117,106,80
179,404,384,280,78,101,92,77
184,405,388,304,76,99,88,81
142,330,308,228,94,157,146,110
236,532,514,366,81,129,118,102
177,452,426,330,94,139,120,99
198,496,468,358,101,133,120,107
199,441,413,321,83,114,99,93
115,215,201,157,103,190,175,142
219,526,499,384,90,141,127,113
206,525,503,366,115,158,151,127
192,419,383,306,101,158,143,114
229,458,444,327,90,157,144,119
178,385,364,246,86,126,117,85
163,370,349,238,96,149,134,114
180,427,399,281,95,126,110,90
168,349,320,233,100,183,167,123
109,300,282,197,92,127,116,92
177,388,366,265,82,141,132,91
185,389,376,278,89,122,110,93
184,413,387,289,75,93,84,76
196,411,384,270,98,172,157,128
170,377,349,271,74,112,97,86
170,326,306,221,101,168,158,127
189,428,402,297,115,204,195,155
152,337,318,218,78,142,129,112
177,384,358,278,73,93,81,64
126,298,279,213,92,128,118,97
166,349,323,241,91,126,115,103
159,384,363,285,100,164,154,122
184,407,380,287,70,84,75,74
190,461,445,316,76,109,100,84
131,252,239,177,81,115,104,83
151,310,290,231,82,132,127,99
146,296,273,217,87,127,116,88
154,349,332,255,88,128,116,105
205,552,525,400,73,133,121,97
195,424,400,302,105,140,129,109
156,384,371,265,92,150,131,112
164,318,291,215,112,197,186,155
165,326,309,214,99,151,142,107
137,386,369,281,82,145,134,106
208,485,458,331,84,152,142,108
171,360,338,244,86,114,100,84
185,428,401,282,89,151,141,128
205,401,385,292,96,130,122,96
157,340,324,240,103,162,153,111
194,362,340,248,79,111,102,89
165,367,342,271,86,105,96,88
139,238,221,156,96,143,134,110
120,245,230,161,110,172,161,127
119,246,223,170,66,87,77,72
143,269,256,191,110,167,153,129
164,326,314,255,83,135,129,112
142,294,272,203,76,97,83,79
149,307,294,202,80,135,127,107
142,267,240,180,72,113,104,90
120,233,223,152,92,131,120,100
142,301,287,227,92,142,134,106
169,376,357,280,96,126,118,98
162,323,301,209,100,134,122,87
161,401,379,265,102,144,127,110
166,355,326,254,70,84,75,69
182,427,408,329,77,106,98,71
153,346,332,247,99,158,142,135
171,408,385,280,99,148,136,115
150,280,259,182,85,153,142,110
157,376,355,251,82,117,108,95
106,229,213,180,104,173,161,113
194,397,376,290,84,136,127,94
175,363,339,287,104,130,117,96
148,328,308,220,70,114,108,84
173,337,314,223,93,155,140,122
199,502,483,336,95,147,134,115
141,246,222,165,85,141,129,107
173,413,392,293,109,187,173,128
184,440,422,309,84,135,125,93
168,401,374,269,113,190,176,150
161,316,295,217,88,132,116,101
155,374,354,264,81,103,96,80
173,350,324,237,78,110,103,89
167,322,306,208,90,105,96,81
164,339,320,216,72,105,97,83
151,283,264,183,97,118,108,93
192,391,370,274,84,135,125,107
161,382,366,256,112,172,159,134
239,543,519,380,107,156,141,117
179,401,381,268,94,196,184,145
179,380,350,265,119,194,186,138
181,390,372,276,96,126,112,94
120,262,244,173,91,171,162,107
148,298,275,175,74,107,97,75
204,426,401,282,90,166,159,121
185,427,417,339,81,117,103,87
157,394,382,258,76,88,79,65
105,198,187,141,73,100,94,76
178,448,423,296,119,188,177,130
128,293,281,208,70,117,98,90
135,236,223,158,121,191,174,131
197,432,406,312,100,166,160,122
163,313,297,200,78,114,102,78
153,309,291,208,85,114,102,79
163,339,320,233,113,182,166,135
170,357,332,251,103,151,139,107
173,362,333,254,93,143,125,96
174,358,342,241,87,125,120,95
168,323,302,238,86,121,111,90
150,336,322,229,89,134,123,95
169,436,417,290,109,178,170,122
200,427,402,290,129,186,171,139
149,304,288,193,62,87,81,64
160,321,304,222,111,171,161,113
202,416,392,299,108,165,149,131
178,445,427,302,106,133,116,98
159,310,294,223,107,183,171,132
181,334,312,240,71,118,109,71
180,426,408,301,71,87,78,66
146,282,259,215,118,175,165,127
170,394,371,267,88,148,137,116
128,241,226,162,99,171,164,142
172,312,295,223,100,141,129,100
102,179,157,119,66,140,133,114
138,352,332,220,111,178,166,122
182,401,384,267,99,173,161,128
97,188,175,142,94,156,148,124
222,441,412,287,83,120,110,93
154,364,345,238,99,162,147,114
204,484,461,339,73,117,107,92
166,418,398,294,85,133,122,91
174,469,451,325,83,109,101,84
166,346,326,222,93,137,124,98
207,375,357,269,88,113,100,84
156,321,295,231,101,173,164,124
169,337,320,229,100,148,134,108
222,445,417,290,128,216,202,162
150,302,289,203,57,72,69,49
192,389,365,273,104,159,149,120
177,423,402,290,78,100,88,77
228,501,477,336,90,145,126,103
167,395,374,295,88,104,95,80
219,532,504,370,76,132,123,111
184,472,451,339,99,153,146,113
143,275,251,197,91,141,132,105
152,333,311,251,105,138,120,111
186,483,459,324,94,130,117,99
175,386,366,263,93,159,151,112
235,482,453,356,105,159,149,116
232,509,477,349,87,135,130,91
173,477,459,336,102,149,141,110
220,583,545,407,88,126,116,99
126,285,270,206,88,130,114,101
149,324,305,212,89,137,123,102
133,276,256,216,103,155,136,115
108,192,174,144,69,93,85,73
203,503,483,364,91,117,107,87
181,414,397,287,105,189,178,146
163,355,339,257,123,201,192,151
143,264,247,193,79,132,122,97
196,544,523,399,98,176,166,131
160,381,357,275,103,161,150,112
200,410,384,289,73,92,81,75
147,262,249,172,79,109,95,82
181,446,429,306,99,154,141,117
171,390,362,276,77,106,94,85
219,452,429,338,82,104,92,77
176,438,416,303,100,168,150,130
187,442,418,318,96,136,125,92
210,470,444,356,106,144,128,113
121,268,255,183,105,141,130,102
187,440,424,311,91,126,117,94
193,461,431,331,138,204,185,158
159,384,372,277,96,152,136,119
193,444,419,321,83,110,98,89
151,293,273,211,107,191,175,137
195,381,360,276,82,110,96,89
170,381,361,246,80,125,115,96
172,380,362,266,101,151,136,114
175,336,320,241,69,86,75,66
159,329,320,242,104,169,156,134
197,412,381,278,104,139,120,111
168,380,357,292,105,187,172,140
140,346,324,224,108,168,153,122
148,319,290,232,78,102,94,76
200,423,396,286,106,163,151,124
183,358,339,245,90,145,137,105
188,357,332,246,90,121,106,87
184,346,320,268,90,135,126,108
197,471,446,329,91,97,90,71
165,300,280,215,87,126,113,99
146,346,324,250,99,140,126,107
197,480,463,334,97,135,124,103
197,436,416,305,87,115,104,94
147,312,289,214,85,114,105,82
125,243,230,170,88,101,95,81
162,343,323,230,78,126,120,91
243,504,467,363,100,178,163,128
172,402,386,262,114,148,141,119
178,400,381,272,102,152,134,116
128,281,266,201,110,215,203,155
161,330,303,227,87,130,121,98
131,236,221,158,91,157,146,109
149,340,318,242,82,123,114,101
235,551,519,369,101,143,129,97
212,465,442,326,76,124,119,90
153,342,333,237,90,156,151,117
147,222,212,161,104,179,166,132
207,384,358,248,85,139,133,103
190,391,374,295,91,115,105,87
180,411,391,298,95,140,125,105
147,324,301,219,108,142,135,108
155,349,328,266,126,166,151,120
158,332,310,244,81,134,126,100
182,434,409,298,81,117,102,82
166,288,268,186,85,123,109,90
216,469,441,326,89,142,131,117
181,421,391,267,91,137,126,93
181,428,393,306,83,108,98,87
163,389,371,267,89,140,133,98
119,295,274,192,92,138,130,114
160,366,351,232,118,224,209,156
224,490,462,353,97,141,127,103
200,431,405,298,118,164,145,118
165,366,344,260,110,188,175,137
214,476,450,333,103,150,136,107
163,342,324,236,90,143,133,102
161,409,392,284,114,171,159,116
214,565,540,408,110,148,137,110
159,314,292,217,73,89,81,68
225,444,419,294,98,154,145,109
193,382,362,223,86,121,112,96
150,343,328,223,83,123,119,89
146,360,339,235,90,130,117,92
169,405,378,262,71,103,97,81
148,245,231,166,99,173,161,129
155,319,299,205,80,140,135,103
199,365,347,268,104,172,160,127
124,257,247,164,100,123,113,89
159,328,301,210,142,201,182,144
200,408,386,290,105,153,140,118
161,346,321,232,86,127,120,92
137,289,273,187,113,176,158,123
169,360,334,236,84,165,155,111
150,322,309,231,100,144,132,104
215,488,466,349,105,171,156,134
189,405,383,296,89,132,121,98
159,376,353,298,80,124,115,94
201,452,423,325,107,156,136,116
160,360,340,240,86,117,107,91
140,295,271,204,82,139,133,109
165,330,307,227,86,106,99,80
155,282,260,211,94,145,134,100
92,245,234,174,93,155,145,104
190,455,428,324,87,136,127,102
152,319,299,235,95,166,158,136
147,311,293,220,101,136,127,115
144,315,302,223,88,149,136,109
131,284,267,192,92,143,133,109
174,335,318,249,125,185,169,133
150,405,380,275,103,161,152,116
184,425,403,305,93,128,116,97
173,407,383,275,84,131,118,97
163,406,381,273,85,96,84,85
223,459,432,337,92,130,120,104
139,261,243,176,87,124,105,92
166,423,400,310,95,140,129,111
138,309,298,227,92,129,120,105
148,372,351,266,86,117,111,83
219,438,414,302,98,159,144,120
183,354,324,244,104,159,148,118
156,351,334,221,89,119,105,93
135,239,218,151,98,149,134,104
192,427,402,310,93,132,124,90
169,363,344,255,79,92,81,71
172,385,366,294,96,127,109,96
170,313,293,224,112,167,152,122
174,346,323,247,107,174,167,135
208,467,438,289,84,121,109,92
200,445,421,314,80,118,110,91
210,509,479,354,83,137,133,107
174,353,337,250,86,134,124,99
152,306,285,223,102,138,125,103
147,273,257,199,96,120,114,89
177,330,300,220,80,120,107,92
186,444,424,318,79,114,106,76
141,282,258,178,82,151,136,113
172,336,314,248,100,153,142,113
182,356,336,238,81,131,122,92
164,296,278,199,106,141,129,102
181,407,383,266,113,154,139,104
222,550,528,388,89,137,124,101
149,355,335,236,58,71,65,61
170,400,386,279,89,121,111,100
209,495,476,348,88,143,132,101
207,537,512,369,78,96,91,73
120,282,270,179,110,158,144,118
152,395,373,254,84,110,98,83
198,432,412,302,96,129,113,97
197,377,354,278,98,151,141,122
146,301,285,216,101,155,146,130
198,427,400,292,118,189,169,141
157,351,337,234,98,144,135,107
186,418,387,294,75,95,86,75
214,469,439,297,81,148,141,127
220,496,466,321,66,108,100,77
213,557,537,408,70,96,87,76
192,405,381,270,110,170,158,121
189,392,369,278,115,166,157,123
191,457,434,315,107,170,157,130
116,248,228,139,80,124,112,79
165,345,323,246,108,155,144,126
159,418,401,311,101,156,136,115
156,353,332,239,110,134,115,101
194,404,379,286,85,99,90,80
183,394,364,259,98,164,142,114
149,317,302,220,108,125,108,93
159,290,257,214,114,169,160,131
136,296,281,199,87,142,131,105
190,450,432,293,69,104,99,83
175,351,330,243,93,127,120,103
194,435,408,300,66,94,83,78
168,315,299,230,83,101,94,78
163,329,299,242,123,209,196,151
113,260,250,171,89,134,123,95
154,368,358,257,126,179,169,135
176,397,369,290,78,119,110,84
204,357,333,249,88,120,109,100
179,375,349,269,118,192,178,150
184,375,356,243,71,85,77,64
162,419,398,288,95,207,198,134
170,361,341,248,71,112,104,82
218,472,441,313,77,118,104,83
157,351,332,217,56,58,49,48
181,405,381,273,71,95,85,68
153,266,241,185,77,107,97,86
166,360,336,253,99,144,134,110
153,328,303,245,73,114,105,84
154,257,243,182,86,150,135,115
150,273,249,176,75,140,130,99
209,493,469,344,90,134,125,95
180,428,402,293,85,124,116,101
157,296,279,213,101,152,139,116
200,484,460,334,93,117,104,94
177,419,401,293,60,89,83,77
158,319,300,236,115,176,165,133
162,288,262,182,72,113,103,77
142,257,242,183,77,103,96,85
145,306,290,194,95,136,122,103
189,397,377,268,66,100,91,80
146,265,248,190,101,166,149,110
170,375,363,265,83,115,103,96
191,358,325,244,113,152,144,114
130,218,203,164,94,173,161,117
181,406,386,274,91,129,119,94
162,343,329,224,110,159,145,114
174,355,337,231,108,163,149,124
131,249,234,175,119,191,176,139
158,372,361,278,84,109,94,82
169,405,384,285,94,119,105,95
180,347,325,242,84,162,157,123
173,387,365,260,104,132,121,101
154,317,291,213,107,148,139,111
166,358,345,241,92,170,158,134
185,403,384,286,114,186,175,110
174,387,371,293,85,126,120,100
170,385,365,270,67,98,87,72
156,332,311,220,87,122,113,88
240,535,496,368,92,117,105,91
234,528,504,391,108,166,151,129
130,267,252,176,81,103,93,76
197,492,468,375,142,236,224,169
222,476,444,340,110,142,132,104
209,432,410,295,108,145,133,118
178,376,354,261,79,152,142,92
118,233,214,164,81,100,85,73
202,473,455,332,84,111,103,77
195,413,383,297,85,136,128,94
161,395,372,258,97,138,130,96
156,321,303,219,89,119,105,88
145,242,225,186,120,214,208,152
160,350,323,236,108,160,142,112
162,321,297,217,102,169,154,134
175,405,386,304,82,99,89,76
123,257,244,192,93,137,122,105
119,179,165,132,83,103,95,78
134,261,242,168,85,123,107,103
161,326,306,210,84,147,140,101
169,359,339,256,106,166,151,118
112,184,169,141,87,185,180,140
143,256,244,186,86,135,121,103
207,420,397,302,110,149,137,99
202,400,378,274,95,112,101,79
148,304,288,218,81,133,120,102
127,299,284,189,102,136,127,98
116,274,265,182,88,128,114,91
189,410,380,280,85,117,106,93
160,300,279,214,99,120,111,91
121,220,203,169,96,166,150,121
210,463,434,324,111,175,168,132
159,315,293,217,92,141,131,100
138,291,274,195,95,150,143,115
188,433,405,276,72,113,102,83
189,431,414,324,76,108,99,91
196,435,412,316,89,133,123,100
186,375,348,256,90,130,120,99
156,377,357,257,96,155,136,109
161,312,291,206,84,139,126,109
195,517,492,363,118,153,139,118
154,331,309,243,88,122,113,89
227,577,544,399,89,126,122,94
210,504,479,345,111,191,175,145
149,290,272,185,109,169,153,128
152,359,331,247,81,124,117,105
163,397,371,239,95,138,126,111
183,443,423,311,59,76,72,59
191,347,329,224,109,167,158,128
229,565,529,407,101,152,139,122
148,256,243,177,92,125,112,103
181,434,421,319,92,139,130,117
152,351,327,253,96,150,145,108
164,362,340,267,113,195,183,152
155,325,306,232,73,100,91,82
126,253,239,175,88,116,109,88
138,319,299,224,91,162,152,114
144,317,301,249,81,105,95,84
197,447,422,290,106,160,148,110
186,393,363,287,100,113,99,85
176,396,378,280,112,173,160,126
163,357,342,253,86,110,100,86
185,406,388,281,86,134,121,108
183,446,420,317,95,171,155,124
206,431,407,302,108,146,139,120
116,326,306,238,109,190,177,128
194,398,373,279,80,110,99,87
161,348,330,245,85,132,116,98
170,414,388,290,104,174,163,124
234,488,460,365,99,133,125,88
168,370,351,254,60,81,75,64
173,384,366,241,98,182,171,141
147,341,310,222,73,118,109,94
205,518,494,347,84,135,124,113
198,355,331,251,103,120,112,95
140,311,293,215,100,178,162,133
197,428,399,279,103,144,131,113
237,476,450,334,114,187,170,141
156,319,295,197,94,142,130,123
133,260,249,153,83,161,151,114
184,391,371,274,88,164,149,111
124,248,237,175,130,189,179,134
213,436,419,284,84,126,114,96
186,460,435,331,122,176,164,147
132,349,329,252,81,132,118,98
193,432,409,291,85,165,154,121
183,352,328,256,122,181,167,120
177,396,371,268,113,169,159,110
181,413,392,313,108,173,165,123
152,291,272,205,87,136,123,95
202,480,457,302,109,161,146,110
166,349,319,228,118,171,158,137
199,458,431,313,93,151,136,107
146,337,315,248,113,139,132,109
190,446,421,326,88,120,108,91
179,404,378,280,87,112,98,88
120,219,203,156,81,100,89,85
160,404,383,284,114,184,173,137
167,291,269,211,101,170,159,133
218,524,497,359,97,141,128,103
157,285,260,174,64,90,78,68
163,318,299,221,90,135,127,93
149,308,287,225,97,174,157,124
169,362,329,242,98,163,147,135
195,491,477,382,88,127,117,89
181,425,398,301,102,162,157,126
193,419,402,293,107,187,172,138
171,388,368,280,87,116,108,96
165,380,362,278,103,138,128,110
121,273,258,179,108,203,191,139
186,362,338,236,86,157,144,113
137,283,264,201,87,112,102,91
165,306,281,194,106,157,146,108
140,276,258,186,85,144,128,110
192,456,432,309,100,107,98,90
164,363,341,258,105,120,98,86
167,275,254,179,85,128,114,103
211,462,433,343,91,126,108,95
189,359,334,249,120,176,164,126
131,234,216,162,110,147,132,108
153,284,264,214,103,146,129,100
171,307,286,210,103,157,144,118
141,341,324,222,93,139,126,104
154,365,344,238,104,172,165,122
142,298,287,193,64,94,87,76
229,488,465,340,110,136,116,95
194,460,441,317,128,205,191,156
201,481,457,340,98,199,189,133
160,364,351,237,111,162,149,119
182,435,409,299,93,136,126,100
159,329,315,232,72,92,78,80
184,399,380,260,109,121,108,94
175,445,420,309,91,132,120,98
148,295,275,204,85,108,96,72
168,335,321,232,132,218,203,160
177,421,400,293,74,98,88,72
206,411,382,296,97,126,111,94
213,473,448,322,110,172,154,125
137,299,277,201,75,128,119,108
168,467,447,335,79,131,121,98
177,396,365,271,88,152,139,102
176,440,414,301,103,149,135,116
164,382,363,259,137,200,183,153
139,350,332,243,80,112,105,75
123,209,189,144,95,137,119,99
117,228,213,153,106,164,149,118
175,426,410,287,95,158,149,119
198,425,398,287,85,134,128,95
220,515,486,371,104,160,150,118
234,470,438,319,79,113,101,90
147,351,341,247,111,193,186,148
173,437,423,293,69,107,96,85
194,410,395,313,100,135,124,92
158,352,330,253,97,175,157,140
172,320,302,228,88,130,120,97
210,501,475,367,90,121,111,86
135,366,350,235,93,138,127,112
144,296,277,188,97,153,139,114
137,279,268,194,93,160,143,115
151,311,295,225,82,139,127,104
206,532,511,396,98,124,112,89
193,497,478,379,88,117,109,85
182,416,392,289,101,117,98,79
134,283,265,192,84,144,136,108
151,369,352,254,112,148,131,101
182,427,402,312,92,124,112,100
171,407,381,267,86,117,106,89
188,449,421,308,92,134,126,98
187,432,408,294,83,132,122,99
196,508,485,378,72,104,94,84
183,404,359,290,84,123,115,91
176,393,368,285,97,143,130,96
146,377,358,250,95,141,132,102
157,380,356,248,110,156,146,123
188,391,369,267,109,149,134,110
177,407,382,290,123,182,161,133
184,370,354,267,114,184,174,118
169,369,347,225,99,139,130,107
196,433,405,323,77,93,85,71
118,240,227,179,97,139,123,102
198,414,386,282,95,167,157,117
200,476,452,316,81,109,104,86
163,336,322,230,88,147,138,112
185,385,362,239,64,92,87,70
138,300,285,203,123,189,177,136
158,379,359,254,81,131,123,97
163,401,383,287,101,140,131,106
177,370,349,246,113,198,181,141
214,528,510,381,97,142,128,108
213,443,420,312,91,149,136,127
207,410,387,275,106,125,113,102
118,214,198,146,97,132,118,96
195,411,388,304,115,187,174,136
140,294,276,206,107,139,130,110
134,292,267,208,95,148,136,105
177,420,401,277,90,141,133,109
208,487,458,354,98,145,136,109
192,424,401,291,77,113,105,86
166,342,322,232,86,104,93,81
185,435,409,301,105,133,124,101
171,316,294,227,90,117,105,88
128,281,263,198,113,178,161,130
205,441,409,288,74,124,113,82
206,464,435,324,91,167,161,125
149,293,260,193,97,135,125,106
176,370,341,271,109,148,133,113
144,322,311,217,100,141,132,111
182,327,297,229,94,139,132,110
177,371,348,277,92,114,96,91
211,465,438,341,92,143,131,98
194,388,368,236,90,133,122,96
160,336,324,242,101,168,151,121
171,389,371,260,93,114,102,86
215,490,471,351,108,159,145,119
110,221,207,141,93,135,123,90
189,431,404,319,64,77,68,61
157,340,319,242,122,174,157,131
173,341,318,248,100,143,125,96
170,362,348,259,106,162,151,116
166,309,293,232,95,144,131,114
120,232,223,175,80,120,106,91
207,449,422,311,94,128,113,92
215,457,429,296,91,150,142,107
188,440,418,311,103,140,129,97
118,259,248,171,109,172,163,122
197,400,372,261,101,176,167,126
154,294,281,204,116,222,213,173
153,327,313,227,107,158,143,120
170,395,372,268,88,143,130,105
181,431,405,291,98,142,135,107
156,451,432,323,82,134,123,101
152,332,312,219,111,170,153,118
143,233,219,171,109,160,153,122
166,385,369,271,71,95,86,77
152,352,328,236,108,187,170,135
146,272,253,196,110,158,142,116
144,301,280,193,122,192,179,132
127,293,271,198,118,179,162,125
182,415,396,291,83,122,114,91
148,325,313,247,105,166,155,120
216,458,440,319,75,90,78,73
156,342,314,223,93,129,115,107
163,400,377,302,102,168,156,138
224,480,456,356,89,95,85,76
173,439,415,284,91,135,121,96
170,347,334,235,74,100,88,78
172,352,330,255,88,138,129,109
202,504,479,375,92,145,133,111
140,326,310,225,90,124,110,97
205,440,414,317,90,123,112,91
198,397,369,273,96,143,125,109
152,313,289,223,90,132,123,97
164,342,321,241,82,116,103,93
133,227,209,157,82,103,88,76
151,293,272,219,93,167,155,136
143,355,337,269,78,132,119,95
151,314,288,212,105,185,172,121
172,368,347,214,102,138,127,105
180,373,355,245,111,179,158,142
168,327,306,245,87,113,101,83
155,321,307,227,103,140,131,108
174,298,269,193,88,152,143,116
151,281,272,195,103,190,173,132
141,271,257,167,95,173,163,112
98,196,185,135,108,179,169,133
156,343,317,234,82,117,104,89
198,336,314,239,81,120,112,100
136,318,300,232,50,69,65,54
238,525,502,351,98,143,130,98
182,386,369,265,136,222,196,148
127,282,268,185,96,159,149,127
162,331,318,238,95,138,135,110
115,238,225,171,88,133,120,91
151,411,387,289,88,151,138,116
164,328,311,221,97,141,123,103
187,382,356,269,85,133,117,90
170,371,346,238,102,162,149,112
154,373,351,254,91,130,121,98
151,377,355,253,93,166,158,131
153,332,308,240,79,118,106,83
119,198,175,116,116,177,163,128
154,292,276,208,88,130,118,99
197,403,384,269,113,145,136,98
198,417,398,297,109,160,150,123
178,356,339,244,77,103,96,87
211,462,432,333,80,114,97,89
196,387,366,277,85,110,98,88
140,318,293,213,84,108,100,86
220,452,423,319,81,118,107,93
241,563,539,361,99,141,132,96
185,353,333,256,100,149,132,125
139,340,324,262,84,122,115,96
189,372,347,278,123,166,148,110
179,354,330,230,75,102,88,88
169,305,283,215,98,153,137,108
185,526,501,390,72,91,85,77
195,433,413,307,117,170,154,121
179,391,376,277,132,238,218,170
187,396,370,283,114,193,181,153
143,257,239,194,96,135,125,87
187,417,392,295,85,109,102,89
151,305,291,202,78,93,81,75
151,276,256,186,101,156,137,128
194,527,498,386,85,121,108,90
141,292,280,203,106,129,116,98
225,499,471,352,87,170,160,119
207,488,469,345,90,137,124,100
177,407,389,275,115,165,155,113
157,296,272,201,87,130,120,108
162,336,316,241,111,180,164,125
143,300,287,213,105,194,179,136
135,316,301,239,98,169,156,116
164,326,314,237,108,174,156,134
188,403,382,292,84,117,110,88
164,376,361,233,109,153,141,101
168,341,330,245,90,148,134,119
172,384,371,291,99,172,163,123
141,327,318,230,95,132,121,101
148,245,222,170,84,141,128,97
224,499,469,361,113,167,147,129
216,396,373,287,99,141,126,104
176,354,322,246,106,150,138,108
187,407,385,278,108,149,134,114
221,611,578,427,74,96,87,71
194,437,411,321,79,113,109,89
188,400,379,291,105,187,177,138
152,279,265,195,111,161,148,112
181,403,366,276,100,144,129,113
202,447,418,315,71,100,85,66
188,376,349,251,111,144,126,104
198,375,358,279,128,205,196,132
181,467,442,314,89,116,108,83
149,303,286,224,97,158,141,114
182,377,347,246,115,195,180,128
210,442,415,295,74,128,118,86
151,397,382,252,93,115,103,89
147,289,271,199,109,138,128,105
172,360,341,261,67,78,67,67
161,355,332,238,93,150,134,124
209,460,437,319,115,194,179,156
143,320,308,206,105,173,157,130
165,325,301,208,88,176,160,134
171,340,317,238,87,138,125,112
183,451,424,337,87,140,128,106
144,344,325,230,118,216,208,169
168,389,366,252,77,112,96,92
188,384,363,270,114,180,168,130
171,387,366,250,98,140,129,102
162,288,272,182,73,142,133,102
182,376,353,270,84,126,117,98
147,323,305,210,75,114,107,77
187,352,324,244,117,170,149,120
179,342,320,249,81,92,85,78
135,267,253,183,109,224,207,170
185,318,293,238,91,133,121,91
150,322,298,222,96,147,134,121
167,377,360,283,84,127,119,99
223,498,469,353,71,109,104,87
160,355,332,242,88,155,141,114
178,367,345,253,77,114,95,87
133,253,240,162,78,147,136,95
198,413,396,292,88,133,119,92
176,439,423,327,72,95,82,73
216,504,480,332,107,152,138,112
175,421,402,277,110,184,174,135
114,201,180,145,97,148,138,104
155,332,322,248,101,131,125,94
151,274,260,208,117,186,166,147
150,376,349,245,81,98,86,64
154,310,289,215,142,213,195,157
150,295,276,213,122,177,165,136
197,417,395,278,89,132,114,103
146,278,255,195,81,99,92,78
170,345,328,227,110,184,170,133
226,466,447,336,120,200,188,135
172,324,308,228,71,80,72,63
188,400,375,261,77,99,89,75
183,445,427,321,95,149,139,110
198,437,414,299,106,148,131,97
168,368,343,267,109,154,145,117
174,416,399,293,89,103,96,84
176,353,339,263,99,180,172,132
146,292,279,191,88,142,125,113
160,341,321,250,108,181,165,122
175,434,413,283,83,127,115,94
220,453,428,316,74,113,104,78
138,285,264,207,77,108,94,78
147,362,336,257,103,170,158,116
184,406,372,276,114,164,145,113
128,274,256,178,110,153,145,113
187,391,364,274,101,169,155,131
176,419,393,302,106,174,163,126
116,258,235,162,87,136,129,100
181,342,327,233,63,72,65,61
211,517,489,367,105,183,174,134
171,383,360,269,91,121,109,88
169,394,369,273,83,126,117,79
167,331,311,210,99,184,171,128
194,442,415,293,68,94,84,78
168,350,324,238,86,140,128,97
160,371,353,253,100,185,176,144
167,410,390,306,95,173,159,117
180,426,407,291,106,174,159,127
181,370,345,260,100,152,141,123
129,280,256,210,101,143,135,108
186,464,434,339,71,139,130,104
155,313,290,214,105,183,167,137
169,380,357,257,106,158,144,110
214,503,478,377,91,143,131,109
165,357,334,235,86,99,88,77
190,443,409,321,99,173,160,134
179,370,349,261,101,182,176,144
145,269,253,164,86,123,112,88
213,528,501,360,85,136,129,96
133,313,294,211,108,167,151,122
189,401,371,278,101,147,138,110
154,299,287,214,100,135,127,97
109,217,203,148,84,136,125,109
168,340,313,233,91,123,116,90
168,369,345,272,103,142,129,102
190,384,348,260,98,161,152,126
240,573,547,410,89,132,119,102
155,323,309,217,112,209,197,147
160,345,327,258,91,128,116,93
187,437,416,333,78,95,87,71
172,336,304,231,95,107,97,75
206,469,459,355,91,129,114,102
146,274,254,193,92,152,133,117
189,430,407,324,63,71,67,52
174,374,344,263,105,167,152,121
191,381,354,280,105,173,162,119
143,324,308,224,95,128,116,102
141,229,210,165,109,147,137,114
151,313,301,245,80,122,112,94
175,330,312,249,80,127,121,84
203,442,419,321,99,142,132,106
172,394,377,274,119,164,149,124
155,312,293,203,98,139,126,102
163,320,294,202,87,138,123,106
184,446,426,304,87,108,98,87
143,316,298,210,91,143,135,108
164,327,304,233,85,130,121,96
153,345,325,233,87,123,112,83
194,401,380,284,79,117,102,79
160,372,348,272,96,155,150,117
175,361,342,241,64,80,76,65
158,321,305,206,94,147,133,107
152,299,288,220,99,123,109,91
210,458,434,297,84,125,115,92
168,378,360,280,83,146,135,114
174,431,408,315,106,140,128,107
126,262,241,184,88,141,132,99
198,378,355,265,108,161,152,120
174,413,394,275,86,139,129,104
181,391,368,256,108,156,149,119
185,343,325,237,76,129,112,97
150,277,259,191,86,126,111,101
148,267,252,189,94,143,134,105
198,455,432,314,104,150,134,111
127,269,250,183,81,138,126,93
149,291,270,199,103,195,183,142
200,433,406,305,86,137,125,108
208,526,500,376,97,162,151,126
189,476,450,342,102,146,133,105
197,444,417,304,78,115,102,84
199,410,388,279,67,109,102,85
200,467,434,339,124,183,164,124
155,297,279,191,111,194,183,143
184,344,326,228,85,122,110,97
195,486,453,328,107,153,136,125
222,519,498,349,59,90,82,75
167,379,358,264,85,138,125,104
189,410,390,289,99,130,116,93
199,530,504,366,89,129,115,99
225,480,461,312,85,127,120,97
161,335,314,240,91,131,116,100
154,327,308,200,92,115,105,84
163,355,332,239,97,179,167,132
158,353,331,236,88,135,117,100
199,424,395,276,71,95,80,79
151,359,344,257,70,85,75,69
165,291,262,198,117,177,163,135
150,374,354,238,95,162,146,122
157,324,303,211,86,116,104,90
174,311,286,211,112,209,195,139
145,260,243,172,90,119,109,96
194,458,437,335,98,136,121,104
149,288,267,183,100,156,141,112
181,407,389,290,106,156,143,123
123,229,211,180,100,172,164,126
136,283,268,200,97,131,122,96
105,210,193,153,92,145,137,108
144,340,317,237,91,116,106,88
193,467,444,314,101,129,114,103
175,421,398,284,84,104,98,76
171,346,333,235,75,113,105,86
146,345,327,247,83,121,110,86
168,440,419,306,80,120,107,84
158,309,284,205,119,150,129,115
144,260,238,192,94,159,151,116
173,407,380,271,88,146,137,120
173,365,344,259,86,113,99,86
144,330,307,209,96,159,148,124
174,350,340,245,96,177,161,138
207,459,443,353,92,146,128,102
153,380,360,268,73,109,100,84
150,384,360,230,98,131,115,98
145,255,241,169,79,118,108,94
193,421,398,290,81,112,100,82
188,400,381,266,114,169,157,119
189,462,439,329,105,132,119,98
185,394,373,279,99,126,119,95
165,354,333,256,112,172,163,127
198,437,416,307,84,125,116,102
172,388,367,249,67,124,116,90
156,324,304,237,104,173,158,125
142,345,330,244,98,143,131,108
224,523,499,368,110,170,161,122
127,347,320,241,77,114,105,83
129,264,251,170,108,163,150,131
203,486,462,387,93,146,137,104
153,344,312,226,95,137,129,104
154,347,324,238,125,215,199,159
149,327,311,208,76,108,98,89
144,294,269,197,98,182,168,135
154,294,275,219,102,147,129,104
167,321,306,226,113,223,213,154
157,361,342,249,100,140,124,105
206,496,469,360,100,128,118,99
208,460,428,311,84,109,102,90
162,308,283,209,99,145,129,106
209,431,403,299,85,124,115,98
136,282,268,199,105,187,173,139
125,300,285,229,91,157,148,107
198,471,446,328,108,155,141,116
107,222,211,167,90,165,158,123
181,344,327,238,107,155,145,127
189,333,320,253,91,122,103,84
131,269,258,187,101,130,122,99
162,387,365,258,92,135,122,103
155,328,309,244,98,166,158,116
171,393,371,256,77,113,102,68
205,428,406,278,65,112,104,78
158,303,278,220,113,156,144,119
188,442,426,305,95,128,120,103
141,273,255,175,92,143,131,102
178,369,351,236,65,73,63,61
201,501,471,359,109,175,162,134
211,462,442,317,100,157,148,114
211,468,443,314,107,170,159,124
127,301,290,213,92,104,93,81
90,163,150,129,80,114,103,93
133,359,334,239,98,147,131,97
192,398,375,275,69,140,128,98
174,367,339,244,79,120,110,81
144,269,251,181,93,139,123,104
161,357,337,258,89,152,143,115
208,454,428,330,104,163,149,120
154,391,367,256,85,178,167,126
171,365,344,248,77,125,115,100
168,322,298,241,97,127,113,98
139,311,293,188,96,142,131,102
200,393,363,263,113,210,191,151
177,344,320,234,91,130,118,93
183,382,354,275,94,129,115,85
132,276,256,190,116,170,154,126
161,378,362,254,98,148,129,109
197,428,410,286,108,166,153,116
176,398,369,279,103,185,171,134
188,438,407,317,81,106,96,79
176,393,370,287,77,98,91,74
174,381,358,243,88,119,108,100
146,334,319,242,92,168,158,117
194,460,437,333,114,170,156,130
189,423,406,310,103,176,164,128
179,395,377,284,76,92,81,69
169,373,352,247,117,185,175,142
159,331,313,204,107,170,161,127
155,315,297,205,89,125,104,88
164,314,301,239,89,119,108,86
182,423,399,304,94,141,130,97
132,245,234,180,106,186,168,133
164,350,324,229,103,170,156,125
222,454,426,308,92,126,116,86
186,408,390,283,87,132,121,106
194,452,425,306,99,161,149,124
198,448,424,309,70,75,64,65
151,318,307,218,80,106,97,77
128,260,245,176,93,162,152,126
163,331,316,251,86,130,116,97
146,300,284,195,109,198,185,142
160,429,409,313,75,137,126,121
184,449,422,296,86,115,104,93
152,355,336,241,113,219,202,165
165,406,382,289,117,154,143,113
102,204,187,148,88,147,133,102
202,457,433,315,92,134,122,105
188,368,344,257,89,159,149,114
213,513,485,351,82,134,128,106
133,260,245,191,96,127,118,88
236,483,456,334,84,116,102,88
202,471,437,300,99,137,125,107
170,377,361,257,92,130,121,104
155,330,316,253,102,164,148,128
156,329,304,222,73,106,95,87
181,373,359,252,101,163,147,121
231,491,457,345,85,120,112,94
155,368,339,244,96,132,121,100
133,247,233,168,85,129,112,96
173,392,379,283,115,186,168,128
166,400,378,305,105,155,145,121
145,314,295,204,75,96,88,80
158,338,323,251,105,180,167,133
136,341,320,222,112,141,128,107
184,373,353,242,92,138,131,112
109,222,207,161,94,146,134,111
147,347,331,234,111,177,164,118
179,376,359,280,102,134,122,100
157,422,407,286,102,195,184,152
190,447,432,293,104,178,162,138
203,370,348,243,98,155,138,111
146,277,254,188,84,134,122,84
131,238,222,186,97,151,134,118
203,503,481,372,101,144,132,98
145,293,275,201,101,168,153,121
163,388,366,276,77,107,99,78
191,365,345,260,81,120,107,95
135,279,262,198,105,160,148,118
185,400,377,293,106,148,138,106
230,445,416,300,113,199,186,143
155,355,339,251,91,145,131,116
167,366,346,253,96,162,147,112
142,276,256,193,123,197,181,141
175,402,382,253,88,143,134,99
106,203,186,125,98,170,157,113
181,424,395,301,77,110,104,76
118,249,237,175,86,135,122,98
180,474,454,350,114,211,202,161
169,363,346,243,77,105,100,85
160,376,345,271,120,243,226,181
171,301,279,210,95,169,157,121
153,368,343,253,77,129,121,97
176,394,375,239,97,155,140,123
124,222,205,152,94,140,127,109
155,259,243,181,100,133,121,99
195,532,505,383,102,154,144,107
135,342,316,214,103,183,172,141
185,401,384,298,116,192,177,142
195,441,413,304,105,156,149,113
188,463,440,338,108,166,150,123
229,557,526,397,94,124,112,88
129,271,256,188,116,192,176,141
147,233,216,176,93,170,161,132
157,330,298,227,107,137,127,92
171,385,361,247,104,162,149,125
145,303,280,200,97,155,138,127
150,271,253,203,78,109,100,84
145,347,327,241,101,130,114,92
216,422,396,298,111,195,186,146
151,326,309,221,108,179,166,140
168,432,406,278,123,236,221,183
193,372,347,240,81,145,136,115
232,456,429,310,90,138,132,101
169,335,318,244,125,221,207,164
173,400,382,300,76,94,77,73
114,228,207,153,104,169,155,135
143,321,307,235,85,121,111,87
98,213,202,149,85,103,86,81
193,383,361,270,110,182,170,135
242,525,493,340,93,128,113,96
184,390,372,253,101,160,142,112
161,410,388,283,99,156,143,120
185,418,395,298,79,114,101,80
184,381,354,240,111,192,181,148
188,409,388,291,102,165,145,121
167,427,401,299,106,165,152,109
144,279,264,188,114,165,146,122
175,405,370,273,72,79,71,57
153,346,329,242,99,156,150,117
174,361,345,246,81,106,97,92
194,421,400,277,101,139,125,110
195,462,439,332,125,202,192,154
170,363,340,257,92,146,136,111
119,244,223,159,81,109,102,83
147,331,315,219,98,127,118,88
201,462,447,339,66,96,88,80
161,381,358,279,61,82,75,66
123,225,213,151,94,121,106,106
193,505,483,343,120,187,170,138
160,324,302,218,127,233,211,149
141,297,281,192,106,149,138,110
179,419,391,264,81,127,112,98
140,306,289,217,70,94,85,70
220,446,421,300,93,128,117,95
130,185,167,139,87,95,82,69
201,393,359,285,81,119,110,99
180,434,409,303,91,152,142,110
190,499,472,367,84,124,112,95
175,396,371,264,91,138,129,98
179,367,351,253,79,114,101,86
184,350,333,236,81,140,129,102
210,434,407,327,130,170,150,118
194,506,476,352,101,125,114,96
226,494,467,342,81,115,103,80
158,394,375,287,107,194,173,139
144,276,259,181,95,185,174,137
188,395,377,263,100,127,117,101
188,440,419,323,96,134,124,104
160,405,385,284,111,155,144,120
155,337,319,235,101,159,148,120
169,358,337,250,93,111,94,78
146,329,310,244,85,142,129,113
181,363,335,257,82,119,106,87
169,339,325,232,109,136,120,101
137,306,284,188,85,152,142,109
133,349,336,249,132,228,214,155
187,407,386,288,104,152,137,119
152,381,357,271,68,110,103,88
222,466,434,315,101,147,134,98
145,348,329,217,109,151,140,116
153,297,278,198,90,141,132,94
214,465,447,347,84,134,115,90
144,361,347,257,109,155,149,118
201,454,435,324,80,90,82,64
131,287,269,220,98,161,145,114
165,398,372,261,93,162,153,114
180,352,332,238,102,134,121,89
165,413,388,284,110,176,155,129
190,443,424,336,105,127,117,103
204,404,377,303,108,164,150,124
169,341,318,229,90,126,112,94
215,458,432,332,103,174,157,139
158,401,385,257,62,85,79,66
146,307,284,210,105,195,186,152
117,259,242,189,96,115,102,89
205,429,400,307,98,168,156,115
179,389,368,241,100,180,168,120
141,303,283,209,106,156,139,105
233,510,482,344,85,106,98,78
151,320,304,236,77,97,89,77
203,423,393,311,83,140,132,110
158,290,268,178,79,115,108,87
238,627,595,450,92,156,146,115
249,560,529,392,99,147,134,109
185,402,376,256,93,135,123,102
181,441,424,316,89,132,118,99
143,293,270,202,98,182,171,128
199,501,474,356,108,174,160,125
132,305,292,212,90,152,142,104
188,433,415,298,109,155,144,116
151,371,350,255,108,177,172,123
154,339,315,241,83,113,106,92
106,198,182,138,76,101,93,81
164,340,323,211,105,130,119,109
168,313,291,213,77,116,108,89
171,304,278,221,112,156,142,112
183,467,450,332,116,162,145,112
167,326,310,226,99,134,123,108
187,352,320,226,90,144,137,106
177,385,359,268,98,136,124,96
216,391,369,276,102,154,143,112
201,448,418,294,82,147,134,85
188,423,408,299,86,139,126,105
114,247,232,176,69,103,91,79
160,305,292,198,96,123,113,90
126,319,305,208,81,114,104,91
175,383,362,256,111,192,179,151
152,331,311,235,122,190,172,137
142,264,244,189,85,132,122,100
161,326,309,237,114,180,167,142
187,409,386,289,101,164,147,122
184,382,361,274,65,79,73,64
165,400,378,281,86,152,146,118
137,277,258,189,114,185,166,138
194,438,409,300,90,157,147,107
139,270,255,180,108,154,145,117
237,542,509,363,92,131,119,101
119,288,277,192,113,158,145,123
167,368,349,253,103,188,169,132
156,325,300,204,104,166,151,127
203,433,417,317,135,196,177,148
189,427,400,316,110,174,168,127
142,308,289,234,105,159,147,125
171,400,378,265,93,148,134,103
148,323,305,212,101,149,134,109
161,307,290,233,93,119,108,93
171,350,333,240,80,121,109,102
118,222,211,152,107,137,127,98
167,381,362,269,105,192,180,137
157,341,323,252,110,146,130,105
179,380,352,245,94,117,108,87
202,457,432,318,100,167,158,123
217,531,508,376,102,148,136,115
166,399,365,258,103,158,146,110
166,389,369,298,108,146,130,119
176,336,319,223,103,192,181,151
109,194,179,133,70,114,99,73
145,308,288,245,95,150,137,112
121,220,205,154,97,113,97,90
129,337,316,216,76,113,105,92
177,396,365,277,94,163,152,120
160,359,343,260,119,184,172,134
142,277,264,179,106,173,155,137
140,303,291,197,106,179,168,122
227,494,458,341,96,135,126,100
117,235,220,175,97,142,124,97
144,312,292,215,116,168,157,106
172,340,319,259,114,167,153,124
175,337,319,230,86,132,123,110
180,345,320,241,85,103,94,79
212,487,459,360,89,99,86,66
151,308,291,230,99,144,131,104
132,255,233,169,81,143,132,103
120,244,234,176,79,121,111,85
142,270,257,180,94,130,116,94
175,376,360,255,84,131,124,88
163,305,288,205,78,113,100,80
192,445,424,302,74,119,110,87
203,376,349,241,72,89,81,75
218,533,505,352,78,111,102,81
127,266,246,165,109,176,158,124
142,278,265,199,105,151,134,116
115,215,200,143,123,182,166,134
163,362,344,228,94,140,124,97
163,347,327,255,94,162,150,107
163,378,361,266,76,114,101,83
134,245,232,186,69,105,93,76
160,311,289,197,98,180,171,125
209,487,462,327,92,125,108,95
202,422,396,297,75,96,80,76
145,306,290,206,90,167,155,125
174,302,280,217,110,152,142,110
71,133,129,96,93,119,108,88
174,382,355,242,76,98,91,84
199,431,406,293,85,118,109,86
155,376,363,256,92,154,144,107
168,387,364,257,96,131,119,102
235,522,497,377,86,131,123,105
158,374,357,256,90,115,104,81
144,294,272,191,89,116,109,93
198,401,372,274,100,171,154,113
211,464,443,332,105,161,151,115
198,437,407,295,106,154,141,113
149,278,264,205,95,141,132,94
204,485,458,327,90,126,110,99
125,221,204,147,98,148,134,99
216,501,484,362,97,174,161,129
121,237,219,147,125,217,205,151
179,465,439,299,93,130,116,99
194,385,367,261,96,155,141,119
213,518,499,364,87,140,125,110
203,403,381,294,102,131,119,103
123,201,177,129,106,145,125,107
184,424,403,287,89,135,121,96
171,440,407,284,93,143,135,97
181,394,380,284,101,152,143,108
173,378,358,262,82,120,109,90
169,365,340,244,63,88,82,69
156,305,278,204,76,113,104,85
153,301,285,227,110,169,152,127
212,441,424,314,102,194,182,138
168,310,294,217,96,148,142,109
160,404,383,303,80,97,87,78
223,477,452,352,103,170,155,133
129,277,263,159,87,154,148,122
172,421,397,304,81,124,113,92
194,407,381,263,77,107,96,82
164,357,340,251,74,88,78,71
172,319,298,216,101,168,157,127
226,495,465,317,86,114,98,86
183,423,404,296,76,117,107,84
148,279,260,195,77,86,76,59
190,380,356,262,94,166,152,115
155,363,344,250,72,100,94,80
165,454,429,320,105,190,176,134
167,359,335,240,86,116,101,86
193,424,406,301,96,143,130,103
203,466,445,334,97,129,115,96
154,278,259,182,85,142,134,106
197,423,396,277,98,189,177,146
126,305,286,190,78,134,123,88
159,371,353,269,111,210,197,154
153,352,336,254,93,156,143,115
187,379,360,279,97,163,152,123
136,275,260,205,75,155,139,114
151,310,295,203,88,142,132,108
180,407,390,315,114,172,164,116
175,384,360,266,94,168,153,128
154,338,317,229,110,165,157,115
154,339,310,219,118,161,148,119
213,474,459,336,101,165,153,117
190,390,372,266,88,142,133,120
190,369,344,250,100,158,146,113
203,412,387,279,93,166,154,117
185,410,389,283,108,186,171,141
191,399,382,278,83,121,109,91
133,282,272,165,88,110,98,86
190,445,421,293,108,162,141,125
169,382,362,255,116,175,159,132
156,330,309,215,112,189,177,140
170,364,345,236,72,96,86,73
152,317,304,225,98,146,133,105
194,428,395,261,79,151,135,112
185,394,381,278,83,109,101,79
181,368,341,261,78,105,99,80
167,402,377,282,67,112,105,77
186,405,384,280,93,142,128,98
193,412,392,285,89,131,120,95
166,356,335,241,101,164,152,113
156,299,273,212,101,169,162,120
176,441,426,317,77,107,97,81
159,368,339,262,118,150,140,117
209,425,400,302,76,113,100,80
148,319,296,224,77,120,111,96
155,378,360,261,84,118,107,93
138,303,287,196,79,96,89,66
145,287,270,195,62,85,79,71
175,335,316,258,109,174,158,127
120,211,194,137,80,133,119,105
205,480,451,329,98,146,132,115
141,291,267,220,87,142,132,88
167,368,346,240,86,123,112,93
153,324,311,238,81,99,86,77
153,380,361,243,65,72,62,62
146,294,274,192,114,149,132,109
211,447,426,309,88,148,137,108
189,392,374,293,66,128,119,92
168,366,348,260,110,147,137,113
173,332,307,208,84,123,113,94
168,381,368,278,103,186,174,138
199,439,416,287,108,180,162,137
101,205,190,146,74,88,74,69
197,436,409,304,80,129,117,92
133,239,218,179,77,119,111,88
179,335,319,249,103,122,113,95
174,437,424,320,88,127,117,99
197,435,412,318,97,176,167,140
144,337,318,206,86,111,99,88
165,455,427,311,100,165,150,114
199,345,323,233,68,86,80,63
175,443,425,302,80,118,107,91
152,318,301,208,90,140,127,105
240,513,475,355,104,154,145,113
165,371,356,243,99,134,126,89
166,380,368,252,69,119,111,82
150,323,308,214,86,131,118,95
218,550,520,385,74,90,86,71
141,245,226,166,76,106,99,82
114,272,254,200,93,151,139,122
222,494,467,360,80,147,141,110
181,466,445,307,78,98,82,71
141,306,289,224,103,160,147,122
175,389,363,260,95,155,139,110
187,376,350,255,70,126,114,92
127,197,185,165,76,104,90,75
152,323,301,216,90,117,108,86
200,452,428,318,90,127,111,93
151,293,284,217,86,139,127,105
180,443,422,322,118,188,175,137
213,498,459,341,89,123,116,94
175,368,344,243,97,137,125,106
170,463,450,316,101,152,145,110
153,340,317,222,93,160,149,112
160,340,320,223,124,188,177,129
176,357,333,250,93,116,102,91
142,297,277,196,108,174,163,125
154,322,301,217,100,166,156,130
164,303,286,215,93,121,111,89
181,369,349,264,85,124,118,96
134,337,313,226,89,121,111,89
176,408,380,274,111,180,167,133
187,477,461,336,103,155,144,118
115,261,248,185,105,144,134,95
197,403,376,284,75,93,86,74
128,321,302,233,82,133,124,91
151,280,260,206,95,145,134,105
190,378,356,247,118,173,162,123
215,504,475,363,98,194,184,130
155,309,291,204,85,141,126,106
168,322,303,234,108,198,185,148
139,361,341,238,99,142,128,97
222,429,408,298,84,139,127,110
179,434,412,320,79,91,82,69
136,332,311,236,92,146,133,111
177,340,309,236,100,169,160,127
162,320,302,221,95,154,141,115
236,534,509,384,88,140,137,115
157,299,278,219,87,169,157,127
139,247,234,162,131,211,195,151
145,342,322,241,96,149,134,101
151,301,276,184,84,148,137,111
103,157,146,112,111,160,144,108
183,337,314,229,92,153,146,100
143,306,281,228,98,145,135,102
182,367,344,269,99,156,146,115
130,313,298,211,88,138,133,99
158,326,304,248,81,117,109,86
139,243,220,165,109,162,142,126
199,401,380,290,95,151,140,108
139,293,272,177,80,115,99,98
177,352,327,241,120,194,184,146
136,277,258,198,91,142,132,120
213,540,508,398,92,122,103,97
189,440,419,293,105,169,158,129
150,323,303,229,137,200,182,143
177,340,323,233,102,161,144,113
177,333,326,234,113,202,187,147
151,372,349,254,90,153,146,102
209,474,452,350,69,96,87,76
141,334,313,229,118,172,161,112
193,359,340,268,85,144,132,115
149,309,292,199,114,216,203,147
189,396,382,274,88,127,119,91
209,407,381,281,116,173,158,114
121,248,230,167,97,149,137,99
185,390,369,271,102,145,135,104
171,366,349,284,103,136,124,96
164,369,346,248,92,156,149,114
214,509,491,368,89,127,117,98
177,434,412,304,84,126,117,106
191,465,439,343,93,160,147,113
218,480,451,276,90,150,139,110
168,301,276,212,84,132,120,102
163,286,264,209,111,167,147,109
217,470,444,343,94,135,124,101
142,318,298,220,111,189,174,136
166,372,354,283,90,128,118,98
153,308,281,212,111,170,157,122
145,342,324,221,109,182,166,135
179,421,395,286,102,152,143,114
164,313,288,207,91,147,138,119
225,481,454,350,88,127,111,95
161,398,369,281,69,100,94,80
192,437,411,309,118,208,200,148
158,322,307,219,97,156,141,121
150,341,319,228,118,183,170,148
236,524,491,357,96,128,113,102
107,156,143,113,72,113,105,81
225,440,418,287,87,117,107,87
201,490,473,354,98,156,143,119
168,324,301,239,129,198,174,142
183,443,425,309,79,130,119,96
168,424,398,288,67,101,95,81
140,326,312,234,60,95,87,72
134,304,289,204,97,145,127,110
210,426,404,281,99,151,139,104
148,308,288,202,96,149,137,104
208,507,480,366,85,137,126,102
139,258,244,152,97,167,151,122
165,392,372,261,94,139,129,104
112,213,204,157,119,184,168,130
182,411,396,292,104,182,166,120
147,308,289,198,90,137,125,103
132,231,211,152,105,149,136,114
182,417,385,280,105,155,143,107
169,435,414,290,101,152,132,106
152,300,274,195,91,115,105,90
176,368,349,253,72,118,104,89
113,156,143,116,96,141,129,103
176,438,415,299,83,111,96,78
162,410,383,248,93,121,110,89
237,520,497,375,120,182,165,126
167,368,339,248,86,124,113,91
224,434,402,280,86,122,112,87
155,292,274,186,86,112,97,88
180,400,381,289,96,158,146,127
144,226,208,150,114,171,156,116
186,421,392,294,104,142,135,115
166,315,293,200,114,167,153,120
170,305,283,211,98,139,125,105
220,442,415,326,115,160,146,119
173,389,365,262,70,92,82,57
147,294,277,179,100,143,133,100
187,428,407,304,80,111,101,89
147,339,319,241,92,134,124,100
179,400,376,272,111,192,179,135
167,348,321,234,108,169,161,136
182,363,346,255,106,143,134,120
130,276,259,191,84,110,95,84
186,384,361,270,72,97,84,76
142,325,301,198,87,157,146,114
192,411,385,292,102,170,158,130
165,334,314,235,102,131,124,103
124,251,234,157,88,126,115,107
141,262,241,173,91,133,122,99
140,264,246,201,97,145,131,114
204,489,463,311,90,103,92,84
179,409,388,288,91,120,106,96
158,344,320,226,100,140,127,104
188,447,421,316,87,128,113,90
177,416,395,304,97,154,136,107
157,319,303,218,91,143,125,104
203,427,408,298,72,117,110,73
176,416,396,305,82,109,96,72
166,345,323,238,101,169,155,125
168,313,288,201,112,186,170,143
159,309,287,221,96,130,119,99
217,509,473,341,90,130,118,94
201,475,449,345,99,131,113,97
147,374,364,241,82,142,133,98
147,392,373,234,90,121,111,82
217,498,472,346,74,101,91,77
162,321,295,227,124,205,194,152
151,371,356,253,83,111,103,89
174,387,365,270,105,177,167,120
208,460,427,335,82,121,112,86
123,268,257,181,96,133,123,108
184,513,487,379,94,149,140,103
159,343,323,214,95,139,124,101
173,390,359,234,117,168,155,128
166,352,317,241,63,70,65,54
187,447,428,305,90,143,123,108
206,434,403,291,85,102,93,84
164,408,385,269,96,137,128,107
183,436,413,295,99,144,136,105
160,332,315,258,95,155,145,125
170,388,365,241,94,157,145,119
169,309,291,231,112,160,145,104
175,343,318,248,107,146,136,115
197,406,382,287,104,169,164,122
117,207,193,130,86,114,107,79
120,252,228,171,102,169,158,128
148,302,282,193,99,184,170,131
248,519,496,363,62,99,92,82
170,364,345,254,84,113,101,86
179,367,346,243,74,90,81,76
130,271,254,173,112,181,174,138
188,410,397,269,114,168,157,114
175,412,391,296,95,107,92,82
190,430,405,301,86,119,105,81
165,391,365,272,91,105,94,81
191,393,363,261,109,159,148,117
202,482,462,340,87,126,113,93
206,445,419,295,114,161,153,122
162,378,348,292,86,128,112,106
125,243,227,164,101,153,142,124
172,355,331,239,97,161,149,136
167,309,294,205,111,183,171,129
153,290,274,182,98,158,145,115
156,340,328,243,86,127,119,96
128,283,266,191,94,168,156,122
180,359,326,251,92,164,154,123
115,293,277,213,83,116,103,92
162,351,334,249,102,182,166,121
185,415,391,273,128,173,162,122
125,278,263,207,69,90,80,68
183,376,358,250,100,166,154,122
191,407,380,294,85,117,108,88
143,283,266,181,98,126,114,95
155,264,249,169,84,125,114,97
176,390,360,272,100,156,144,122
156,308,286,189,81,103,94,80
172,372,347,259,108,187,178,132
227,510,478,355,73,90,81,79
148,308,289,220,106,162,151,125
131,309,287,205,79,95,87,83
117,249,234,168,113,169,160,131
201,371,344,249,118,164,148,124
162,314,293,233,92,141,131,109
144,252,236,186,88,130,121,95
139,264,247,158,85,154,143,111
164,407,393,282,108,126,109,91
200,440,410,331,100,181,171,143
225,534,514,376,110,177,166,127
177,352,329,245,68,104,98,72
119,258,249,172,91,177,163,140
152,399,371,276,115,159,148,122
178,482,456,334,112,190,179,148
122,250,235,173,101,135,119,104
227,439,416,337,99,147,138,107
136,270,257,194,76,107,96,91
232,593,566,434,89,113,99,85
217,397,376,306,101,164,152,122
147,313,291,214,101,177,167,126
180,426,396,273,82,102,97,81
179,439,417,278,91,121,112,90
168,374,347,278,91,119,100,91
198,453,428,313,100,164,152,109
166,333,312,221,80,108,101,93
243,507,474,372,115,176,156,117
154,304,289,204,92,139,130,111
176,390,373,264,96,160,143,120
210,479,459,365,88,103,90,89
197,386,362,259,84,116,106,91
164,293,267,192,81,137,126,106
128,279,268,188,79,117,107,93
151,343,322,247,101,110,102,80
211,488,472,367,101,179,163,138
203,459,438,332,98,154,142,118
153,348,331,258,112,180,165,129
125,265,250,194,95,153,143,115
147,303,289,190,94,126,113,101
183,432,404,280,116,180,176,146
180,423,406,304,91,118,106,93
110,199,180,131,95,167,157,135
174,388,375,266,72,90,82,75
189,449,424,324,89,150,144,120
141,318,299,223,82,99,84,84
213,480,453,330,86,128,118,96
223,530,500,363,120,186,170,140
178,422,391,305,84,119,111,95
181,429,404,301,92,119,106,93
165,323,292,233,106,158,145,118
240,557,525,363,90,150,134,106
144,319,299,221,99,124,113,91
210,505,475,373,93,112,96,75
189,400,382,296,92,134,117,99
202,467,448,319,116,203,186,153
164,312,286,205,83,135,126,101
176,347,328,225,86,127,119,99
156,302,279,198,73,107,100,82
163,357,337,259,105,138,124,103
120,220,201,156,82,117,107,90
229,519,492,356,120,180,163,141
170,430,404,301,97,169,152,133
157,343,322,241,90,152,143,108
166,300,283,218,123,173,160,131
166,298,276,208,114,185,170,143
240,548,517,376,85,146,138,108
149,317,289,209,127,222,206,154
164,335,302,236,105,154,149,104
145,257,235,180,85,99,89,74
180,403,383,296,88,139,124,112
187,383,356,277,68,100,91,74
186,423,394,309,85,123,108,86
179,386,369,245,97,136,123,104
169,336,311,228,80,121,111,74
175,350,321,245,106,157,144,108
200,421,404,286,100,155,142,114
140,326,307,221,130,210,190,151
185,341,316,242,87,136,128,97
159,324,310,214,97,131,120,96
184,386,367,269,80,109,103,85
148,315,299,226,69,101,87,79
166,384,363,285,107,172,155,127
203,401,367,259,89,137,130,83
195,470,438,314,100,135,121,97
139,288,270,175,97,162,150,118
139,294,275,199,84,125,110,96
186,375,349,262,82,140,129,105
167,375,358,244,74,111,101,84
180,399,375,263,119,172,157,133
158,341,324,218,85,143,135,109
162,375,354,251,115,183,170,138
119,221,207,158,114,170,153,128
197,497,466,344,112,176,158,126
174,423,402,309,96,156,136,123
198,413,397,297,100,125,111,94
171,383,368,275,114,197,185,141
152,297,280,190,75,107,97,84
186,495,472,354,109,184,168,139
160,358,335,231,115,156,142,126
144,304,288,191,99,152,139,110
207,380,357,247,116,154,142,119
171,394,373,265,106,147,138,105
156,256,244,184,71,113,108,82
144,275,257,190,100,169,160,137
144,302,280,216,97,132,121,97
184,418,393,270,86,142,134,112
192,447,427,297,81,105,98,77
153,328,307,226,82,105,89,75
137,304,288,185,87,121,110,95
206,480,456,356,99,161,149,114
141,336,311,241,74,104,94,90
187,369,347,252,93,151,138,107
173,325,303,222,92,151,135,115
148,341,327,217,91,121,114,88
200,466,442,323,86,113,103,80
177,353,331,224,98,150,139,121
166,375,355,246,110,164,153,132
222,512,482,340,88,138,125,92
168,356,326,265,100,133,116,107
161,350,325,261,94,147,136,116
148,331,314,228,101,137,123,108
200,495,476,350,81,113,105,90
183,387,363,253,118,185,170,133
211,440,413,304,91,124,113,104
182,423,410,297,86,123,106,90
144,290,273,198,89,125,115,89
173,452,435,341,96,152,140,120
193,389,363,269,85,117,104,86
187,379,347,267,93,123,112,102
234,528,500,397,71,96,86,67
137,249,227,153,108,150,135,115
155,255,235,172,108,180,167,131
157,331,317,230,88,119,111,98
146,278,258,205,71,82,73,63
205,494,468,332,77,116,100,84
192,478,443,314,100,176,162,118
188,431,408,338,89,115,107,80
208,462,445,308,89,121,113,88
176,353,342,244,108,174,156,128
