111,251,234,161,92,149,146,108
193,384,358,273,71,107,96,77
141,309,292,206,94,127,117,94
135,304,286,193,108,162,145,113
179,427,410,286,95,146,138,109
146,333,314,238,96,150,135,114
152,338,313,247,82,169,161,124
170,330,320,237,107,161,150,120
154,339,314,239,97,168,157,128
166,360,340,259,121,168,151,118
150,272,256,192,90,111,107,82
148,291,268,199,92,136,127,92
139,248,234,181,95,155,146,112
170,406,385,283,102,189,178,139
107,196,177,149,92,161,153,120
172,324,304,205,102,169,155,130
123,260,243,168,88,117,107,90
205,436,411,297,73,106,99,85
159,262,247,179,96,162,150,120
156,288,266,173,95,144,136,107
138,298,279,191,128,197,183,146
156,303,281,226,86,131,121,106
229,461,437,324,91,118,103,87
122,256,242,161,81,118,105,94
160,281,259,185,84,129,123,91
181,355,327,252,86,116,108,84
135,261,243,203,110,184,173,133
159,318,292,207,83,125,117,89
168,356,335,256,111,177,167,121
190,402,387,278,118,197,181,150
120,265,245,190,85,162,152,126
173,429,413,300,110,165,148,111
180,389,366,285,111,198,186,143
145,276,260,184,116,190,176,129
133,247,229,170,89,168,159,118
231,497,468,369,112,167,150,117
162,355,335,249,110,207,195,154
163,345,332,260,89,117,107,79
137,220,204,153,105,170,164,122
127,248,234,172,106,179,166,129
133,221,206,146,79,86,81,70
227,510,479,353,68,94,87,76
160,325,307,206,109,189,176,149
177,390,366,257,100,144,131,112
178,390,377,285,101,180,163,132
162,408,387,279,103,155,143,116
154,410,395,284,98,165,155,121
231,459,430,305,88,135,123,105
154,259,247,199,145,193,175,146
183,394,370,279,92,113,105,87
155,312,299,225,87,125,114,93
156,274,250,197,126,214,198,150
210,468,444,344,73,128,115,92
201,451,424,306,95,156,148,113
161,309,289,203,100,183,172,129
149,255,234,171,90,155,146,115
206,379,355,252,103,170,154,120
153,305,283,201,112,199,181,135
190,439,422,295,83,130,122,97
135,280,266,209,121,217,198,157
134,280,268,190,91,116,107,90
164,290,273,206,116,178,165,126
183,458,431,314,89,158,148,110
153,282,262,204,107,156,149,110
171,286,274,185,99,166,158,130
136,266,254,186,119,202,188,141
127,240,222,163,70,91,84,69
182,342,325,216,96,140,130,110
158,265,247,190,95,130,119,96
116,243,230,167,120,229,219,178
113,217,211,149,102,159,150,113
139,202,187,140,109,168,151,118
199,383,359,243,112,154,145,120
125,235,223,153,106,207,191,150
158,343,319,245,130,232,220,158
161,226,206,163,95,127,118,94
170,376,358,245,91,152,143,105
191,404,389,267,93,122,113,89
171,367,340,244,108,178,162,129
147,268,247,177,95,118,105,84
179,377,352,278,87,147,139,107
170,338,319,248,84,136,127,110
145,261,242,192,112,181,168,138
186,401,385,286,100,139,125,99
180,407,381,291,105,178,167,120
221,414,396,293,86,135,126,98
149,319,295,229,92,142,129,92
67,141,133,92,74,115,107,93
138,349,329,255,92,148,138,100
154,304,285,210,94,207,195,150
147,310,291,200,97,117,104,89
137,289,283,200,88,135,125,109
194,417,391,289,84,124,115,95
202,457,441,306,106,179,170,151
156,300,279,210,133,281,260,210
165,293,269,183,95,158,150,114
141,326,304,238,133,213,198,154
231,505,486,364,92,166,152,133
139,346,321,246,91,128,117,97
103,231,216,169,108,178,167,134
110,234,221,160,95,137,130,99
214,473,452,349,128,228,212,156
161,337,322,246,91,167,155,113
156,313,292,226,96,138,124,89
175,320,294,210,108,192,185,147
143,279,264,202,71,81,74,62
86,143,137,87,128,230,215,176
154,307,289,233,131,200,182,140
186,339,317,245,87,137,129,98
171,335,308,235,86,112,103,81
162,254,238,177,126,209,198,160
102,171,156,104,90,144,137,112
160,340,323,220,102,163,157,132
173,388,371,266,116,168,160,121
189,408,381,284,97,139,127,110
178,333,318,236,93,144,134,110
152,292,275,194,75,147,144,109
188,413,393,297,128,188,182,141
115,196,181,142,89,132,120,97
156,286,266,202,92,153,145,102
154,280,270,211,95,118,107,82
209,429,411,297,128,202,192,149
109,222,210,133,90,151,142,113
128,201,181,142,92,175,165,122
113,183,163,127,88,137,126,109
194,395,373,257,94,187,176,146
210,452,418,326,88,165,157,125
143,305,289,200,97,144,130,107
107,211,200,129,151,236,216,160
184,345,326,241,94,180,174,128
211,446,426,337,103,173,167,135
196,485,462,340,92,157,142,105
149,334,313,231,103,149,137,101
138,283,265,172,91,118,108,85
161,323,303,242,98,149,141,109
141,260,249,166,75,107,99,79
169,329,317,253,105,159,145,126
141,267,245,190,128,207,189,144
141,273,257,192,95,142,133,106
162,325,307,219,101,158,150,114
175,369,344,235,77,93,84,69
156,340,323,242,91,151,140,114
185,357,328,232,110,190,177,139
138,254,237,163,99,170,158,124
144,320,311,215,103,150,141,107
189,462,449,313,146,213,200,141
185,384,361,284,94,150,139,109
134,308,285,230,84,124,111,91
183,358,340,258,119,203,192,142
117,214,200,150,78,129,125,94
164,296,273,198,119,207,197,151
131,228,209,164,121,197,188,134
138,270,252,173,95,156,143,113
149,297,282,205,126,213,201,158
164,388,372,276,115,250,239,166
202,442,414,324,87,106,93,85
197,445,417,321,131,220,207,149
163,266,247,181,89,146,135,110
158,273,259,183,78,129,118,94
172,352,331,223,119,175,167,128
159,288,272,208,87,125,116,95
148,272,254,189,87,151,146,101
100,195,176,136,82,124,111,97
146,263,245,187,97,198,182,134
151,349,325,225,119,252,240,167
163,355,338,266,90,134,131,100
134,226,211,151,129,250,236,187
146,289,272,206,108,181,163,131
175,389,372,247,86,141,130,109
197,368,345,282,123,214,205,148
180,405,388,262,90,134,116,98
133,242,228,171,98,176,166,128
157,334,306,227,102,149,137,109
153,347,327,244,111,180,168,130
218,495,472,325,127,216,208,147
160,338,317,241,106,159,146,111
94,188,181,142,109,190,175,146
141,323,304,211,79,103,95,75
151,295,279,217,99,152,142,123
159,325,309,227,100,181,172,132
164,370,356,245,89,145,139,101
153,355,344,243,103,187,169,152
162,364,347,259,112,159,150,105
180,353,329,244,97,186,171,137
151,315,304,219,95,110,94,76
151,356,337,253,90,130,123,98
187,433,409,291,100,126,116,103
144,265,235,171,127,225,216,146
170,364,347,256,84,154,142,119
135,263,246,201,79,135,124,114
183,447,425,324,90,157,141,117
124,244,231,170,101,150,135,104
221,549,531,401,95,166,156,122
225,451,433,307,83,123,109,85
166,341,320,250,75,104,95,83
96,156,147,128,81,98,89,74
196,460,434,324,91,139,124,110
193,355,338,266,146,287,269,202
142,250,232,179,99,159,151,106
150,366,346,242,108,213,199,145
168,295,271,212,128,197,185,153
150,294,276,198,129,202,188,149
199,449,427,321,108,153,145,108
183,359,340,255,140,281,267,202
162,308,294,241,92,158,147,128
147,290,277,208,100,136,126,98
133,248,223,159,127,196,188,151
188,395,383,289,91,141,126,104
162,309,291,218,109,184,174,132
115,216,202,159,124,186,177,130
155,294,274,203,77,120,112,95
171,395,379,290,86,119,108,87
147,249,228,182,111,206,194,164
193,412,388,314,118,245,234,193
157,287,262,203,76,90,82,66
149,290,273,188,108,181,169,121
185,413,390,272,110,216,198,158
205,475,450,364,122,218,202,150
168,417,396,289,61,79,75,58
176,397,378,284,109,183,167,137
164,366,349,261,76,99,87,78
138,239,226,164,87,114,105,84
158,345,322,227,99,134,118,93
165,347,319,241,101,134,119,96
212,507,483,363,100,127,115,84
172,442,420,281,87,125,115,88
148,315,296,237,110,180,163,132
177,409,381,286,124,208,188,142
174,378,361,249,90,151,142,111
166,401,376,286,97,142,134,105
142,316,299,230,101,171,159,133
166,362,344,247,123,181,163,132
139,310,291,219,109,163,147,123
164,322,310,233,94,131,122,87
204,372,345,264,114,211,200,154
138,332,314,217,89,128,117,88
142,268,254,183,115,177,163,123
182,349,331,255,86,121,111,89
174,399,376,275,83,100,91,83
157,342,321,227,89,180,168,130
202,469,440,337,124,212,194,167
111,198,184,133,118,177,165,120
173,324,311,238,95,148,136,108
167,343,315,226,86,130,120,93
176,343,319,234,89,134,121,92
111,168,154,120,125,188,171,132
138,321,306,218,114,168,161,124
176,392,371,266,94,136,128,101
153,298,278,206,91,158,147,120
167,284,273,203,91,163,148,128
89,172,159,122,100,169,161,125
207,443,413,327,119,215,201,159
222,530,503,383,93,144,132,114
170,393,370,258,97,190,180,137
177,391,369,260,119,181,170,133
119,202,185,142,112,176,167,127
120,206,192,145,104,181,174,134
170,431,413,281,92,152,135,111
178,310,292,211,86,155,143,101
153,358,342,248,110,200,193,148
185,350,330,240,131,207,187,149
170,295,283,210,84,165,157,126
199,416,397,300,100,147,133,97
182,323,304,222,90,139,133,98
173,338,321,232,95,160,148,117
141,295,271,224,127,224,210,170
188,391,366,282,82,151,140,127
173,315,291,210,104,184,170,137
144,300,286,226,128,248,235,185
130,225,212,149,78,168,158,118
171,381,352,249,95,141,131,91
139,244,229,152,94,128,118,94
184,444,429,311,102,187,176,139
179,409,391,287,100,136,126,104
145,280,266,174,96,177,163,124
151,356,343,275,83,129,119,96
192,382,368,271,101,167,157,113
148,300,280,218,97,147,137,99
141,288,269,210,95,150,141,121
136,289,274,202,101,176,167,133
121,220,211,154,102,144,137,103
170,381,362,267,98,163,155,114
119,210,195,124,89,138,126,117
124,229,219,154,97,177,162,117
171,389,370,277,99,137,126,104
158,305,274,219,88,149,140,101
151,244,228,172,118,174,160,130
135,222,206,152,99,148,132,109
147,330,308,248,119,210,195,148
142,242,224,172,113,165,160,122
193,368,347,252,68,94,88,66
159,395,382,290,99,148,139,107
118,244,232,184,85,118,104,86
164,318,304,204,87,182,170,133
193,351,332,226,132,209,191,141
223,450,428,329,125,235,225,159
171,310,290,225,76,119,107,83
153,411,393,295,120,177,163,128
150,291,275,193,113,176,159,127
224,461,434,320,121,196,178,150
156,278,268,201,106,137,122,96
119,238,224,168,68,131,125,93
203,392,370,272,88,144,137,106
100,156,143,105,109,191,173,142
126,222,209,165,92,147,140,109
179,435,411,303,97,136,126,103
198,372,347,262,115,212,203,146
126,240,226,175,102,156,147,109
176,398,381,250,96,128,118,97
122,252,232,165,76,114,105,90
200,365,345,229,98,133,126,96
139,291,274,189,84,123,118,96
204,487,466,354,98,132,119,91
219,469,446,335,88,103,95,72
202,502,478,365,89,128,121,100
131,261,243,176,70,92,85,74
223,415,397,313,79,125,117,99
176,394,364,281,92,161,150,110
175,273,255,198,98,142,130,99
173,344,323,251,102,167,156,129
181,365,336,246,62,100,90,79
168,315,299,224,118,163,158,118
211,409,387,282,93,139,130,96
136,243,222,160,101,173,162,105
225,518,482,382,90,159,154,118
215,450,425,323,112,213,203,169
151,310,295,216,92,134,124,101
144,327,310,226,84,150,139,112
145,264,242,169,88,125,118,94
184,405,381,288,99,157,148,125
190,381,359,282,80,122,116,93
117,283,268,190,97,159,147,112
130,283,265,199,78,125,113,88
162,357,333,240,98,148,137,107
176,287,267,188,101,164,151,115
117,200,181,147,84,131,125,91
134,277,260,199,96,145,138,101
162,308,295,197,117,137,122,110
157,360,341,264,87,146,139,113
142,252,235,180,106,178,164,143
165,331,315,223,91,117,106,90
149,320,308,235,81,144,136,105
103,182,170,108,95,165,150,113
137,254,241,180,98,150,137,111
168,344,323,221,100,163,152,119
151,328,309,224,95,150,144,105
140,235,217,174,110,175,165,126
185,425,404,298,86,123,111,90
169,342,321,244,117,196,179,142
163,366,350,255,103,148,137,108
185,441,421,285,114,163,148,113
135,252,238,160,114,185,163,147
148,281,259,197,68,104,95,79
111,219,203,139,83,110,98,83
134,236,229,177,117,176,164,118
160,325,306,224,114,181,170,124
141,294,277,207,94,159,150,112
198,446,430,312,92,166,154,116
161,323,310,242,104,171,163,124
152,341,319,253,82,116,105,91
139,346,336,250,130,275,261,204
140,236,226,180,95,167,163,118
167,379,355,255,113,211,194,154
237,562,535,375,85,141,131,107
181,341,322,242,112,209,201,135
137,319,305,234,105,200,185,140
207,537,514,371,126,248,232,174
101,206,192,134,126,205,190,158
160,374,353,256,107,147,133,99
159,304,287,241,89,164,156,124
158,340,321,262,95,153,136,103
232,460,439,308,83,120,110,92
199,445,420,310,107,169,158,117
136,275,259,176,99,160,149,113
131,281,264,194,90,158,148,120
120,211,194,152,137,215,203,146
216,404,381,281,107,203,191,143
189,315,292,215,114,176,156,126
147,257,239,165,105,143,132,115
154,263,248,188,101,164,155,131
166,309,287,227,118,214,202,147
195,418,398,284,94,115,102,85
244,515,483,373,112,211,199,155
125,216,205,158,86,132,118,106
152,342,323,228,109,172,161,118
174,301,284,221,91,164,155,110
122,217,194,135,78,118,106,85
179,351,335,235,93,135,125,97
186,394,375,259,112,161,148,116
174,394,381,265,103,183,174,120
154,318,298,223,115,183,168,124
152,282,264,180,127,217,201,165
142,247,228,163,122,178,169,135
160,294,282,223,110,176,157,116
108,261,250,167,134,275,262,202
143,288,272,214,92,172,162,132
100,206,189,132,135,242,227,178
184,363,342,249,108,142,129,95
130,274,256,209,88,127,117,88
141,254,246,190,109,196,186,152
129,257,242,184,105,168,158,124
175,389,363,274,93,108,100,81
135,243,228,168,99,171,159,127
163,355,337,251,120,193,180,137
92,196,187,125,94,134,123,90
211,478,456,333,88,123,114,79
127,250,225,177,107,170,162,133
132,231,216,168,112,186,174,138
130,239,229,166,83,142,131,107
132,254,247,183,98,162,153,112
134,287,267,197,99,154,138,116
131,240,218,154,98,158,142,121
225,476,448,339,130,250,231,175
147,280,258,181,82,118,109,95
179,335,316,234,108,168,161,108
159,353,341,288,83,130,122,108
189,453,429,305,80,147,137,101
179,373,352,252,91,120,112,90
160,334,313,210,92,127,119,106
145,325,310,230,88,112,103,85
141,341,333,252,113,188,181,140
100,188,175,121,124,225,210,180
150,371,355,252,146,247,227,175
124,224,205,154,102,156,145,114
148,336,324,241,98,142,128,103
173,345,318,256,105,192,178,149
125,212,199,145,98,147,140,110
152,382,366,292,75,97,91,70
154,310,291,239,105,159,143,117
194,448,424,298,88,131,118,93
173,387,365,278,80,104,96,84
115,212,203,162,96,148,136,98
188,400,380,277,87,143,129,104
174,374,354,285,88,126,119,93
218,507,480,348,127,190,171,133
132,268,248,179,81,94,81,74
168,362,343,278,109,163,152,112
166,353,340,258,111,219,205,151
192,483,453,330,101,162,149,120
129,258,238,168,96,120,108,94
169,357,339,266,136,209,196,149
170,380,361,277,89,130,116,97
177,359,335,248,138,256,237,199
149,301,283,223,88,110,96,80
144,293,272,186,104,168,153,133
259,610,580,417,105,160,151,107
243,569,546,427,83,158,146,95
195,419,393,286,116,230,210,180
243,468,437,324,81,147,140,108
220,471,457,311,126,193,181,147
170,328,310,226,114,154,136,115
161,297,278,212,116,219,211,163
183,460,437,305,107,186,172,134
208,393,377,294,104,165,158,109
193,451,427,324,131,230,214,158
134,279,269,178,100,189,180,142
198,414,387,276,110,182,167,117
151,270,259,197,121,188,174,145
135,243,227,172,88,154,142,111
182,307,290,208,87,151,141,105
174,336,317,222,114,199,183,156
181,312,304,231,109,190,178,145
174,361,345,256,99,175,166,135
147,344,330,276,113,158,145,109
163,274,260,195,95,116,108,93
92,201,187,136,94,147,130,106
207,426,401,292,103,158,145,115
122,290,267,184,90,125,115,94
182,381,361,264,84,152,141,111
203,438,419,344,103,146,134,118
208,419,403,289,70,138,129,104
138,276,267,178,98,135,125,104
198,424,403,317,75,137,126,102
170,303,291,220,94,145,134,110
181,401,377,295,99,154,142,113
123,229,217,165,80,126,114,92
197,377,362,232,93,162,152,109
210,492,470,363,95,134,125,99
169,327,307,216,90,137,131,108
162,383,368,269,83,165,153,114
149,310,296,233,83,161,153,121
171,299,284,196,136,230,219,166
147,268,250,176,112,174,162,119
193,389,355,255,99,155,149,119
160,337,318,223,88,150,146,105
105,192,186,141,103,157,145,118
129,221,198,157,92,107,92,76
169,304,281,212,110,190,178,125
159,332,311,240,77,94,86,76
143,304,285,212,80,122,115,93
185,392,378,263,85,114,108,83
146,306,286,231,100,175,168,111
174,363,344,242,120,161,148,122
119,205,192,158,83,146,135,101
149,265,241,191,130,241,230,189
150,296,279,198,104,141,132,92
160,380,358,252,93,149,142,104
165,310,288,218,105,190,176,148
198,404,376,293,120,227,215,160
137,316,297,207,117,199,192,148
147,268,253,193,78,105,97,82
167,353,326,215,102,156,147,119
145,313,302,235,87,150,137,117
140,199,191,140,95,145,132,99
118,239,225,179,122,199,181,142
115,196,184,128,84,101,97,74
196,379,359,262,117,182,170,122
181,322,293,233,112,204,192,148
209,429,393,271,137,229,220,175
167,348,334,273,94,114,102,76
169,393,379,281,103,167,157,126
104,180,169,139,88,127,121,98
123,261,249,192,68,103,91,79
115,181,171,137,85,153,138,126
162,357,343,242,148,231,213,145
174,399,378,301,119,216,203,152
137,245,226,169,114,177,165,122
218,478,447,325,85,137,124,98
175,384,369,295,100,134,130,100
178,348,335,232,99,161,149,111
150,274,258,163,98,179,172,144
147,236,218,161,104,166,153,130
170,406,383,280,104,171,163,124
172,288,269,200,112,183,172,136
92,163,155,118,105,164,149,119
160,350,332,246,84,117,110,76
140,269,256,171,116,175,167,130
160,302,285,195,59,130,123,88
160,287,267,191,91,110,95,79
118,218,209,149,91,120,108,90
195,460,433,302,102,160,145,119
171,394,379,278,87,152,142,126
152,335,313,227,91,123,113,89
157,296,277,191,91,144,134,101
169,367,347,276,92,141,130,98
110,205,193,148,112,151,143,106
145,300,284,212,100,178,170,123
145,274,255,188,112,173,159,132
164,426,395,318,106,167,159,114
128,291,269,206,71,92,79,74
190,387,359,270,104,154,146,112
115,254,234,171,67,111,103,86
152,316,304,238,105,171,156,112
147,300,283,197,108,172,167,119
156,340,324,238,101,136,127,96
119,200,185,139,105,142,137,111
131,271,259,191,135,253,245,196
218,458,437,324,91,126,116,89
208,501,478,341,125,224,216,164
224,443,424,327,132,204,189,135
134,249,237,166,131,279,256,187
114,275,263,207,101,180,170,126
121,198,187,139,109,198,185,150
112,261,241,184,117,182,171,132
177,381,363,278,122,226,211,148
181,463,450,313,125,213,197,153
147,282,255,195,84,156,150,119
160,358,340,271,112,181,170,129
188,425,399,300,115,150,133,111
155,331,315,218,82,125,118,90
154,282,262,194,99,139,133,104
165,347,326,250,107,201,191,142
174,328,310,233,81,94,84,72
219,443,428,309,141,257,246,173
179,464,447,350,130,227,213,166
138,257,244,167,103,174,159,129
140,279,261,200,122,211,201,156
166,341,318,214,143,241,225,173
154,298,286,218,109,214,196,154
188,370,346,263,89,145,135,123
178,328,300,222,96,125,114,89
145,226,209,153,123,180,158,124
149,237,215,171,88,109,99,88
162,359,335,237,131,230,214,164
171,417,401,287,76,146,133,95
203,420,401,305,99,166,149,115
231,491,464,338,91,160,154,124
122,268,248,204,67,95,90,75
142,314,296,238,111,165,148,124
227,422,397,274,68,105,96,83
124,219,205,143,99,164,151,102
185,341,322,233,79,109,96,83
157,262,244,192,91,164,154,135
162,326,307,241,130,194,174,130
172,333,310,250,112,189,180,118
180,452,427,324,121,177,168,131
154,309,289,223,66,82,77,61
135,297,280,197,113,190,181,141
174,344,321,248,80,108,93,79
145,269,251,173,120,222,204,151
237,550,527,400,79,114,105,80
179,387,367,267,124,213,192,158
166,372,348,256,61,102,98,66
176,448,430,319,112,235,221,172
104,203,200,148,100,159,142,112
201,441,416,318,108,140,127,95
174,353,330,242,113,173,161,123
158,359,342,237,88,136,121,101
210,466,442,334,112,212,199,160
208,476,453,354,79,124,117,98
217,412,390,295,103,166,160,121
159,320,301,205,82,139,127,104
169,362,336,251,99,144,129,107
170,331,307,219,81,127,114,94
126,207,197,137,96,158,144,119
154,330,316,238,113,175,165,127
151,334,315,228,104,175,164,125
155,303,294,212,78,122,112,91
121,218,204,162,105,199,185,147
184,363,338,257,105,196,186,150
214,449,415,315,99,152,142,112
91,158,144,108,88,140,133,97
202,446,430,293,98,176,161,131
154,306,293,217,101,147,134,104
175,379,360,289,100,175,164,131
203,509,489,370,102,184,175,133
157,278,259,194,108,224,207,169
179,343,321,226,80,138,126,97
99,230,214,146,69,93,82,75
178,300,287,207,95,124,109,89
130,294,277,209,107,170,160,128
162,328,311,230,94,152,139,98
155,302,286,218,70,116,105,89
192,319,293,213,103,171,161,124
172,385,364,288,80,130,123,97
181,373,354,274,92,142,132,113
155,306,290,214,87,129,117,94
211,425,403,296,98,216,207,163
193,405,387,296,125,189,171,138
208,457,432,338,87,131,117,93
161,335,320,249,75,130,123,100
160,262,241,172,118,158,145,121
194,464,438,339,100,153,140,105
201,387,368,250,63,108,96,91
195,491,471,349,94,171,160,130
139,296,282,210,121,200,189,145
162,378,358,249,93,169,162,128
123,231,221,193,110,174,166,132
150,314,295,229,92,139,130,92
169,380,353,249,110,252,239,183
168,379,357,252,117,158,145,109
134,254,238,174,107,184,178,147
120,226,210,158,119,181,168,146
115,205,197,146,77,98,84,82
135,240,227,158,80,126,118,105
112,218,207,147,111,172,162,131
200,480,458,340,113,164,151,128
177,344,328,257,111,213,207,156
167,352,335,255,76,142,131,117
141,270,260,194,132,211,188,145
133,246,226,169,84,124,111,84
156,328,313,202,104,164,154,122
150,286,273,186,86,134,120,95
197,387,367,268,78,123,115,90
162,291,272,208,99,171,158,127
128,244,227,174,92,135,127,111
160,306,288,211,135,282,269,213
101,175,164,133,84,144,130,111
177,331,308,239,138,225,206,162
226,533,507,369,96,137,128,107
144,294,278,197,101,144,133,113
193,419,400,273,79,105,97,77
139,301,290,226,123,199,185,149
180,404,374,276,100,121,114,92
192,423,402,306,85,129,118,101
199,416,399,294,84,147,136,111
179,424,405,291,94,170,162,128
185,345,330,257,72,111,107,86
180,356,339,249,104,134,119,96
153,312,291,200,81,133,123,98
213,471,448,333,74,116,104,90
148,329,305,228,136,245,232,171
206,435,410,311,110,264,249,183
141,234,220,165,105,138,129,103
227,544,521,397,88,125,114,98
153,314,284,220,98,181,169,131
198,447,422,305,90,132,122,92
210,435,407,316,90,142,134,107
217,467,447,308,91,132,124,92
199,368,348,278,107,177,169,123
119,203,190,141,103,179,169,134
181,356,328,232,95,129,116,96
130,304,290,220,114,141,130,100
141,298,284,196,96,152,141,115
127,197,185,134,101,182,169,140
141,308,282,211,89,124,112,97
156,302,292,220,87,125,114,93
175,425,406,289,101,188,171,116
161,298,279,212,106,179,159,135
209,476,453,339,90,150,135,104
75,138,129,99,115,164,157,125
160,315,301,213,105,156,145,124
146,307,284,210,84,130,120,103
176,398,383,301,81,122,116,94
113,148,136,109,105,177,164,139
138,302,290,214,116,202,184,162
131,253,231,181,102,147,141,106
149,295,278,215,76,100,88,74
127,224,213,156,122,250,241,197
174,402,386,288,88,147,138,98
138,240,225,177,90,118,105,90
147,298,277,197,88,150,136,108
136,253,241,170,92,159,154,122
105,161,156,112,94,152,143,106
211,492,468,358,95,184,169,134
115,282,266,178,98,175,164,130
194,407,387,287,113,163,150,116
190,382,359,256,101,147,138,101
116,214,196,156,100,158,147,116
189,401,378,292,118,171,165,116
232,491,467,351,100,185,171,124
179,358,334,236,94,155,142,122
182,381,367,280,87,125,119,101
201,461,431,326,94,152,138,112
171,372,346,250,84,129,118,93
130,263,254,194,94,120,108,88
122,273,259,185,146,270,247,184
174,407,386,292,106,181,173,138
223,407,386,270,87,149,141,110
153,359,342,259,109,180,165,119
121,245,231,158,106,170,156,136
162,284,276,214,96,139,135,104
130,283,265,188,88,121,108,86
163,341,326,238,84,119,107,90
125,250,232,162,91,174,164,128
170,289,266,209,118,177,160,128
155,241,223,171,141,217,208,170
213,408,391,268,106,154,138,115
187,415,397,290,99,138,124,85
183,398,373,274,108,161,148,116
197,418,401,287,103,166,154,116
151,328,310,234,107,174,162,113
126,278,263,197,88,133,127,96
176,366,344,234,111,181,167,118
191,437,415,311,101,145,135,101
205,377,352,260,96,160,150,109
171,331,316,233,106,221,209,163
147,335,319,247,91,169,160,126
214,499,484,367,109,142,130,100
201,446,418,308,110,156,145,103
194,376,348,244,109,163,154,119
167,321,297,212,98,124,115,90
259,620,587,448,112,203,194,134
200,487,470,332,102,167,157,120
132,251,239,199,52,74,68,51
212,473,445,314,90,154,144,98
124,317,297,199,83,109,96,78
172,460,440,331,111,237,226,182
179,463,436,309,91,144,137,113
152,308,285,197,90,158,148,123
146,301,282,220,101,182,164,134
145,306,284,204,115,191,175,120
135,289,274,189,108,189,180,140
165,329,306,212,105,189,180,130
134,264,246,158,108,166,161,106
177,424,406,323,107,162,152,114
191,401,384,287,133,235,225,161
138,323,294,231,85,126,113,99
217,457,441,341,73,107,102,78
182,430,412,318,88,116,106,86
209,388,362,291,92,165,154,124
193,491,468,343,124,187,179,125
140,267,251,179,101,159,148,119
164,364,350,285,95,175,163,125
227,418,394,297,107,195,188,145
147,316,301,232,105,140,131,107
193,452,434,293,80,110,99,86
131,265,254,197,131,226,204,170
104,200,187,139,110,183,172,124
145,285,278,197,105,173,158,126
124,235,220,163,112,154,139,110
152,334,318,242,120,192,175,130
171,351,325,238,81,122,113,89
191,373,349,260,104,178,164,126
201,409,386,280,91,165,154,129
130,263,248,173,111,215,200,152
223,481,452,320,90,138,131,105
151,267,253,177,114,165,154,122
153,296,281,213,119,170,156,123
241,484,453,329,101,173,156,120
153,316,302,211,107,155,144,120
158,287,273,211,94,132,123,94
200,419,391,265,100,166,155,108
157,313,291,240,110,169,158,124
148,242,224,165,110,163,151,123
137,228,214,177,120,189,182,139
121,257,247,185,96,191,179,139
158,290,265,210,70,122,112,93
148,309,292,222,121,189,179,140
151,294,279,208,100,167,151,117
140,292,276,195,75,130,123,93
150,326,315,245,85,151,144,110
185,385,366,276,106,155,142,109
127,239,223,161,103,161,146,110
136,229,215,170,109,139,130,100
186,383,358,265,87,130,120,91
196,385,356,253,104,148,136,111
164,360,340,263,104,145,134,100
133,288,274,208,68,92,83,66
148,275,258,201,78,93,81,66
167,394,374,251,109,184,169,134
195,419,390,292,91,125,115,95
216,499,468,355,89,118,106,88
176,417,397,315,119,195,184,148
120,240,225,169,97,151,139,101
162,389,374,259,88,127,115,91
186,381,364,265,112,209,202,163
172,344,325,223,114,201,177,136
218,485,458,350,97,151,145,115
98,190,174,121,76,122,118,84
163,296,281,201,108,200,188,132
158,323,301,218,115,180,171,142
155,301,282,192,86,104,90,82
167,369,346,259,87,156,151,111
204,503,472,349,108,158,144,116
152,287,270,205,97,139,131,100
155,269,254,187,98,155,143,108
156,325,309,218,105,152,140,113
165,341,324,251,82,111,96,81
103,186,176,124,96,140,132,85
137,286,268,189,91,162,153,130
197,294,276,207,102,174,159,135
137,265,243,185,104,155,141,121
146,311,291,220,85,170,166,134
142,293,276,211,82,126,116,96
135,256,239,179,99,167,154,123
162,333,318,229,108,172,162,129
116,192,180,127,124,225,208,178
181,374,351,245,85,127,115,87
151,328,312,246,112,174,158,128
175,409,382,288,88,155,146,106
117,246,223,153,82,118,106,78
172,347,332,214,98,165,156,124
145,292,268,187,95,170,163,122
182,371,354,226,87,156,142,107
179,386,364,259,123,182,171,139
209,429,408,307,109,201,187,140
192,444,425,300,102,148,135,111
168,375,355,265,125,222,205,153
164,311,291,211,137,208,197,155
209,389,358,268,103,173,162,127
147,247,232,166,81,133,125,94
138,245,227,166,95,131,122,98
205,397,378,285,91,140,129,103
174,360,336,244,126,203,189,148
161,347,341,233,100,172,165,131
142,275,259,179,98,142,137,112
234,502,474,372,99,170,160,120
179,399,375,288,89,166,159,109
211,452,433,322,94,171,160,119
162,344,319,240,92,137,123,102
131,277,265,203,84,162,155,128
119,197,179,141,80,118,104,95
201,380,361,281,117,224,205,157
215,451,427,305,115,162,149,113
154,329,313,239,88,96,83,68
168,340,320,219,86,134,127,88
153,273,255,191,89,158,142,116
176,396,379,292,78,109,102,89
137,223,207,165,120,174,155,130
152,291,273,185,65,87,79,63
156,347,324,242,95,125,112,96
164,383,365,268,114,176,164,122
170,424,397,299,120,218,202,155
199,402,373,262,113,198,186,149
173,361,346,237,107,166,156,112
154,337,316,206,100,205,193,156
212,486,463,348,101,154,145,103
161,347,320,273,99,173,166,129
190,383,355,293,83,149,140,104
179,370,347,241,107,154,146,113
190,441,423,310,85,119,111,90
162,368,350,273,80,106,100,84
202,409,380,283,86,123,114,88
181,367,339,271,111,186,176,136
176,384,363,273,103,148,135,107
128,279,264,180,68,85,79,57
181,313,291,203,115,172,154,126
160,351,332,265,86,132,123,106
158,285,270,202,103,202,192,148
132,254,241,174,109,185,177,132
205,420,395,295,87,159,152,124
178,392,375,261,138,265,246,174
183,333,313,236,113,169,152,127
157,262,245,197,130,210,197,164
135,239,227,160,95,136,124,103
145,309,288,229,88,132,122,108
94,165,151,104,89,150,139,109
166,338,313,245,131,223,207,163
176,367,347,257,115,217,202,163
189,409,386,287,100,147,134,114
178,408,383,290,117,219,205,164
177,358,337,272,69,100,88,66
138,303,283,193,102,138,124,96
162,298,285,215,90,138,129,99
132,274,255,184,95,167,157,123
183,323,307,209,106,169,157,111
173,392,375,277,105,143,129,112
140,293,274,209,89,154,142,116
173,373,350,267,58,89,82,70
185,403,381,271,81,121,113,96
113,213,203,153,105,185,179,143
201,369,349,226,77,115,109,78
200,479,456,349,101,166,153,114
237,456,443,354,110,224,215,169
154,299,285,199,116,175,164,126
175,434,418,305,102,167,158,116
204,367,348,267,102,181,165,132
163,311,294,222,102,173,162,128
161,332,321,239,109,173,156,123
129,199,183,136,99,154,136,118
144,266,251,200,99,167,162,113
179,382,363,284,105,132,121,99
199,411,397,287,95,161,148,123
155,256,236,178,73,131,119,94
128,244,230,180,94,163,149,129
157,315,290,211,106,186,178,148
201,444,419,306,79,139,131,111
208,456,438,341,95,136,125,97
184,358,340,267,124,195,181,141
222,485,454,354,97,140,126,97
202,377,357,273,122,204,191,157
215,387,365,251,88,178,163,131
187,387,365,258,111,192,177,123
150,322,306,239,105,172,164,116
118,249,239,153,91,182,169,130
173,446,433,339,79,123,112,100
177,407,385,309,98,186,176,131
198,445,423,318,76,170,164,137
169,348,317,248,102,172,166,131
118,238,227,174,81,111,103,83
186,415,395,292,103,182,168,129
189,409,387,257,102,156,144,111
214,385,355,277,99,146,135,109
152,336,323,241,97,160,148,112
178,321,302,215,98,144,130,114
133,266,247,186,86,117,105,81
147,275,254,214,108,172,159,133
190,422,412,301,97,170,155,117
119,255,239,186,100,200,185,128
215,430,407,315,154,285,267,225
136,244,229,183,93,119,110,94
212,445,415,288,95,136,127,95
165,379,357,261,120,147,134,115
153,326,314,241,85,136,124,91
202,421,401,301,102,146,136,105
160,343,319,255,84,155,149,108
96,167,160,108,92,147,136,115
151,334,311,255,132,266,250,189
125,246,229,162,96,146,135,105
160,345,327,240,139,216,198,149
139,263,248,187,81,158,146,103
155,359,345,259,106,167,154,122
151,240,229,169,80,120,108,72
150,349,329,258,135,259,243,192
187,416,399,311,86,148,143,104
166,326,308,237,95,147,137,114
130,193,176,133,92,134,122,92
146,370,357,289,86,131,118,103
153,325,306,248,97,161,150,132
133,236,223,161,95,152,140,122
147,306,292,210,138,225,209,165
147,308,291,208,101,153,132,112
181,392,377,268,142,240,225,179
154,299,285,191,89,124,111,101
180,342,325,234,94,133,120,99
210,525,500,377,81,104,97,82
109,249,237,160,127,228,214,171
162,370,354,266,119,182,172,128
142,247,234,183,90,159,147,114
157,344,328,247,115,180,171,125
179,331,312,232,65,96,89,76
157,293,275,214,98,170,165,108
143,319,306,209,114,174,161,124
150,313,294,213,96,129,116,103
136,233,217,163,87,117,107,88
127,267,253,198,122,191,180,141
102,167,151,127,97,120,111,84
157,305,288,214,84,127,119,93
171,382,361,265,78,127,120,92
130,299,284,222,101,159,146,119
163,284,267,195,104,124,111,89
155,362,345,262,105,179,164,119
180,427,409,317,105,172,158,126
149,300,280,234,92,149,130,113
149,322,303,233,87,117,107,86
155,275,257,194,109,204,185,125
208,391,370,298,92,131,121,106
187,358,332,255,69,134,123,98
104,212,199,156,136,264,250,187
178,444,424,329,84,110,103,76
139,278,260,186,112,211,199,155
182,451,427,342,114,197,183,135
193,437,407,300,97,131,121,104
177,304,285,210,88,135,118,90
156,346,325,235,120,187,171,141
181,342,327,227,87,119,102,90
153,399,381,287,71,113,101,76
135,207,196,149,87,131,119,107
124,237,230,168,106,160,155,110
175,368,353,251,97,108,95,80
188,377,356,261,66,93,83,69
189,444,426,286,77,102,94,75
144,275,261,176,70,114,102,88
140,282,268,206,83,109,101,92
132,281,262,201,107,153,137,108
188,314,298,223,106,184,173,131
163,380,363,260,81,104,93,70
160,276,258,167,132,221,205,160
162,338,327,238,104,156,147,114
144,296,277,194,77,139,128,91
106,177,166,117,105,171,158,126
104,180,174,121,96,132,121,92
111,244,228,167,75,112,102,87
157,308,290,201,96,146,136,95
213,492,466,335,98,163,154,117
112,187,179,126,117,162,153,111
128,228,208,159,124,219,207,165
190,444,420,298,103,145,126,96
136,266,253,179,143,254,239,185
170,390,371,285,134,208,189,151
141,274,258,168,122,200,184,141
141,262,248,197,99,148,138,112
150,308,289,225,97,137,130,111
169,279,256,189,123,231,216,162
171,354,337,245,88,137,130,92
162,312,301,218,103,158,147,107
235,534,511,387,113,185,178,142
160,367,338,272,100,208,195,144
227,523,490,377,95,168,153,120
151,359,337,239,101,141,129,96
169,294,273,198,109,178,164,113
155,262,243,170,104,190,177,137
146,318,302,222,86,117,107,89
190,388,361,260,107,153,140,118
181,350,333,238,81,108,103,77
228,453,421,317,117,174,163,124
114,219,199,149,78,115,106,90
159,334,302,229,83,116,107,86
232,487,460,351,101,186,172,126
188,395,382,305,113,194,180,144
89,209,196,157,104,185,172,130
183,358,335,269,96,187,176,127
165,419,397,277,110,171,163,131
175,363,339,252,110,171,158,134
203,437,411,307,115,197,188,141
97,193,177,137,81,121,109,92
164,344,326,226,77,134,126,85
114,191,183,144,118,202,190,155
130,243,230,166,107,161,152,120
151,303,291,199,90,131,125,100
175,335,319,224,83,139,128,89
166,388,370,259,122,199,182,153
169,407,394,287,106,180,173,130
176,419,401,338,108,178,164,126
188,394,374,284,115,175,163,133
173,353,335,239,90,175,169,139
175,329,316,235,143,216,212,157
234,503,484,338,83,139,130,99
116,243,223,163,92,135,126,96
145,273,262,191,91,139,129,100
235,502,475,350,111,176,169,136
115,191,177,139,71,143,133,108
145,304,290,209,114,174,165,123
232,524,491,363,117,202,189,138
155,313,292,205,116,220,208,166
202,446,420,335,103,185,175,134
138,260,243,171,74,96,91,68
196,339,316,231,98,170,160,133
175,354,331,245,130,271,255,199
210,393,374,293,76,123,118,96
153,348,334,233,106,181,172,149
160,313,294,226,90,164,151,124
183,347,328,234,100,162,149,126
125,301,287,208,107,191,175,130
214,525,498,358,97,167,158,117
190,431,402,301,99,162,152,123
218,422,402,301,110,184,176,125
144,278,258,196,105,216,195,166
136,249,230,169,134,192,181,144
143,302,291,204,97,190,180,149
211,450,423,296,129,225,214,162
191,380,357,272,111,151,140,93
164,428,408,295,117,205,191,159
191,428,407,316,76,159,152,113
136,334,317,256,104,158,149,119
202,432,403,303,84,107,100,77
139,271,257,206,137,241,224,163
112,209,190,150,93,160,154,129
162,241,222,161,93,125,110,96
135,195,179,132,121,204,193,143
184,399,378,265,91,156,147,108
114,208,188,144,101,163,150,104
109,207,185,161,84,126,113,96
212,487,461,331,88,151,142,108
183,438,416,316,101,186,178,135
126,281,267,181,85,121,113,75
193,404,376,281,98,137,127,98
165,320,304,211,99,165,153,132
139,336,314,239,118,233,216,145
150,240,223,143,98,141,129,104
154,263,250,194,105,145,133,111
128,240,221,145,149,294,276,217
176,361,334,239,81,137,129,110
209,451,432,307,82,102,87,82
172,431,411,313,115,204,189,146
151,339,332,249,75,120,114,88
114,252,244,160,120,199,187,134
166,262,247,185,104,164,150,129
162,347,321,234,113,184,176,128
119,222,206,159,91,119,111,93
187,345,326,240,113,215,206,160
180,355,333,226,86,128,119,94
132,279,268,201,129,240,234,185
129,282,264,193,126,225,216,162
152,287,271,190,90,159,147,105
132,274,255,185,123,186,176,132
191,439,425,358,108,168,161,127
111,190,180,135,80,98,90,81
164,376,364,267,59,71,65,53
190,440,415,290,96,152,141,115
117,202,193,141,70,114,107,80
177,379,357,255,97,186,178,134
119,209,194,135,91,144,133,104
158,268,256,180,122,197,181,151
161,323,308,232,116,167,154,117
193,436,408,318,112,167,154,115
147,291,276,216,93,144,135,117
96,193,179,136,92,131,117,95
154,288,271,212,114,231,221,167
152,285,268,189,110,206,193,159
166,297,278,188,80,115,103,84
128,217,206,150,79,124,116,92
142,247,230,148,87,100,93,80
146,255,233,169,93,158,153,111
195,404,384,279,120,174,159,130
173,351,330,242,88,145,138,109
133,255,243,194,95,118,103,90
168,314,293,208,97,139,132,102
180,384,359,261,107,159,146,129
242,502,473,341,124,219,202,160
147,312,298,198,111,166,154,127
200,413,387,284,86,139,130,109
155,305,295,214,84,107,103,78
115,169,158,130,94,151,137,103
184,411,392,292,118,162,144,116
112,219,204,157,136,265,256,179
176,357,338,248,111,191,182,132
148,299,284,225,91,133,121,92
126,218,199,152,95,181,174,140
127,252,239,176,67,99,86,80
194,421,400,280,97,148,137,111
79,142,132,115,112,168,150,129
145,301,272,218,99,154,147,119
110,184,173,127,112,169,158,124
173,317,288,223,121,215,199,155
143,354,340,235,115,171,158,128
115,240,226,175,83,122,107,89
174,385,361,266,100,165,155,117
119,246,239,185,110,181,173,134
162,409,393,277,116,217,202,159
111,225,210,176,74,114,105,82
131,214,196,144,108,145,128,107
154,350,331,226,98,170,155,114
152,289,268,210,108,193,178,143
138,307,290,225,87,153,140,90
148,320,308,227,78,104,93,75
117,186,170,121,121,203,191,144
115,267,259,200,105,197,180,144
218,529,506,358,109,202,189,152
136,251,239,179,83,141,134,109
186,449,425,320,102,167,154,128
142,246,235,183,75,102,90,78
204,477,458,335,97,149,139,102
176,359,346,245,91,162,152,120
142,273,254,192,94,121,113,90
146,303,285,205,112,179,165,135
175,352,332,235,131,179,168,124
204,432,410,287,62,63,56,44
214,446,426,288,101,153,142,120
217,420,393,283,95,133,117,102
201,456,431,308,90,129,117,93
167,366,350,252,107,169,154,125
131,256,243,188,120,200,186,143
108,177,169,125,100,146,127,111
158,311,294,214,75,124,115,99
202,344,325,226,136,210,193,157
201,486,457,358,98,157,149,119
226,479,458,358,105,176,166,129
185,405,383,293,88,136,124,108
154,333,318,250,78,145,136,102
131,265,247,179,112,189,182,138
154,283,267,208,96,167,157,122
200,388,365,266,74,118,111,85
160,355,339,224,90,117,108,78
164,354,335,234,100,162,149,123
149,352,335,227,91,133,124,104
132,269,260,179,117,186,170,137
172,299,275,209,129,204,187,145
107,210,200,165,115,191,175,139
134,239,227,184,97,148,134,115
110,191,179,134,112,165,152,112
196,336,316,212,122,230,209,170
183,438,412,312,108,153,145,114
164,347,328,226,91,126,117,91
160,367,342,254,80,101,92,75
207,428,407,290,94,174,168,138
154,329,304,239,99,157,147,114
181,400,382,278,116,187,167,120
189,408,393,273,133,244,229,172
165,341,316,236,103,185,175,140
139,280,262,193,104,146,136,98
160,271,259,183,82,121,108,89
148,296,276,214,73,90,86,68
145,298,285,189,87,136,130,100
133,256,245,174,109,217,203,151
144,230,217,161,142,260,246,188
244,495,469,365,88,123,112,92
140,296,283,214,70,124,113,85
121,294,283,211,76,118,109,99
150,263,250,191,102,146,131,98
189,374,360,283,121,197,179,145
146,255,237,159,114,241,220,172
183,322,311,217,112,196,186,144
185,373,361,258,129,228,213,165
139,318,300,212,104,154,137,119
164,310,290,221,92,154,142,113
145,252,233,174,106,172,160,114
163,338,313,245,88,108,97,80
225,487,465,341,93,152,141,120
155,306,292,210,122,199,183,132
186,338,314,243,93,139,131,94
182,397,373,278,110,167,157,121
147,278,266,213,105,139,129,108
173,336,319,240,106,155,141,118
250,587,552,388,100,158,145,126
121,253,242,173,86,146,134,117
153,299,275,216,98,161,151,108
179,364,341,257,113,175,163,127
125,258,241,167,121,262,242,184
115,243,223,174,82,155,148,106
186,451,423,308,92,168,152,115
148,275,261,186,85,150,142,92
210,424,401,281,95,164,154,123
170,391,373,274,129,289,283,203
164,345,321,260,85,152,144,103
182,328,313,217,74,121,105,87
162,315,296,218,95,142,131,106
149,348,331,263,84,125,115,96
144,267,259,183,85,135,131,99
153,353,330,249,91,132,121,89
151,348,335,239,154,252,234,174
149,275,250,200,107,142,131,101
203,474,443,325,85,162,152,122
176,392,365,274,116,187,173,121
189,422,406,302,111,194,183,138
107,210,202,143,69,115,97,82
129,263,242,170,108,152,137,111
180,399,379,286,88,186,177,124
110,201,190,152,85,130,124,103
161,364,345,263,129,205,185,145
209,489,459,342,139,237,219,164
131,298,287,221,87,135,128,108
163,317,303,222,92,146,136,109
137,233,217,166,132,215,203,158
138,286,275,190,94,144,129,95
159,294,276,192,99,144,135,114
149,228,209,161,106,123,107,87
138,278,264,185,95,144,133,107
211,517,498,378,58,113,109,93
177,364,348,251,138,249,231,199
142,266,252,184,85,110,93,71
190,446,421,304,125,210,195,143
226,486,464,357,108,205,188,140
173,394,376,262,112,171,159,127
136,302,288,190,83,167,155,136
230,495,463,352,94,127,116,98
240,539,513,381,99,178,167,141
122,240,229,181,69,105,97,80
171,371,359,274,96,165,152,127
135,292,281,214,117,200,193,148
180,311,287,210,102,161,151,108
154,282,264,186,103,156,148,108
126,178,168,117,98,170,162,120
163,298,281,199,111,168,155,130
196,391,366,280,81,97,83,73
168,303,282,214,114,131,119,101
184,350,335,235,109,188,177,130
155,315,292,226,83,159,150,126
107,220,207,130,98,172,162,108
164,345,333,222,131,228,210,159
132,311,287,233,122,213,202,145
191,390,369,276,84,124,116,101
185,365,345,242,95,133,124,103
99,161,154,118,122,204,196,147
175,399,383,290,101,187,178,137
175,308,288,205,89,134,121,97
160,302,291,215,114,191,177,135
142,294,276,227,86,137,128,107
202,418,390,269,111,184,168,140
150,280,265,199,94,164,157,114
125,175,163,114,88,113,103,76
161,307,290,227,145,236,217,160
167,353,326,231,80,160,151,129
191,478,452,371,76,124,110,98
157,274,259,186,91,161,152,104
131,236,220,143,99,140,129,93
135,218,205,148,96,142,137,108
130,269,255,178,98,151,136,116
150,256,241,187,119,183,171,125
167,337,329,234,149,254,240,168
165,288,262,175,102,181,169,141
180,349,324,261,104,175,166,116
193,448,423,308,88,139,128,110
178,389,373,274,132,219,206,146
176,373,347,253,80,151,149,118
136,256,237,175,93,131,118,95
207,415,388,285,79,122,108,90
135,241,230,160,70,116,109,81
166,322,299,223,97,182,165,137
134,265,252,181,68,114,106,83
153,287,266,189,112,185,175,137
160,346,327,231,102,172,163,125
150,291,274,183,102,146,138,109
165,344,329,213,101,160,155,121
134,216,198,148,108,232,222,176
135,276,262,172,90,124,114,98
181,376,357,272,95,167,157,123
181,413,388,276,61,102,97,70
126,192,175,133,87,119,110,83
137,256,240,193,111,136,119,96
174,397,374,309,99,170,164,128
149,290,263,207,86,123,107,89
138,220,203,153,111,190,176,132
163,310,288,216,77,131,121,101
122,287,266,191,74,96,90,74
100,205,189,135,110,130,116,100
101,203,194,145,93,149,137,100
191,346,334,254,103,158,147,122
188,398,374,280,87,145,130,94
192,379,348,256,114,196,187,147
136,327,308,246,91,152,141,121
119,190,182,142,140,242,228,167
162,321,303,221,111,208,195,145
140,265,255,182,75,121,108,90
169,300,281,227,88,123,113,79
162,349,332,263,105,171,166,128
208,429,411,299,112,181,169,138
171,367,343,261,89,157,149,127
194,412,384,274,104,139,128,112
239,547,516,391,87,115,100,88
114,196,180,148,122,220,205,167
156,311,290,211,67,87,81,61
136,279,262,180,124,221,210,143
155,248,235,176,63,95,85,71
158,370,353,269,90,175,164,138
161,323,307,225,78,126,114,96
140,245,231,172,106,182,169,140
156,293,275,219,86,118,106,90
167,380,368,284,88,127,118,99
128,252,240,170,101,145,140,115
199,395,360,260,81,104,97,79
129,238,220,158,126,216,203,156
99,214,195,150,80,119,109,92
182,427,402,313,104,207,189,141
177,400,375,271,105,158,150,111
113,180,165,120,126,237,222,168
209,533,519,397,81,85,72,68
123,193,182,140,92,154,142,108
121,259,244,179,134,223,207,152
174,388,363,265,83,125,114,94
84,145,133,103,84,129,117,94
135,269,255,185,109,179,166,129
128,191,175,125,87,170,158,128
156,266,252,183,84,152,134,100
157,281,257,193,81,145,139,113
133,264,240,191,121,196,186,143
145,293,278,206,86,138,126,101
138,282,266,186,98,140,130,99
173,289,271,204,119,172,161,122
195,349,320,243,118,196,185,151
144,282,267,199,92,117,102,90
119,249,230,179,111,161,147,118
159,311,292,238,99,183,168,143
191,424,404,296,112,163,150,116
132,243,231,163,96,125,115,97
155,344,321,237,102,170,161,126
179,408,377,291,94,128,118,90
129,246,229,174,119,166,151,110
257,568,538,386,109,156,148,122
135,344,327,240,63,92,87,77
149,282,260,203,105,173,160,125
145,244,230,178,108,185,168,132
130,305,284,220,85,128,120,104
135,296,283,206,128,188,177,145
179,333,310,218,106,186,171,132
153,395,383,268,89,133,116,89
147,322,308,232,93,141,127,114
208,442,416,313,92,152,144,112
196,396,370,261,58,59,51,48
154,306,286,197,93,136,130,101
193,339,323,246,108,188,175,127
223,474,449,330,129,200,188,144
133,202,190,130,115,212,195,163
127,243,227,151,94,162,157,121
168,355,331,242,71,105,103,76
187,404,382,279,57,75,69,55
139,300,285,223,118,209,191,151
205,375,349,263,62,80,71,69
165,353,335,227,105,159,149,121
227,517,493,355,80,105,100,83
148,306,287,215,86,147,136,99
154,321,295,202,97,166,159,123
138,304,280,194,85,135,128,107
209,464,440,355,116,167,146,117
171,376,350,263,88,154,146,116
129,241,222,166,82,120,107,83
142,274,262,205,121,203,192,137
161,380,358,242,126,228,210,163
134,237,228,171,117,170,158,116
154,307,288,209,93,166,151,105
192,392,373,272,104,168,159,131
176,339,322,237,84,117,109,86
169,375,362,259,117,164,152,126
181,396,380,294,87,140,130,106
171,331,309,231,83,128,122,100
170,327,305,202,106,169,160,130
151,251,233,144,115,186,172,141
142,234,223,176,55,91,86,68
203,410,387,273,117,193,183,130
144,246,235,188,121,189,172,135
130,257,249,190,70,76,65,57
160,253,240,172,95,153,143,106
188,381,361,263,103,150,141,105
176,284,260,187,102,189,171,141
160,429,405,304,100,165,151,117
180,388,365,264,108,200,183,136
162,257,240,175,106,170,156,134
167,317,302,215,125,224,209,149
150,273,258,181,101,208,199,142
150,239,218,146,84,114,100,94
173,409,390,273,114,164,154,123
181,338,314,233,84,130,121,96
216,480,450,317,96,155,151,112
205,452,428,319,119,169,155,126
119,185,166,126,95,142,131,102
122,235,223,172,127,202,187,145
157,267,247,181,84,131,122,84
152,294,275,218,107,175,166,127
159,276,257,171,70,102,90,76
215,369,352,264,93,136,128,104
147,314,293,235,148,243,234,178
164,329,311,225,84,141,133,107
146,281,266,216,125,221,210,171
165,295,278,220,106,137,123,106
159,332,318,224,94,116,107,96
129,246,230,169,117,164,154,114
142,346,332,228,80,136,130,92
178,401,377,287,103,163,152,117
208,438,412,313,110,203,189,134
160,326,309,217,118,195,183,142
254,535,508,397,84,129,116,94
148,295,279,199,117,206,195,155
133,204,179,157,101,135,112,101
161,334,313,223,111,174,161,123
116,229,208,139,98,148,135,114
156,283,270,214,82,146,135,112
167,406,391,309,99,169,156,123
75,156,145,110,107,152,141,114
188,428,409,292,90,137,129,107
184,372,348,243,127,237,226,177
124,236,229,185,101,167,157,117
212,384,364,263,129,248,235,165
149,335,315,235,101,154,143,103
183,377,351,252,98,165,157,124
166,318,299,212,120,205,189,149
162,340,328,252,94,118,106,99
140,288,268,210,125,210,198,149
166,364,343,260,73,123,111,86
133,254,240,170,86,184,172,115
217,440,414,285,78,145,135,115
152,276,256,185,79,125,116,88
126,264,251,190,75,142,134,115
176,309,276,212,99,135,126,102
114,241,224,163,94,145,133,104
180,391,357,264,107,173,160,136
175,338,320,248,74,116,113,86
121,282,271,195,99,179,174,121
138,217,202,160,94,159,145,123
142,283,263,196,128,267,255,192
139,226,207,169,104,143,131,99
165,337,327,222,115,193,181,125
170,399,379,279,110,202,186,152
201,506,484,350,86,169,164,128
183,394,375,271,119,170,157,120
155,378,363,251,67,130,118,101
213,532,515,380,101,164,155,131
172,350,325,270,77,123,113,93
143,244,227,181,109,192,189,139
113,199,191,137,111,188,172,141
123,192,182,142,93,164,157,116
129,273,261,189,95,145,132,104
186,375,361,284,91,134,125,105
124,226,209,141,115,198,190,149
121,251,237,184,98,141,134,94
130,307,290,203,101,145,135,100
135,198,184,144,106,154,137,111
167,328,311,226,90,177,162,131
106,202,188,152,106,181,171,126
86,190,180,127,117,184,174,138
175,362,337,251,104,137,126,103
125,178,165,122,103,143,128,103
143,318,303,240,95,109,101,77
157,306,284,186,99,183,165,118
171,330,315,247,100,160,145,130
122,190,181,139,76,119,111,100
186,358,337,233,89,121,107,90
171,346,328,232,101,155,140,113
99,172,164,122,121,228,214,166
168,378,360,259,115,176,161,133
153,321,296,216,102,129,113,102
171,368,351,246,115,221,204,167
173,397,367,279,86,155,145,126
188,412,387,286,83,176,165,115
151,319,306,232,84,115,108,86
143,327,312,237,95,163,153,119
164,336,313,227,122,194,180,140
187,421,398,296,96,147,133,99
174,309,286,225,86,140,133,102
174,377,353,258,83,123,111,85
172,395,376,266,110,158,150,117
221,455,423,314,115,202,190,154
125,209,199,149,94,150,136,106
138,279,260,180,105,167,157,129
215,475,446,329,84,114,107,78
201,381,359,289,97,148,135,97
146,307,291,200,109,160,146,129
199,423,406,304,102,206,197,136
114,250,239,191,102,143,132,112
150,356,339,258,96,165,152,115
165,317,298,232,95,170,164,126
172,359,340,241,90,117,103,87
158,360,343,253,66,92,84,72
161,317,298,225,92,141,133,109
180,407,387,294,93,155,148,116
175,335,318,263,86,119,111,89
145,258,239,180,85,116,113,83
147,280,265,197,116,166,152,117
143,308,288,202,90,149,142,100
150,278,261,201,90,144,137,115
120,242,225,169,108,182,169,120
154,334,317,238,74,115,109,82
150,254,238,159,105,131,118,98
220,440,415,308,98,161,153,111
219,525,497,367,80,110,102,77
158,322,301,223,86,133,126,94
150,321,301,223,95,136,121,104
177,316,295,224,102,202,194,139
206,450,431,321,64,77,71,59
159,341,328,231,104,192,172,125
126,262,250,185,90,142,131,105
188,359,338,232,88,154,142,119
103,141,131,107,104,156,143,114
152,271,251,203,96,163,150,127
132,250,236,182,77,101,89,69
152,329,309,225,88,122,110,85
157,337,306,236,111,195,182,132
132,257,245,180,98,148,136,111
154,347,330,234,92,134,121,96
166,310,293,223,107,213,197,139
210,469,447,325,128,216,201,148
174,401,377,288,109,139,126,99
148,246,228,159,105,167,148,116
150,286,265,213,104,163,156,127
186,382,358,276,130,261,248,185
187,398,375,283,125,214,202,139
98,185,177,140,97,174,161,117
142,245,228,178,101,129,115,96
140,298,281,198,101,139,128,100
245,570,532,408,97,143,133,110
149,287,268,198,83,135,128,90
151,314,298,231,96,146,136,99
108,173,163,121,129,226,217,170
182,346,324,216,109,156,145,117
178,387,361,275,114,174,160,125
135,298,283,214,99,150,145,110
157,340,323,249,113,185,171,130
183,350,326,234,97,164,151,118
206,433,414,293,101,172,163,126
157,293,277,207,95,133,124,100
131,230,212,163,91,109,97,72
139,308,293,217,120,180,167,137
198,453,438,338,102,179,165,140
197,392,371,290,72,119,113,90
207,403,384,276,96,159,145,126
176,373,359,256,105,145,129,109
146,291,277,184,84,134,129,101
188,441,419,320,87,140,130,98
161,305,288,199,139,251,239,182
145,294,276,187,128,174,159,122
132,251,235,174,87,139,128,109
169,325,304,211,90,129,121,83
210,445,420,336,84,109,104,79
163,318,303,220,90,148,139,111
212,471,444,336,118,185,172,136
181,345,322,242,90,129,120,102
157,316,297,220,77,112,99,71
231,444,408,307,91,161,150,129
148,287,272,184,71,106,95,76
191,387,364,265,88,145,136,92
147,376,354,264,108,203,187,149
148,332,316,229,121,180,165,124
179,346,326,245,129,194,181,146
149,295,282,232,87,132,125,91
121,221,198,151,71,104,98,82
155,278,262,199,79,103,95,72
161,310,296,211,92,113,101,91
189,447,420,315,75,111,99,77
204,417,398,301,112,174,162,124
172,321,296,224,116,176,164,120
204,443,421,301,102,194,186,139
125,213,197,159,84,147,133,115
141,259,242,167,83,104,92,70
77,103,93,69,103,156,141,126
191,328,311,220,67,98,91,72
181,334,322,234,111,152,139,112
137,267,251,182,97,169,162,128
174,387,370,246,100,142,138,105
130,252,238,178,79,116,106,83
152,333,315,234,119,227,214,176
172,353,334,272,130,191,178,145
138,299,280,213,92,139,129,102
199,453,436,324,81,111,96,83
106,162,147,104,91,165,154,115
119,191,177,139,88,117,112,85
185,394,374,273,89,131,123,99
175,305,281,210,109,188,175,127
133,265,255,182,102,159,145,118
169,412,391,291,99,150,139,105
189,440,418,309,87,142,129,97
120,256,238,151,84,137,128,105
164,324,304,208,119,232,223,161
204,403,377,274,107,204,196,151
146,276,259,207,95,138,127,105
134,294,281,200,91,162,153,119
136,190,176,137,87,111,100,88
193,327,308,237,109,221,208,162
202,357,337,254,119,183,167,130
156,317,298,225,116,199,188,136
152,249,232,170,84,142,134,101
191,386,366,282,111,170,154,128
147,286,266,205,99,135,124,96
135,275,255,200,96,164,151,132
205,415,394,324,102,142,134,110
92,151,139,109,74,99,94,71
183,360,340,243,102,177,165,130
170,341,321,233,102,167,157,123
129,247,234,163,88,117,106,90
111,226,212,151,104,135,124,103
167,305,291,223,94,162,147,124
150,244,229,169,77,108,95,75
170,365,338,254,95,179,165,126
186,362,339,236,101,148,140,98
120,189,179,126,124,225,213,166
173,406,385,265,95,158,149,124
176,325,312,227,84,121,110,94
203,419,390,309,72,99,90,72
156,339,325,230,99,167,153,122
131,331,318,195,126,197,188,143
134,266,249,188,120,222,210,148
153,272,246,191,117,166,150,121
176,360,341,248,90,129,121,85
184,351,330,240,109,177,157,130
192,415,387,303,122,171,155,127
141,314,297,239,130,215,204,152
165,345,325,224,97,160,151,127
194,394,368,286,110,209,196,143
172,325,300,225,82,124,117,95
161,330,316,250,80,102,93,82
180,384,366,250,112,185,168,142
134,230,214,160,109,156,139,111
201,463,445,347,89,144,136,101
103,147,135,104,62,101,98,68
157,329,311,234,118,197,187,153
138,260,237,200,72,106,102,92
173,455,434,330,114,169,160,118
156,344,328,224,85,135,126,98
104,190,179,149,102,163,145,115
166,355,337,240,86,137,121,103
103,247,235,167,111,184,170,142
126,321,303,213,96,159,148,117
144,349,326,247,115,145,132,109
141,253,236,182,108,187,170,128
191,399,383,261,97,129,119,86
123,294,282,231,94,126,114,94
162,309,296,207,101,155,141,111
136,295,281,194,111,160,150,116
133,301,291,220,71,77,68,55
176,329,308,207,71,127,121,102
160,349,330,230,110,152,139,108
176,331,318,225,92,148,135,106
135,298,280,238,112,165,152,125
221,471,448,349,89,132,122,103
166,362,339,269,115,206,195,161
126,221,205,159,77,120,108,90
182,390,363,285,100,162,150,122
158,328,320,223,104,188,176,131
154,319,302,209,101,161,152,127
175,388,371,257,94,158,147,103
140,258,246,174,124,191,175,133
223,514,480,359,75,101,95,76
162,345,326,232,131,199,185,153
188,419,396,288,79,124,116,97
181,409,383,302,138,260,250,192
136,271,248,186,111,225,208,170
164,387,363,257,125,216,197,160
190,402,378,266,86,147,143,106
203,444,418,312,133,239,220,176
114,194,184,134,100,192,175,125
142,305,288,186,142,292,276,197
177,372,350,261,124,205,187,134
193,388,368,296,98,188,175,130
182,350,332,248,124,170,162,130
142,332,314,249,94,156,142,125
83,170,163,113,93,175,165,134
135,225,208,154,109,134,124,96
155,296,279,196,106,137,125,104
186,438,421,296,87,199,192,138
167,329,311,229,131,216,201,153
115,211,198,161,95,170,160,120
108,208,192,143,84,145,134,111
184,398,376,267,75,114,107,96
181,404,384,288,96,166,145,127
205,410,387,273,86,113,105,90
134,261,239,192,85,130,122,91
144,334,307,230,94,139,129,94
166,411,389,282,80,110,101,82
158,362,344,262,77,124,116,100
143,305,288,189,92,120,111,90
128,268,246,189,82,135,122,99
139,255,242,178,100,134,125,100
256,525,505,397,103,175,166,126
164,323,305,216,101,189,178,143
155,272,252,192,139,243,227,169
205,419,390,318,104,159,147,112
98,182,169,115,93,137,119,92
137,292,271,206,99,162,153,119
187,315,292,221,94,166,154,106
249,468,448,338,108,211,201,122
170,411,393,315,100,160,148,109
175,361,330,246,94,173,164,133
176,310,288,220,94,165,154,109
131,265,253,174,85,117,105,79
230,485,464,351,127,195,183,140
162,314,296,227,101,182,172,136
151,297,285,198,83,115,105,93
198,470,447,314,124,230,221,170
216,559,524,408,89,138,127,106
167,416,397,300,90,125,119,94
163,360,343,246,114,198,187,144
155,255,236,178,112,194,185,142
224,399,378,269,115,195,177,136
199,415,394,316,117,206,195,148
138,292,274,212,92,153,142,120
150,372,355,245,113,177,163,128
157,326,310,233,74,160,148,106
192,386,362,265,129,221,209,158
167,281,260,184,108,219,210,164
164,320,308,228,88,164,154,124
184,306,290,225,103,181,174,115
162,376,362,283,68,97,89,71
137,292,273,207,98,170,155,130
144,331,319,219,140,249,228,176
168,326,303,231,119,206,194,161
117,291,278,197,122,161,149,128
91,157,149,109,113,215,204,158
149,300,288,225,108,180,164,133
179,391,366,235,88,130,122,101
139,308,295,226,81,107,101,78
127,223,196,162,104,162,146,118
141,270,255,185,107,169,157,117
135,269,256,179,127,169,157,117
190,370,350,257,90,143,129,108
178,378,361,247,128,219,203,144
177,352,326,260,113,172,159,134
195,380,347,276,101,158,142,106
140,259,247,180,99,173,158,126
229,534,510,366,113,188,180,143
120,280,267,180,106,185,177,137
162,318,302,226,92,150,139,107
154,297,272,189,88,125,117,96
163,343,327,228,90,145,135,100
214,432,405,303,125,200,184,150
174,349,335,250,102,199,185,122
140,285,262,219,97,154,141,111
123,233,211,178,91,142,128,105
170,306,279,210,80,136,123,117
182,372,353,240,119,187,168,135
154,323,309,226,94,120,115,85
111,218,200,158,82,136,127,100
113,201,192,143,95,196,189,151
169,317,299,211,84,136,127,103
179,328,310,233,94,144,135,103
207,413,383,308,91,150,144,107
95,178,170,132,88,108,99,84
170,333,310,224,87,131,121,101
186,391,375,272,133,224,207,158
179,418,392,287,100,191,177,137
138,270,257,185,106,164,152,120
165,359,341,249,67,90,82,67
156,353,337,234,111,196,183,148
200,402,388,260,82,122,113,103
179,441,425,312,77,120,112,93
115,180,165,115,90,147,137,104
159,330,316,224,78,118,111,97
189,478,462,356,93,145,134,105
187,450,437,316,74,145,136,114
147,289,272,201,94,149,141,113
147,327,316,220,146,244,226,185
123,262,253,172,87,134,122,99
226,495,479,368,124,201,187,149
144,339,316,217,86,143,133,108
147,291,271,211,125,149,135,113
175,342,317,258,88,117,109,91
128,267,254,168,87,136,127,98
173,316,297,215,104,215,205,160
106,200,186,142,88,134,123,105
165,380,365,271,108,172,161,126
191,378,355,258,69,109,105,76
180,392,370,276,102,143,134,110
145,263,243,166,90,125,113,99
172,380,367,271,118,222,210,168
153,334,318,247,108,175,165,123
142,321,302,233,99,136,127,100
163,336,318,252,83,120,109,89
127,229,216,145,86,110,96,75
147,295,273,214,81,97,86,76
134,286,273,200,102,224,207,163
160,361,345,252,104,158,141,119
144,263,240,177,111,150,134,115
128,260,244,171,76,152,140,123
201,442,410,298,120,219,209,166
159,357,343,235,104,204,188,140
136,285,271,187,73,108,96,81
206,486,463,329,97,156,144,117
221,501,476,364,102,176,163,121
113,213,201,154,117,188,179,138
199,393,366,268,102,180,167,144
128,287,271,209,96,144,131,96
158,264,246,198,93,142,131,103
200,351,336,244,95,168,148,108
162,362,346,254,78,117,106,76
192,373,358,264,114,160,147,119
152,265,256,190,109,201,189,166
208,446,422,314,110,194,182,132
174,387,367,265,91,133,120,104
173,337,311,229,96,136,127,99
155,341,319,261,84,131,114,96
155,279,258,203,72,123,118,87
200,424,404,306,93,133,130,98
135,278,259,188,123,214,201,167
203,467,441,318,118,183,174,137
136,250,232,163,94,147,139,110
163,335,319,231,108,148,141,102
161,311,294,224,88,141,130,98
199,420,398,308,72,105,95,84
183,414,390,288,120,280,264,196
151,269,247,188,127,223,203,163
156,321,301,211,67,118,105,95
173,395,370,261,120,207,198,151
170,293,278,214,83,115,107,84
171,390,368,268,109,166,154,102
234,483,461,344,74,123,110,94
152,294,281,209,97,169,156,128
148,343,330,239,91,158,149,123
198,406,381,278,85,135,124,96
165,365,352,259,74,97,93,71
133,238,229,166,102,167,151,120
99,181,161,112,124,193,180,146
127,245,223,157,141,218,205,142
137,248,231,167,116,175,167,125
131,242,223,162,118,236,221,182
146,331,313,230,105,176,157,129
140,234,219,144,66,92,83,70
151,317,307,210,114,192,181,132
132,251,241,175,90,149,141,112
81,145,129,96,106,150,138,112
137,231,217,173,76,93,84,70
169,387,369,272,74,105,99,80
181,330,314,222,85,123,114,93
174,366,342,255,85,133,122,94
191,432,416,293,87,146,136,99
209,402,377,298,111,164,155,107
136,221,202,161,100,139,121,106
206,448,421,303,90,174,162,139
226,474,456,339,112,161,145,115
165,349,328,238,77,119,110,82
158,272,248,190,90,131,121,102
216,409,390,276,113,200,186,144
121,220,209,159,134,235,215,159
157,305,291,207,94,118,105,91
163,333,306,227,115,196,181,142
129,209,197,145,102,148,135,115
196,449,433,328,82,109,99,81
116,234,224,165,73,107,98,91
157,285,274,209,106,147,139,106
94,158,142,119,123,227,212,152
218,482,444,347,73,103,96,69
121,196,181,134,122,235,221,167
181,353,325,236,95,160,148,123
181,375,363,250,76,148,140,103
207,386,372,261,82,94,87,72
118,247,230,160,104,181,167,125
186,420,399,310,102,198,179,135
137,232,213,158,99,152,132,113
141,257,243,191,95,144,133,106
168,358,336,243,87,150,139,107
191,420,390,295,84,104,95,79
189,402,380,252,127,206,192,161
222,443,426,330,91,121,114,87
146,270,250,189,94,148,141,112
195,467,436,330,89,135,129,99
159,341,328,214,117,213,196,147
180,373,353,272,82,110,100,82
167,435,416,309,95,183,174,129
204,418,394,309,99,181,170,132
178,354,334,243,124,174,154,123
137,261,238,174,102,134,118,101
176,360,344,266,109,206,198,163
134,244,222,159,105,144,131,114
179,360,348,263,80,116,106,88
136,264,245,185,99,162,154,119
129,209,196,141,112,175,157,130
125,253,233,166,94,132,122,96
123,258,245,194,103,160,145,124
201,451,429,330,64,87,77,70
167,335,318,234,96,165,153,119
208,441,423,298,93,137,122,99
195,429,407,291,90,118,111,92
156,307,289,214,112,178,166,132
123,265,251,166,109,155,142,98
85,159,156,118,75,123,117,82
173,282,271,197,142,231,208,173
159,263,247,178,87,175,167,120
165,292,268,202,105,187,177,138
179,404,388,315,76,127,120,86
173,393,375,271,83,134,123,108
126,207,194,165,99,131,117,98
204,471,443,345,75,117,105,89
157,317,300,219,81,112,106,84
108,164,148,104,110,177,170,127
138,249,231,189,101,178,165,128
192,421,404,301,85,103,89,72
163,283,261,183,81,111,104,83
167,265,251,184,72,88,82,72
215,439,418,329,69,104,96,79
124,215,199,156,94,149,140,110
201,538,506,392,81,114,106,86
232,452,426,328,83,155,144,112
209,369,342,269,113,166,152,120
186,491,466,325,120,188,181,148
180,335,315,226,86,140,127,105
182,455,435,350,113,182,161,125
109,198,188,149,94,145,130,114
171,340,322,232,96,170,161,134
138,310,287,226,108,156,148,113
131,278,263,199,103,134,119,98
200,414,393,290,88,129,119,87
169,379,358,259,130,229,213,166
180,413,396,286,91,140,128,106
151,283,265,182,81,123,113,87
150,342,322,272,126,208,195,145
172,353,346,236,113,181,173,128
134,268,248,184,89,181,171,143
240,491,461,326,94,189,183,128
145,290,275,192,94,176,171,129
158,296,283,201,112,201,187,149
132,274,261,195,118,217,207,159
128,257,248,176,97,143,135,101
151,299,282,213,85,142,137,103
180,387,362,262,86,163,157,120
132,212,202,146,92,166,155,112
175,347,314,234,88,169,156,121
87,141,134,104,78,138,134,113
139,270,255,184,75,115,103,86
230,493,475,362,95,124,116,96
198,415,394,288,70,109,102,86
133,267,249,179,91,144,139,114
134,212,196,154,68,107,99,80
156,297,282,218,107,202,187,147
99,151,138,102,111,198,185,135
158,325,310,239,78,112,102,77
113,199,188,129,120,162,152,116
157,299,285,194,139,256,245,190
130,168,156,117,57,76,70,61
161,336,317,225,90,104,94,78
173,347,324,232,117,178,165,138
146,286,269,208,110,158,143,115
160,252,234,186,78,116,108,87
115,208,195,154,86,129,123,96
