176,355,334,236,95,123,113,98
178,410,391,294,94,160,150,108
160,309,285,195,81,122,105,85
171,345,321,260,142,266,245,185
118,240,224,154,112,174,162,118
115,234,222,174,119,218,206,161
155,369,351,249,113,190,178,155
174,347,330,235,111,189,173,137
164,357,335,235,94,128,121,102
218,543,519,397,107,175,167,131
208,472,460,330,109,190,181,151
168,344,325,244,111,161,143,117
136,255,243,170,106,144,129,110
162,335,314,237,94,149,139,106
128,289,272,204,94,152,134,119
212,476,452,345,97,158,141,124
183,454,428,327,93,152,138,119
139,303,287,179,113,172,154,126
198,431,409,294,113,168,159,130
177,400,380,266,98,179,164,126
141,304,288,194,99,149,136,107
188,362,342,242,106,155,148,111
206,461,428,319,94,157,144,116
164,351,325,254,104,155,140,126
160,307,287,222,75,85,72,70
172,330,307,219,102,163,152,124
124,254,239,166,72,75,62,64
183,338,316,235,90,166,161,119
179,456,430,305,77,124,113,96
174,436,412,341,98,144,131,103
149,334,312,220,87,150,141,99
158,295,271,208,95,139,121,102
164,338,322,230,89,159,145,111
208,469,441,314,85,131,122,95
149,300,285,219,107,167,153,107
202,478,448,353,87,154,144,119
241,490,456,345,93,137,127,99
182,354,334,251,70,116,110,83
195,456,446,337,101,140,125,99
209,448,420,322,73,131,124,88
174,388,364,270,99,134,118,105
159,342,325,228,89,166,156,106
216,398,371,276,82,153,132,103
132,245,231,156,103,159,149,110
140,269,250,176,114,184,176,127
238,581,550,404,122,172,153,125
206,456,417,304,139,217,200,157
158,312,292,207,104,166,152,130
152,281,260,189,89,132,117,92
157,361,341,229,87,110,106,81
180,408,385,276,107,151,137,105
141,388,372,252,107,203,196,145
180,378,359,267,104,167,153,127
180,402,376,272,98,171,158,128
192,388,363,270,118,188,175,151
127,265,244,149,83,173,168,119
205,403,373,263,108,178,161,130
116,274,263,188,114,150,132,107
109,217,206,149,113,207,193,161
170,366,345,248,94,162,153,131
187,467,438,331,97,126,111,103
184,444,425,309,104,182,173,143
178,361,346,279,90,130,119,100
173,366,344,243,98,131,122,93
199,372,356,275,110,196,188,150
184,421,405,301,83,104,90,82
163,398,369,253,108,204,190,137
199,446,427,325,94,106,98,76
171,350,335,250,104,171,153,130
218,520,495,377,91,138,125,93
131,278,257,191,108,194,178,133
210,466,444,308,90,150,138,107
118,275,269,172,91,150,139,101
189,449,418,315,108,181,171,131
181,353,332,260,94,154,139,116
178,393,376,265,97,151,140,118
161,317,300,228,128,232,222,169
193,437,415,312,107,171,149,126
159,296,270,205,110,154,143,111
178,426,409,286,116,180,167,119
137,278,255,205,95,114,103,92
183,416,394,262,99,193,178,130
131,228,205,153,104,175,161,133
220,434,412,308,58,84,80,64
224,503,473,359,120,252,236,167
185,430,397,299,92,131,117,93
194,409,390,261,85,122,115,98
209,558,540,400,104,174,155,120
187,395,370,291,109,188,176,128
169,352,332,243,107,168,154,119
220,440,410,302,102,149,140,120
181,363,338,231,83,125,118,96
195,494,474,336,99,188,177,134
178,386,360,263,118,194,179,136
253,596,569,417,137,237,217,181
142,237,220,174,103,146,131,109
246,510,475,349,113,189,174,139
144,290,272,203,100,178,166,136
163,333,314,245,117,177,162,124
158,328,305,198,114,188,179,139
209,449,427,310,109,172,164,116
202,508,497,370,122,182,164,143
167,436,409,290,134,235,220,179
143,335,315,235,74,93,82,68
189,398,373,259,110,159,146,113
126,260,242,183,93,131,121,101
224,491,465,353,104,161,144,115
158,297,274,189,96,144,129,95
196,403,377,300,112,199,182,125
195,361,344,256,111,202,183,152
192,442,420,291,99,141,129,97
153,378,367,271,82,111,100,80
222,501,472,328,105,178,166,129
191,408,383,267,90,128,114,100
120,221,200,158,88,116,105,92
168,339,318,236,107,160,147,121
207,461,434,315,101,144,134,107
151,284,269,204,97,143,132,109
218,534,516,403,74,135,127,106
194,434,404,282,105,179,171,134
168,369,348,252,96,160,154,116
235,530,506,386,97,166,156,124
165,374,356,272,122,203,189,147
161,281,262,200,70,100,83,74
176,400,373,277,109,170,159,121
189,417,391,301,91,140,129,97
143,329,306,240,106,200,190,146
168,379,359,236,97,168,160,112
199,378,355,246,114,156,140,110
201,459,440,332,96,178,162,129
204,477,458,320,90,141,129,102
185,382,363,256,106,190,180,136
132,280,260,203,126,217,204,151
140,278,258,184,105,168,157,129
141,249,229,169,105,205,195,150
166,361,333,258,62,91,84,66
136,274,255,195,123,182,168,130
181,441,418,306,119,168,152,128
178,409,385,261,86,132,123,102
165,314,290,211,76,126,118,102
217,509,489,366,97,152,140,109
190,393,376,263,125,252,236,179
173,388,367,265,111,143,124,101
141,254,233,173,89,134,127,105
159,312,302,210,90,137,128,104
173,391,374,264,80,113,99,84
137,262,243,178,97,158,144,110
158,349,332,234,101,165,157,126
177,377,349,268,96,118,106,82
155,338,319,218,122,176,158,130
167,294,269,179,105,141,122,102
168,376,352,280,97,143,132,111
175,395,370,284,80,131,120,96
169,380,366,260,127,201,187,131
194,423,403,296,107,159,145,116
168,326,301,237,106,166,156,113
178,349,326,257,95,176,160,137
220,497,471,364,105,162,152,121
203,426,403,325,105,174,162,126
161,332,313,199,104,144,134,111
142,341,314,249,116,167,151,122
123,243,223,171,124,179,166,130
195,376,352,251,113,191,178,135
129,290,271,220,102,183,173,129
169,346,328,233,104,199,191,136
156,343,316,223,85,145,130,101
179,396,366,273,104,156,144,115
131,215,199,151,82,137,123,105
208,376,347,256,97,167,142,116
248,514,488,338,98,145,132,111
202,500,470,349,87,190,175,128
219,518,492,370,90,125,117,88
122,265,255,178,103,175,162,124
128,284,268,203,106,174,161,123
193,463,438,302,86,122,106,95
188,436,405,296,100,158,147,118
174,361,344,262,109,141,127,99
131,310,295,201,95,194,179,144
149,271,249,187,75,129,119,96
175,415,397,293,110,191,179,131
178,344,326,242,98,171,159,130
189,393,377,277,93,115,104,87
152,343,323,244,105,160,146,105
187,415,390,258,111,217,199,157
215,518,496,363,87,146,134,91
165,349,334,220,95,155,139,98
189,440,413,316,74,117,105,82
186,469,451,318,114,154,145,111
184,424,400,297,101,162,151,122
184,402,375,274,104,174,159,131
180,443,420,293,96,147,135,94
202,454,434,334,91,177,166,126
144,323,303,231,127,201,186,140
106,256,242,179,91,132,122,91
142,350,335,232,130,228,210,152
156,341,324,258,123,206,189,146
193,422,404,294,92,142,126,107
217,467,445,333,85,139,127,98
166,321,297,224,99,186,174,122
149,349,327,229,78,111,101,79
196,402,381,284,108,168,151,123
216,509,489,371,81,112,100,88
169,369,346,264,109,218,208,169
156,390,372,257,69,105,98,79
182,424,403,299,78,108,99,80
209,482,463,331,102,161,147,132
130,236,221,165,102,160,151,114
223,528,505,381,97,131,117,97
190,415,396,279,102,162,152,119
140,318,303,208,119,154,140,105
141,316,297,249,111,171,151,138
171,363,338,238,90,146,133,103
199,490,460,324,110,212,196,167
207,434,413,302,106,176,162,127
144,334,316,218,110,183,172,138
173,388,366,282,124,217,200,147
157,335,319,237,80,126,120,89
136,296,278,227,90,140,129,106
190,450,427,318,97,148,136,108
234,525,505,336,89,122,108,91
199,443,418,309,94,146,131,94
142,346,327,222,114,194,174,140
160,348,324,233,95,140,131,109
191,492,460,339,93,139,126,95
166,351,337,244,120,189,177,142
181,330,299,230,124,196,184,142
95,143,129,96,83,157,145,113
153,325,299,195,84,138,127,105
179,413,383,276,80,113,102,86
194,420,398,287,112,168,144,115
162,366,352,278,92,144,134,103
185,457,434,326,120,231,219,176
186,388,364,260,119,218,199,148
197,464,440,322,93,135,116,104
145,279,264,187,105,186,172,140
198,473,439,332,97,145,136,105
190,392,372,277,127,210,200,151
127,225,214,154,92,149,142,120
161,351,326,249,112,172,163,133
158,307,282,192,89,162,148,108
153,342,314,226,115,175,163,133
165,333,305,235,100,141,123,94
145,347,324,242,104,166,151,121
145,263,242,197,101,115,104,80
132,294,272,226,104,166,153,131
165,428,411,334,95,154,140,111
168,399,370,256,121,192,180,134
206,486,468,356,88,147,136,101
135,238,223,172,80,114,108,91
179,409,377,295,97,152,142,119
202,397,369,272,107,199,193,144
163,365,351,260,85,122,111,86
150,296,278,225,110,156,142,115
173,335,315,221,106,183,176,136
137,250,230,170,87,121,114,89
110,247,234,162,134,256,245,189
167,299,280,193,86,121,108,92
142,305,289,204,113,145,134,109
174,352,326,249,104,155,144,116
144,354,333,228,81,147,136,109
232,481,459,336,123,175,162,129
195,398,372,284,95,125,115,97
165,331,308,219,93,142,130,106
149,289,274,193,95,121,109,89
197,456,435,334,109,158,150,115
189,381,361,278,91,128,112,104
166,334,316,228,134,211,197,152
176,382,351,276,100,160,149,123
119,319,303,201,87,147,133,114
189,396,371,262,91,175,161,131
155,317,300,212,82,103,94,80
191,426,401,316,116,164,149,120
143,309,295,210,111,194,180,151
194,469,443,327,127,223,205,153
227,516,494,369,108,150,138,119
185,435,415,318,86,142,132,96
154,376,357,273,91,160,148,124
221,498,477,379,106,153,138,112
156,393,371,286,79,138,130,100
188,380,360,241,94,144,131,105
208,498,475,337,108,142,122,99
159,370,351,268,80,135,125,95
107,218,199,121,83,131,120,95
204,564,545,388,127,242,227,170
194,419,400,294,122,204,185,155
185,363,333,249,121,212,199,147
224,518,488,352,130,183,167,128
173,377,349,275,94,150,146,115
149,339,320,245,113,171,153,117
172,374,351,241,77,102,92,80
159,366,349,240,113,182,177,144
164,303,283,212,108,172,163,128
157,371,340,235,121,219,207,166
145,284,267,199,104,173,159,135
149,316,294,224,123,216,204,165
150,340,322,245,113,192,178,138
175,350,331,248,115,177,159,124
152,325,307,236,93,152,141,106
170,300,273,184,126,190,171,150
166,374,353,265,78,138,129,115
198,383,355,245,87,153,140,106
194,480,452,339,72,102,85,78
181,408,379,284,99,145,129,102
178,384,359,256,104,195,181,137
147,330,316,236,104,163,149,120
155,318,303,213,99,157,147,125
176,388,362,273,82,129,120,100
181,425,406,297,113,201,186,157
147,296,278,198,145,226,210,170
158,370,347,269,117,171,154,129
209,491,470,357,65,100,94,75
165,340,317,226,80,122,117,93
156,299,279,204,112,177,159,144
168,299,282,210,125,207,194,154
136,340,322,221,101,150,138,105
168,357,342,245,114,197,183,164
144,272,254,191,94,148,141,107
218,526,495,373,103,194,180,145
177,358,331,239,125,178,168,124
176,421,396,285,123,251,241,178
217,467,439,332,91,158,144,111
158,415,394,290,114,189,175,116
143,317,297,234,110,206,192,138
143,321,304,224,117,156,140,108
173,479,452,350,93,128,120,102
178,414,386,302,90,128,115,98
167,402,381,273,87,132,114,96
228,466,436,353,113,169,156,137
135,266,250,189,73,96,84,74
152,326,311,250,99,163,145,133
236,547,518,383,87,127,115,94
139,284,260,199,81,124,115,93
216,535,511,369,80,127,117,100
203,441,413,313,97,129,118,105
201,438,416,295,106,160,144,111
175,452,426,297,105,142,126,108
144,339,315,242,96,195,182,140
187,424,394,291,103,138,126,107
141,273,252,177,78,108,101,90
181,352,330,251,108,184,170,117
146,279,272,186,81,124,111,84
149,343,324,238,107,208,191,150
116,230,212,150,115,175,157,140
180,436,409,293,102,173,158,117
145,333,315,219,83,124,109,87
144,309,286,231,103,164,146,106
151,349,334,254,93,156,139,102
172,321,300,228,82,132,120,105
109,256,246,205,95,127,115,91
201,460,436,317,95,139,131,105
159,387,367,258,120,189,180,134
145,329,311,241,119,170,158,123
191,473,450,333,111,174,162,126
183,463,436,326,77,114,104,93
151,238,214,166,89,143,135,103
182,313,283,200,116,188,174,138
201,393,370,271,93,126,113,97
173,427,407,272,80,125,115,92
206,476,447,311,88,146,135,121
130,245,227,173,95,168,157,116
137,317,297,218,103,188,174,135
172,366,342,243,107,146,133,115
182,455,440,307,87,139,124,99
178,375,354,240,89,104,95,77
187,397,375,253,84,115,107,91
195,447,429,304,109,190,173,129
164,335,318,232,110,169,157,121
174,414,387,281,132,236,222,166
174,393,369,290,137,233,223,181
176,410,384,251,95,151,141,119
109,207,194,141,113,161,147,131
179,386,359,259,100,139,130,101
175,420,391,291,112,164,150,109
145,358,343,257,105,195,187,129
194,426,403,292,118,208,191,157
134,336,312,235,107,150,140,119
167,359,336,227,117,194,175,127
178,403,378,291,109,192,179,139
168,358,340,229,120,186,171,133
144,301,279,208,92,117,98,89
164,318,299,222,114,184,167,139
176,387,371,245,118,202,189,138
186,360,331,255,111,181,167,131
211,550,533,406,98,166,151,117
171,353,327,210,92,127,123,98
201,414,392,306,130,190,170,137
181,441,418,308,100,159,145,109
119,267,253,176,68,101,95,76
200,486,463,362,124,144,131,93
204,471,455,348,85,100,89,78
172,361,344,246,90,153,137,101
172,395,377,274,77,128,118,102
184,372,346,245,84,121,115,94
154,338,321,225,106,153,142,104
191,420,394,310,136,251,238,168
176,369,352,284,102,186,174,126
202,458,433,309,126,200,184,136
125,279,263,189,111,173,157,123
145,317,295,225,81,154,137,106
163,392,366,270,97,171,159,113
168,433,410,302,97,123,113,87
127,261,248,198,119,188,175,124
143,272,258,186,90,147,136,115
121,256,235,167,91,150,137,103
137,328,310,249,84,119,108,80
115,187,172,119,83,132,125,97
158,335,315,198,105,150,139,107
125,292,270,203,122,159,142,122
185,409,390,271,92,184,170,124
152,302,285,230,108,192,178,146
130,252,229,184,98,120,108,95
198,405,380,290,111,220,203,154
192,442,414,288,97,170,158,118
163,324,299,213,86,134,116,97
194,437,401,317,64,110,97,84
165,363,343,251,89,121,114,96
189,404,383,280,102,156,145,94
135,312,296,224,83,100,90,81
118,231,212,158,123,177,165,132
166,385,365,252,118,234,220,162
210,401,385,284,102,151,140,116
146,224,208,167,120,168,153,132
182,414,387,287,90,129,116,90
231,537,512,384,126,177,172,139
181,395,368,279,124,201,183,145
191,470,449,340,91,110,96,83
151,315,300,226,97,164,150,114
191,461,435,325,98,145,137,106
127,214,205,147,102,174,161,122
132,298,280,217,96,140,127,100
175,357,337,268,83,143,131,107
193,454,425,319,93,140,129,110
180,371,349,250,114,187,178,125
185,379,355,264,100,158,148,129
187,442,428,338,94,165,147,112
153,324,303,215,106,171,162,128
172,411,396,282,92,121,112,97
153,319,302,206,112,166,149,129
196,436,414,294,104,180,165,123
132,291,268,180,110,162,152,114
207,459,441,322,120,213,197,151
188,390,373,280,97,141,129,107
155,332,321,229,85,145,133,112
151,275,256,208,102,154,137,108
140,319,300,235,117,211,203,149
205,443,415,341,106,206,195,147
185,389,359,290,86,138,132,98
156,400,377,255,106,195,186,153
145,369,347,238,104,164,154,135
202,472,448,349,118,212,197,152
201,445,418,301,118,177,159,124
175,315,289,205,123,172,155,119
181,392,362,264,106,158,141,115
161,307,291,198,80,110,97,81
212,411,385,286,76,123,113,93
114,219,205,152,109,157,145,117
231,429,404,287,106,154,142,106
164,378,350,234,88,155,147,117
189,395,374,280,114,189,178,124
163,389,367,243,103,193,181,151
186,358,335,249,130,239,228,161
176,381,354,239,98,164,154,110
197,456,434,306,101,171,162,132
197,381,352,280,116,171,159,127
177,341,325,248,102,173,167,133
116,217,200,141,94,159,147,107
162,353,332,229,96,167,149,123
188,392,371,283,116,207,193,154
229,490,473,372,71,100,89,73
239,512,478,361,98,149,134,102
160,330,303,222,91,130,114,97
152,358,342,270,92,159,147,120
160,363,344,243,75,109,92,78
209,447,414,299,92,158,148,105
240,485,458,355,86,104,93,83
171,437,413,314,109,187,176,127
163,365,348,237,86,128,119,104
186,469,446,314,84,130,118,101
197,398,380,280,102,197,187,140
137,300,277,183,95,171,164,112
227,598,570,391,98,146,133,121
145,295,274,214,89,133,120,97
225,500,472,365,93,175,161,131
165,342,322,246,108,159,147,119
184,337,315,236,107,178,157,113
146,298,275,202,89,151,138,107
162,351,330,224,104,156,145,108
154,351,330,242,97,186,173,143
174,372,353,252,86,116,101,92
115,207,197,151,84,126,112,83
215,473,448,346,100,148,129,96
159,340,320,242,92,157,147,134
158,363,352,248,112,161,152,121
141,280,266,180,111,162,147,117
127,246,231,166,86,117,106,96
165,401,375,279,112,207,194,153
207,428,402,297,95,125,115,86
139,365,344,224,84,135,123,104
150,333,311,215,91,166,154,128
181,361,337,249,106,153,137,115
87,165,151,118,118,181,166,122
159,378,357,260,101,165,151,113
190,442,399,285,77,93,86,72
179,424,403,275,93,149,136,104
228,498,465,336,107,174,163,133
171,345,316,247,111,157,140,117
147,285,260,168,108,187,171,142
206,443,417,284,92,145,131,107
151,297,281,218,110,165,156,117
190,440,419,287,96,143,134,99
199,453,427,338,83,151,142,111
240,522,492,362,99,151,138,114
169,340,318,230,67,92,84,70
162,412,395,273,97,184,172,132
134,327,314,218,78,105,96,77
116,234,217,163,103,134,123,97
182,405,379,275,103,197,185,150
139,289,277,211,104,155,144,110
161,291,273,226,105,178,170,124
242,539,510,379,67,96,87,72
178,422,399,290,110,171,160,126
173,388,370,290,124,203,184,144
118,235,218,146,113,180,166,121
189,401,383,258,105,135,126,101
180,359,333,265,86,130,118,109
122,292,279,209,135,226,211,145
193,472,449,322,82,120,110,81
159,359,325,228,108,184,171,141
174,411,390,282,107,166,150,129
200,403,378,284,115,175,155,130
138,261,246,195,96,149,137,101
172,419,401,285,127,231,216,155
208,442,421,304,105,206,196,156
123,292,269,197,81,99,86,77
111,209,196,151,83,124,111,93
217,486,452,349,113,194,181,131
140,254,242,172,91,182,170,123
180,392,371,269,106,152,140,110
211,400,377,281,94,145,134,107
198,474,456,331,94,147,138,104
163,296,272,202,100,141,128,120
184,443,420,297,79,159,151,130
225,438,411,309,93,184,166,129
169,299,284,185,95,163,152,120
205,493,467,348,96,140,125,108
169,370,352,249,91,148,135,105
166,399,374,252,98,172,164,121
138,262,244,155,99,157,141,118
163,389,366,284,75,89,76,72
162,382,361,272,120,230,214,174
193,365,342,249,101,183,172,126
165,416,395,285,68,100,92,74
161,373,363,258,114,161,144,120
154,305,279,203,88,136,125,95
192,356,331,234,117,216,204,159
158,334,313,205,123,211,206,145
180,373,351,286,106,183,173,129
156,344,324,248,107,186,175,114
173,384,356,268,97,120,111,94
199,398,380,284,92,146,125,88
162,296,270,192,90,163,153,123
149,310,291,198,102,202,189,144
153,360,347,227,82,93,84,76
192,389,360,281,132,233,222,168
170,336,314,266,128,220,206,162
162,314,294,239,90,124,107,99
185,440,413,319,89,163,147,118
180,408,381,274,98,132,120,104
180,407,384,268,105,155,144,115
154,355,339,243,124,211,200,147
178,460,440,312,128,188,170,137
200,489,458,316,100,169,153,126
162,342,327,238,117,196,177,135
210,408,386,284,75,109,99,87
127,236,218,169,100,138,130,101
172,366,348,265,77,96,88,77
210,498,482,370,112,187,175,138
155,315,302,222,124,213,198,153
183,324,309,242,82,145,134,88
231,496,469,314,107,165,152,122
141,273,256,167,124,216,205,161
221,453,431,296,123,180,169,125
175,361,337,239,113,195,180,155
186,436,417,326,108,162,149,119
168,351,333,249,91,153,143,122
136,242,225,183,79,113,98,86
171,334,312,221,71,95,88,75
201,454,428,292,134,182,166,135
140,311,292,225,97,151,142,106
121,183,169,127,124,215,202,156
192,456,436,323,104,184,167,137
209,451,429,317,108,187,175,134
171,345,328,245,74,125,113,86
136,228,216,162,95,122,105,94
160,349,334,254,112,179,167,137
191,463,433,304,136,232,216,179
207,491,463,348,113,178,158,136
124,256,244,194,75,132,121,90
131,306,289,207,106,186,172,125
193,437,405,314,105,146,135,108
170,393,368,269,89,138,129,102
202,485,458,322,96,170,155,112
228,604,575,435,111,168,149,118
147,301,284,225,102,134,118,100
112,213,200,163,86,168,155,127
209,441,410,313,93,139,126,90
183,467,449,321,103,174,162,125
146,336,315,221,87,125,114,103
142,319,300,198,119,168,157,120
188,461,434,330,108,182,167,132
201,560,536,408,84,151,143,107
154,404,383,269,56,79,70,60
205,472,446,345,91,140,125,100
206,488,466,336,105,182,172,129
183,456,427,320,97,138,129,101
183,432,410,313,65,72,66,57
176,344,318,231,93,136,125,110
149,347,325,233,105,197,186,132
123,264,248,190,94,156,146,122
157,341,323,241,130,196,175,143
126,253,240,158,111,211,196,153
169,384,360,287,117,162,144,122
189,357,341,261,102,182,168,144
170,384,369,274,101,159,149,116
183,465,441,307,90,153,140,118
94,172,164,128,102,167,150,130
218,512,488,354,94,155,143,108
165,368,350,247,113,189,171,132
153,356,338,236,100,134,124,102
200,456,425,302,95,136,122,93
142,250,235,188,97,163,152,120
151,331,313,211,118,173,160,133
159,349,335,236,85,148,140,112
139,261,250,191,123,178,160,127
199,362,344,259,94,159,148,119
164,326,302,238,112,160,147,117
179,391,365,287,96,156,138,112
169,364,339,271,101,162,156,125
132,273,254,195,113,170,158,122
155,310,291,235,77,148,134,101
215,470,441,314,109,159,149,118
171,357,334,258,103,176,166,138
202,441,415,293,103,132,118,98
186,327,307,217,91,134,127,88
198,445,420,330,114,229,218,163
175,380,356,268,77,124,111,87
197,462,439,348,107,173,165,138
184,483,462,347,114,198,184,134
247,567,539,396,112,133,119,101
161,310,286,205,96,169,154,135
209,491,467,349,104,157,144,117
163,311,289,232,84,105,94,75
171,363,340,257,76,124,108,86
141,259,245,191,109,171,159,138
182,357,340,249,81,145,136,99
148,293,268,174,85,124,115,92
180,388,369,264,124,214,202,152
124,248,233,185,80,112,101,78
205,442,408,297,101,151,137,107
130,290,272,188,104,123,111,102
140,336,320,226,101,155,146,107
206,410,388,264,87,134,121,104
172,416,402,281,106,156,142,120
171,329,317,234,92,134,127,112
171,336,313,233,133,229,214,168
135,298,275,187,120,202,187,146
192,431,420,321,83,177,166,121
182,415,389,305,128,219,209,178
191,407,383,292,98,148,132,99
173,309,296,193,109,169,155,127
171,351,326,255,114,175,158,122
205,496,470,354,116,182,167,140
190,330,313,217,91,144,129,99
191,377,353,257,99,169,157,137
167,346,329,239,141,237,222,170
159,294,281,207,125,205,193,141
207,512,485,364,94,128,115,90
162,345,325,238,100,140,130,104
179,346,317,240,123,175,157,130
161,283,255,213,90,116,100,94
150,337,319,225,95,165,158,129
154,302,279,199,114,175,157,133
190,463,438,318,83,176,167,139
212,457,441,310,82,141,134,105
147,341,322,237,116,158,143,120
173,377,358,260,80,99,91,78
161,260,240,176,100,170,164,119
204,404,375,259,87,121,107,90
262,589,547,395,98,178,165,126
148,302,288,200,105,179,164,119
193,403,375,270,93,153,143,114
199,473,438,342,105,138,128,105
165,401,374,297,120,165,149,122
186,474,449,338,91,164,145,123
152,341,327,215,123,193,179,137
192,441,411,295,107,171,160,123
146,337,319,224,106,179,168,137
130,251,234,180,117,200,186,146
160,343,321,249,143,251,235,162
185,335,311,233,97,140,129,104
190,447,425,325,110,189,172,131
238,495,473,365,115,180,165,140
139,265,250,169,86,127,119,82
137,295,283,199,83,96,86,78
196,480,460,333,106,161,147,124
155,358,337,255,108,200,184,141
132,277,264,186,96,183,176,133
185,443,421,312,97,149,139,120
178,428,403,296,118,194,182,153
186,376,343,251,89,130,120,92
173,376,357,276,122,235,223,167
204,473,449,351,71,107,96,77
159,413,394,299,84,137,127,105
165,377,358,256,96,141,132,100
218,482,450,338,97,144,135,108
138,247,232,148,110,183,168,134
150,294,276,197,111,176,161,137
202,427,407,309,110,194,175,146
211,490,471,342,81,117,103,89
136,292,276,207,106,197,184,141
134,242,216,173,109,189,178,140
140,273,256,191,104,165,148,117
120,261,251,167,93,136,120,100
164,303,288,218,109,208,198,146
170,344,333,259,103,198,179,136
172,381,353,228,103,146,131,111
176,474,454,308,89,124,111,90
192,441,413,325,132,232,218,172
173,389,365,268,79,115,102,77
177,370,351,256,99,148,136,105
184,334,309,238,95,120,106,92
130,233,208,152,80,115,101,90
186,365,337,246,106,186,170,122
185,405,378,283,89,161,146,120
192,427,396,291,106,202,193,142
239,511,478,353,92,170,162,140
210,464,441,340,103,147,139,108
200,380,360,281,106,190,175,144
158,353,337,251,94,192,181,136
130,310,293,207,102,169,159,142
217,518,486,369,110,186,169,136
186,395,369,272,96,130,113,99
189,459,425,290,97,159,146,113
156,317,291,226,83,145,137,113
141,258,236,198,95,116,102,92
144,264,247,160,119,188,176,146
211,461,446,339,98,144,126,106
191,405,386,261,99,130,114,99
200,467,438,308,100,164,153,124
173,411,390,264,106,169,156,130
180,389,364,271,93,172,160,139
118,197,178,133,117,205,190,152
187,427,408,301,83,163,154,111
177,362,347,262,97,130,116,95
174,376,359,269,75,84,77,62
242,561,537,389,89,133,124,94
165,410,391,272,75,125,108,92
179,449,421,301,106,176,160,114
201,433,403,296,105,184,170,128
148,313,287,237,93,142,131,104
152,309,287,208,105,172,157,135
150,349,327,234,88,121,112,101
197,442,421,291,106,182,174,148
146,311,294,229,94,152,141,118
174,291,267,190,84,156,150,103
144,273,259,178,113,178,164,129
207,435,412,320,102,153,140,114
160,303,284,208,108,162,149,120
223,500,475,341,143,197,183,145
194,499,480,367,95,175,163,126
170,358,334,255,109,211,200,157
135,251,240,172,85,124,117,98
169,379,361,283,130,249,237,148
163,327,309,226,79,121,112,85
125,230,215,162,102,174,161,131
175,348,327,249,111,171,160,123
140,267,246,172,133,219,203,170
200,441,416,303,79,117,106,87
173,415,397,309,91,139,131,105
139,276,261,195,116,219,203,151
206,455,426,330,88,140,124,98
172,388,362,279,84,124,111,90
196,395,371,266,99,178,163,120
177,381,363,279,121,185,176,143
176,372,354,258,72,105,94,82
206,488,464,352,111,218,204,153
226,495,468,310,83,98,84,75
135,254,242,174,106,185,175,125
174,339,315,232,106,149,137,112
191,342,317,219,95,184,173,146
184,401,381,272,93,164,158,114
162,297,277,214,102,155,145,110
178,360,333,242,93,152,138,112
149,330,313,216,92,161,152,120
137,298,282,180,93,134,123,104
178,366,335,231,86,151,142,118
185,394,375,275,96,152,140,128
135,257,238,168,119,194,181,123
175,333,312,238,99,188,174,154
180,389,365,271,119,199,178,123
193,388,366,266,92,169,156,129
113,228,209,165,88,144,135,105
174,418,395,284,98,125,109,94
180,476,457,331,84,128,120,98
188,448,432,321,110,185,169,143
149,354,331,239,86,116,110,87
179,412,385,287,74,125,117,89
184,401,373,274,86,119,113,96
193,429,407,287,109,164,148,114
183,432,408,316,117,192,175,150
179,376,352,276,114,217,205,138
140,280,272,223,93,148,136,108
113,260,244,171,96,143,127,111
209,428,405,290,103,162,150,124
206,478,453,326,108,143,138,118
188,447,425,309,70,101,96,83
203,428,402,284,114,167,154,124
227,463,444,330,89,131,122,84
111,200,188,127,103,195,184,145
143,290,279,190,102,200,191,139
167,425,408,300,116,217,199,159
220,569,538,404,106,177,166,132
162,350,336,234,79,126,120,102
158,353,330,251,80,137,131,96
156,314,298,210,119,164,146,112
241,597,574,422,95,150,139,109
160,406,371,259,79,131,121,93
163,316,298,224,87,139,130,107
207,473,441,323,121,241,221,173
186,430,406,298,99,209,193,151
144,267,259,204,93,154,143,117
175,296,273,207,86,134,129,103
250,543,515,349,97,144,129,120
106,195,181,138,99,131,121,102
148,269,246,186,101,204,184,129
132,292,278,213,100,181,169,138
139,299,282,198,81,115,101,94
174,371,349,281,119,220,210,156
171,378,350,258,112,153,142,113
150,306,287,206,103,158,148,123
192,365,347,252,84,115,103,82
174,384,368,257,102,163,154,131
198,388,365,289,83,126,112,89
136,256,246,164,107,171,157,118
156,336,317,246,110,154,143,101
151,399,383,274,91,150,138,117
174,340,323,244,99,153,144,108
194,472,448,338,108,162,151,112
149,274,255,200,96,151,140,118
139,352,335,224,111,164,156,120
169,407,379,274,102,179,164,125
130,270,247,200,85,141,132,89
129,231,219,161,85,144,136,95
139,262,245,174,110,183,173,135
159,402,373,272,79,97,86,72
150,273,255,187,104,155,144,105
187,480,448,338,110,168,160,117
175,381,362,279,113,182,165,139
205,443,424,308,106,145,133,105
154,381,357,251,101,137,132,98
152,325,303,189,86,145,131,105
172,382,360,275,132,246,226,153
166,397,374,279,86,135,119,99
217,483,454,320,96,140,120,99
170,352,327,234,107,155,141,114
198,437,418,311,131,221,202,169
186,436,417,302,91,103,96,77
140,259,239,165,141,218,205,163
192,445,416,295,93,168,161,131
186,361,339,261,98,133,121,106
154,295,281,205,111,182,173,136
193,448,422,306,111,172,153,113
145,302,287,205,103,191,180,126
146,287,270,190,66,89,81,71
194,440,418,288,102,176,165,134
158,352,329,258,114,221,207,164
123,252,238,187,95,127,118,98
120,227,213,151,113,168,153,124
185,397,379,301,106,182,167,138
138,350,337,255,102,139,129,101
180,371,348,249,73,115,108,82
184,412,385,280,107,161,154,121
158,307,286,196,92,130,120,89
138,287,271,190,108,194,174,145
159,290,276,220,113,165,152,107
156,350,338,222,104,166,153,116
199,435,416,289,95,165,150,122
156,332,313,223,80,137,116,97
197,412,391,258,105,148,139,118
168,311,287,218,96,164,149,122
219,409,381,283,127,207,189,154
164,360,330,257,110,208,194,155
191,482,451,329,106,175,165,132
198,465,441,340,121,192,183,151
176,340,320,215,93,147,134,110
162,368,349,229,97,160,152,123
164,328,304,215,98,170,156,128
204,487,470,342,86,137,128,100
170,430,395,316,127,211,197,144
150,302,278,227,87,115,102,90
199,463,438,320,118,172,157,126
158,381,361,268,124,179,162,135
234,451,422,305,103,182,169,135
206,439,420,312,106,170,156,127
196,503,475,349,106,154,139,106
143,296,275,190,110,162,146,117
192,462,435,340,87,135,127,105
173,341,321,241,111,195,180,148
131,251,235,162,101,162,157,120
215,495,476,384,98,159,146,128
156,325,308,221,116,165,149,123
226,444,416,321,72,82,72,63
173,351,333,240,103,168,154,126
205,386,364,240,124,227,211,156
178,341,322,217,124,191,176,133
184,458,433,320,107,160,150,125
96,169,157,120,96,139,125,103
177,400,375,285,83,151,142,111
157,330,314,222,97,147,136,113
189,411,389,313,128,239,224,179
153,363,345,270,105,175,161,133
194,414,387,294,109,163,157,122
200,435,413,274,96,142,129,104
165,315,289,228,130,226,214,167
208,513,486,363,101,179,168,137
214,494,467,356,80,118,107,97
133,275,257,175,102,157,151,114
174,373,343,252,130,222,209,175
148,302,288,218,77,131,123,104
154,306,280,221,95,159,149,122
232,524,496,342,115,190,175,151
163,311,286,211,117,216,199,151
207,463,439,307,125,231,225,167
132,264,248,189,111,171,162,136
202,417,394,304,160,320,302,253
169,343,314,232,98,155,144,119
153,283,253,192,110,219,205,171
148,293,269,188,92,133,123,96
165,360,344,237,81,114,106,89
212,452,430,315,88,144,133,106
217,455,428,302,92,140,131,107
186,455,429,309,114,130,119,90
211,473,447,324,91,140,125,94
182,407,381,275,94,161,151,108
156,317,298,198,87,163,148,116
197,476,455,316,104,156,145,121
140,260,240,178,92,159,149,105
151,338,320,233,91,129,119,102
210,523,502,373,94,150,135,106
197,367,344,265,112,159,143,119
169,346,325,237,145,218,197,161
174,393,379,273,93,139,127,107
163,297,279,210,103,170,161,125
159,321,297,233,99,156,148,110
123,339,328,226,120,185,173,138
126,292,272,182,98,154,147,113
203,454,437,304,95,145,127,112
195,495,468,347,101,173,162,119
164,326,304,221,94,145,132,107
194,397,370,295,114,167,159,123
200,456,428,303,102,181,163,124
166,371,351,284,92,148,134,115
143,304,289,204,108,171,162,120
205,451,430,331,106,147,138,106
143,310,287,229,116,183,175,117
142,306,283,182,114,175,163,125
199,409,382,308,97,157,146,110
195,432,409,311,99,186,180,130
148,354,332,238,119,216,198,175
128,299,284,204,119,257,236,197
168,317,299,223,85,98,85,73
190,396,373,256,105,148,139,108
204,428,396,279,89,121,107,90
190,426,407,298,121,218,200,153
178,386,371,279,103,139,129,108
125,261,248,191,110,184,167,139
218,508,480,339,77,90,77,77
182,334,310,233,119,192,184,141
164,315,289,228,99,154,149,115
185,415,390,267,101,139,127,106
162,292,273,198,116,201,183,150
173,396,375,251,91,163,149,120
177,367,346,251,110,178,161,128
156,346,316,234,101,135,120,102
115,232,215,159,103,169,154,110
178,374,351,265,68,77,69,60
181,397,362,285,111,187,178,136
189,405,386,294,110,150,137,112
167,375,347,282,76,139,127,106
169,316,288,213,68,84,78,64
154,323,305,214,108,154,139,104
212,478,448,311,101,183,170,139
140,259,245,188,83,129,120,93
128,270,253,178,101,165,154,122
123,195,176,145,100,150,135,109
187,371,347,242,122,204,192,135
134,262,247,177,100,149,135,103
173,380,355,261,88,109,97,88
221,444,414,298,95,132,123,89
163,354,335,221,95,160,145,126
214,487,456,348,115,164,150,109
219,447,425,303,85,121,116,95
158,376,352,243,80,117,106,82
187,402,383,300,92,141,131,98
185,421,405,294,105,137,119,106
116,214,198,138,119,178,163,130
138,252,230,184,111,201,185,146
117,266,255,194,120,158,144,112
203,446,423,305,92,170,158,125
214,478,454,348,106,168,160,131
105,211,200,117,116,191,164,131
130,284,260,187,87,164,148,125
136,307,293,197,85,149,141,118
178,423,404,312,113,171,160,125
153,322,306,203,103,178,165,128
207,454,429,294,101,181,171,138
177,367,344,277,97,137,128,109
176,295,268,200,106,147,131,103
188,329,303,220,87,117,104,88
179,361,343,257,107,168,150,117
204,447,422,322,111,163,148,116
178,406,381,279,63,118,112,102
217,477,456,338,104,163,146,119
161,344,323,235,108,186,175,140
200,495,476,361,89,133,122,100
133,247,230,153,81,121,111,93
120,262,252,172,110,176,162,129
177,395,376,288,117,179,164,132
167,350,326,230,96,205,194,145
160,358,340,264,100,136,124,86
143,325,311,230,67,97,88,75
157,401,377,283,106,146,130,95
130,278,265,199,109,171,158,132
203,473,449,336,97,157,145,108
212,480,450,320,153,293,277,190
152,359,343,265,91,120,110,98
145,320,305,212,102,169,158,119
156,333,301,231,93,122,115,100
155,355,335,237,117,143,124,108
176,397,375,284,108,188,181,135
161,279,260,175,75,95,81,72
157,274,258,161,73,90,78,78
186,383,352,255,81,113,100,89
138,286,265,195,122,161,150,125
209,486,452,331,130,233,215,170
203,489,470,319,98,169,158,119
145,282,262,209,96,144,134,114
161,334,299,241,100,187,169,131
132,267,245,185,93,156,139,100
205,401,370,283,113,225,208,159
128,227,214,179,107,147,133,113
164,295,269,217,127,203,180,138
149,370,346,265,99,159,146,101
149,348,330,237,104,188,179,131
182,363,342,244,101,170,155,123
169,355,338,245,76,138,126,98
150,334,307,232,118,229,222,155
228,541,505,374,83,125,116,92
138,276,258,180,93,148,135,117
158,314,297,216,124,227,211,161
210,521,494,360,127,208,193,134
155,302,279,212,100,121,106,94
185,375,348,238,110,201,186,159
172,383,361,244,87,135,121,112
179,316,299,213,91,158,151,124
131,274,263,187,106,173,148,130
188,383,350,256,110,161,148,118
158,317,297,211,77,106,98,87
92,193,175,128,118,192,168,133
164,353,329,246,106,170,160,131
145,256,237,174,110,200,186,151
173,349,323,235,120,228,212,166
147,306,284,201,88,130,121,103
165,341,316,239,125,204,192,152
136,345,330,230,119,206,194,160
166,300,281,210,100,139,129,99
171,347,328,219,98,162,147,117
118,251,242,168,85,123,114,93
161,351,329,234,113,231,214,169
185,323,298,241,77,118,110,92
179,416,397,283,84,126,122,92
185,422,397,291,67,102,97,77
166,384,364,283,93,157,144,121
133,268,252,182,113,157,143,106
153,358,334,247,107,166,151,105
215,435,408,291,111,175,163,123
188,389,363,257,103,158,152,117
173,354,335,215,112,196,181,147
231,560,534,380,116,211,199,146
160,331,315,232,89,138,121,102
182,421,398,305,92,141,123,107
153,377,361,263,104,130,124,97
164,302,288,221,102,153,136,110
141,355,343,236,86,142,131,101
154,310,292,204,88,127,110,92
186,416,391,309,100,136,124,103
165,421,402,314,105,141,128,111
171,382,360,263,102,162,141,117
124,245,225,165,112,175,167,136
148,304,293,190,93,135,127,92
151,308,288,208,76,148,135,116
158,335,313,228,79,115,107,89
156,384,353,281,97,172,166,117
121,253,242,171,112,197,188,142
149,320,301,232,126,188,168,120
158,326,304,222,102,161,147,97
165,426,405,294,106,177,160,134
223,484,462,355,124,203,189,149
161,344,327,263,112,169,159,117
182,397,374,278,111,214,201,157
119,233,221,155,98,163,148,109
162,335,307,225,99,187,178,128
167,390,371,268,83,113,102,81
183,350,330,242,98,160,149,122
213,561,532,403,97,159,153,116
170,332,308,215,79,155,145,114
176,351,327,243,121,213,200,164
212,451,422,272,98,158,141,115
206,425,407,291,100,143,130,98
176,395,374,276,123,237,222,173
223,471,447,352,95,137,130,102
166,359,333,250,113,208,197,155
177,388,359,265,102,170,158,136
228,555,532,399,82,116,103,84
163,382,355,255,81,137,131,107
165,386,367,278,77,124,119,93
160,269,257,185,80,115,106,85
166,327,308,247,106,170,156,129
148,266,253,191,126,245,229,182
191,434,409,305,145,204,191,155
137,269,253,199,105,188,178,130
181,354,340,247,135,227,213,160
157,379,363,269,109,229,215,169
158,274,248,179,115,172,156,131
160,367,355,239,101,165,150,120
206,433,409,314,116,152,142,118
147,263,251,198,105,157,144,125
256,529,502,353,81,112,106,90
215,475,440,353,94,150,140,103
144,250,231,199,101,136,123,101
165,399,375,270,101,158,144,101
181,414,390,294,91,134,122,96
126,235,219,174,98,138,123,104
184,415,392,293,116,175,156,136
152,336,312,210,102,146,135,111
122,274,257,174,111,173,163,117
207,469,443,304,86,122,111,88
182,437,420,291,84,125,116,89
138,355,341,237,107,193,180,145
151,329,307,231,113,160,150,114
177,447,434,309,102,160,145,112
223,407,378,274,109,180,165,141
192,483,467,329,88,162,149,119
158,298,277,192,98,138,125,100
152,353,324,241,115,202,193,149
156,288,271,181,96,130,118,91
202,496,466,333,143,267,248,183
161,340,318,237,100,146,131,111
184,426,408,303,88,129,121,90
202,376,357,263,109,201,190,147
190,538,523,403,103,164,150,115
152,330,310,217,102,136,125,106
157,280,259,198,116,165,153,107
226,451,434,321,99,114,102,90
150,339,323,228,98,183,173,130
136,250,239,187,127,247,223,161
118,230,214,165,104,146,132,114
152,328,306,207,77,115,101,90
153,334,316,202,136,216,208,158
224,472,450,314,101,143,134,101
135,214,199,154,78,155,143,101
187,408,382,297,118,182,170,128
198,510,484,381,83,110,97,86
129,253,239,189,109,195,184,116
188,428,406,317,103,167,154,121
202,384,364,271,85,147,138,116
163,377,353,238,99,159,144,125
136,231,206,146,116,190,179,145
190,417,394,282,97,135,128,97
203,462,432,334,121,206,194,145
153,296,275,203,81,140,128,100
144,341,319,235,138,254,235,188
147,311,286,234,82,118,103,100
211,487,462,335,99,122,101,80
193,440,420,328,106,157,141,115
162,371,356,240,78,124,111,89
229,533,511,365,135,227,208,168
174,362,340,240,112,171,158,132
184,383,356,248,110,203,187,140
194,412,388,270,87,144,130,117
195,451,431,294,125,234,220,162
138,269,244,168,97,166,149,116
187,400,379,289,128,204,193,136
140,289,270,198,89,152,144,117
130,306,290,203,113,204,192,151
132,258,235,168,110,198,186,151
184,419,390,280,112,167,157,123
190,467,453,335,92,156,148,105
155,361,342,252,108,160,146,126
192,384,363,265,100,158,150,127
107,229,217,169,96,135,123,92
180,379,357,253,72,114,104,87
226,485,448,318,120,208,197,133
154,333,313,212,82,120,106,88
190,343,318,226,102,194,179,131
160,330,302,241,96,132,119,94
182,349,330,223,126,192,171,146
142,373,350,260,102,179,170,133
186,444,420,308,101,180,165,128
211,437,411,290,117,188,167,137
186,390,367,257,105,161,150,117
193,426,391,292,91,129,116,94
140,301,284,203,106,190,170,125
194,412,383,277,92,152,141,95
130,252,247,181,130,235,224,184
188,436,400,298,104,197,186,136
156,319,304,235,92,151,141,114
144,289,272,184,96,162,146,117
162,283,258,198,87,153,146,102
150,236,219,167,102,163,148,121
173,401,389,285,91,128,114,95
145,340,325,261,76,113,102,81
183,404,378,263,106,167,152,123
120,235,217,165,84,167,155,115
154,319,301,220,98,161,148,107
161,415,398,283,105,181,165,134
177,399,381,290,134,245,231,164
167,329,314,242,94,143,128,111
170,376,359,258,117,184,169,127
143,272,252,183,96,132,122,94
179,406,388,282,107,154,142,104
132,246,235,191,93,116,110,88
179,346,322,234,101,175,165,124
159,323,308,211,97,165,154,119
155,333,316,205,68,117,109,91
168,388,364,268,85,146,134,118
204,485,450,339,115,177,168,139
210,492,472,338,99,162,150,123
203,471,444,312,123,182,166,143
171,379,360,268,115,214,205,146
191,382,360,246,75,107,98,74
184,426,398,305,90,147,133,109
151,257,243,188,75,123,112,87
154,319,295,219,93,125,111,99
193,399,374,251,86,113,103,88
159,350,331,214,86,120,108,83
161,295,270,195,95,152,140,110
201,450,428,313,83,102,89,67
151,262,239,176,108,177,159,124
182,416,395,320,82,89,79,63
153,326,294,188,76,71,60,60
214,489,462,338,132,230,211,165
153,375,347,257,99,185,176,126
126,242,226,162,92,161,155,120
132,280,264,198,130,225,212,166
181,355,332,253,99,164,155,110
199,418,397,276,90,127,110,99
173,404,377,281,96,164,156,124
156,316,295,221,101,142,128,111
157,290,272,201,91,116,106,87
149,375,355,292,91,126,114,79
142,348,334,254,106,181,170,132
117,227,207,152,104,187,177,139
147,331,311,232,104,196,186,144
153,356,336,225,108,154,138,120
154,326,309,213,89,98,90,71
131,291,279,208,87,156,142,104
166,373,347,252,102,168,156,127
171,373,355,246,108,201,184,141
213,497,463,338,92,131,121,100
131,211,193,141,120,219,207,164
178,382,356,273,100,146,135,94
135,269,251,183,96,170,159,115
184,385,364,274,106,144,133,110
240,511,486,378,70,81,71,68
181,380,360,262,110,161,146,123
170,367,346,240,82,123,117,89
193,315,293,213,106,141,128,114
173,371,345,232,100,166,155,115
215,427,409,305,94,166,155,122
134,249,230,162,91,189,178,128
144,282,262,199,99,135,127,101
248,481,456,317,99,157,146,125
223,540,514,403,92,122,108,89
248,558,532,388,95,154,144,119
137,304,296,201,108,179,156,128
164,344,322,212,107,201,195,148
117,248,231,185,122,187,176,131
170,411,390,280,82,125,113,88
117,212,196,157,123,213,196,150
117,231,214,151,110,204,191,139
220,496,471,359,92,159,150,116
185,378,353,270,121,206,188,148
165,382,360,255,92,111,98,85
201,479,456,343,112,159,141,124
170,414,392,274,87,157,147,114
201,497,471,361,117,184,170,130
154,304,288,205,119,183,173,142
226,492,459,357,86,139,132,110
187,388,358,283,101,151,137,120
182,411,380,303,113,172,157,118
145,322,307,235,98,148,135,103
184,404,382,275,114,185,173,122
112,198,189,141,82,135,125,110
157,377,361,278,108,159,145,111
176,393,378,265,80,108,99,78
156,333,310,242,90,127,120,94
195,435,421,301,107,161,148,108
154,290,274,223,118,202,191,154
203,509,478,328,128,178,161,129
182,403,376,261,73,137,130,106
239,519,492,368,99,171,156,123
192,447,426,323,94,158,144,101
212,479,443,327,109,186,165,125
149,330,313,229,83,145,133,98
158,292,273,226,88,130,116,93
172,369,338,240,80,131,120,98
160,313,295,216,92,132,123,100
158,387,361,258,92,182,170,143
175,394,370,264,139,214,194,155
157,310,293,204,111,163,153,119
164,288,273,215,103,182,163,133
190,440,411,309,117,168,154,134
196,452,429,330,97,176,167,131
185,412,394,290,81,134,124,97
202,407,388,279,98,152,139,126
165,338,321,239,98,129,121,96
104,224,213,150,80,126,115,93
201,436,409,311,116,157,145,113
151,351,329,265,91,142,129,101
173,419,401,298,104,167,153,116
215,479,454,353,117,196,186,148
121,233,217,172,78,113,101,73
151,336,310,238,107,153,144,103
125,201,186,155,98,147,136,108
101,188,173,143,112,176,159,128
173,341,314,223,109,169,165,146
157,321,297,214,123,195,184,158
195,345,325,236,102,143,129,98
221,466,444,326,96,130,112,96
186,491,457,341,98,161,144,113
160,410,382,278,67,82,79,60
190,390,369,265,104,159,148,122
165,371,354,255,112,242,226,160
113,182,170,133,112,161,150,122
160,334,310,234,98,156,141,108
173,383,359,251,92,149,138,115
192,378,352,263,117,205,193,152
198,370,341,254,113,206,189,130
227,457,434,328,110,161,151,128
189,430,404,285,114,183,166,144
218,451,420,307,91,105,94,83
199,421,396,288,98,156,148,116
139,258,239,186,126,182,164,132
150,258,240,198,119,193,182,134
100,171,159,115,87,144,129,99
147,305,287,199,96,147,137,105
154,314,294,219,89,159,144,112
147,285,269,191,97,193,181,135
182,447,419,292,118,205,183,148
179,374,348,254,91,158,144,117
169,385,370,282,98,168,157,121
126,298,286,195,92,153,144,118
205,445,422,320,91,140,128,111
221,495,468,352,103,158,146,109
126,274,260,203,86,137,124,104
191,423,393,290,80,150,139,95
190,454,428,329,112,199,185,146
179,329,302,218,90,128,117,98
153,346,323,228,88,142,125,98
110,206,196,153,88,138,123,101
201,420,396,284,102,176,163,129
230,551,519,368,117,187,169,126
179,399,384,276,91,135,117,99
180,340,314,233,91,147,133,108
177,369,352,247,92,139,122,104
181,423,404,312,116,176,166,126
185,405,375,261,101,142,130,108
182,489,467,346,94,140,121,105
180,426,403,313,93,115,107,83
154,340,318,239,94,188,171,145
130,229,215,158,90,126,113,84
204,481,454,312,113,159,146,118
163,318,296,226,126,235,224,177
171,341,315,251,95,162,146,117
131,300,287,211,116,176,162,136
168,320,301,238,113,186,170,129
149,307,286,211,109,182,168,133
191,351,318,236,88,119,110,80
143,273,263,182,90,138,128,112
156,339,318,242,101,155,137,124
133,290,266,204,90,163,151,111
200,437,417,286,91,117,102,81
145,284,262,163,92,174,166,135
201,400,379,267,124,224,205,171
174,444,422,282,91,157,147,107
193,392,371,279,86,124,113,97
114,263,250,169,114,176,164,130
173,325,308,234,131,241,222,172
209,476,452,310,82,138,128,105
178,415,391,283,104,147,137,111
151,344,326,224,130,205,189,153
177,371,350,241,80,112,99,86
166,371,356,247,117,186,170,142
201,426,404,318,103,162,145,122
171,334,312,231,121,215,196,161
193,385,365,258,91,176,167,131
206,408,380,300,108,211,198,158
187,473,453,347,125,197,183,138
206,429,407,312,111,181,167,127
134,286,265,203,108,180,170,138
154,321,297,236,120,185,176,125
218,419,394,301,104,166,152,126
171,372,353,251,125,210,200,152
185,403,377,276,106,145,130,112
160,339,323,219,109,184,171,142
149,285,267,190,121,184,173,143
207,402,374,276,122,196,186,142
196,401,384,263,108,182,174,142
171,449,426,329,151,261,237,172
143,325,307,232,83,130,113,94
184,438,418,330,91,154,142,123
178,448,424,332,102,150,133,121
198,464,432,352,93,124,114,91
162,309,292,219,86,116,103,86
174,387,360,258,89,128,113,101
170,341,311,205,103,168,158,119
150,389,373,264,81,103,90,77
200,452,429,301,85,124,119,94
203,464,435,328,109,194,182,141
168,425,400,305,118,175,160,127
168,378,354,265,86,110,103,82
156,309,292,217,88,139,126,100
177,306,283,202,114,187,170,133
174,375,351,257,86,139,125,103
164,328,303,216,102,159,149,121
183,472,436,345,83,127,117,86
182,368,352,240,90,123,109,96
119,218,203,152,110,178,158,121
170,389,367,251,80,123,107,95
205,455,433,317,106,163,151,122
162,356,330,231,83,122,112,82
210,414,389,275,117,182,165,133
135,231,217,186,89,111,101,90
169,362,345,224,108,174,163,138
125,239,222,192,93,162,151,120
148,249,227,167,94,133,121,107
211,492,465,338,117,216,203,160
105,245,234,191,105,160,149,119
192,385,364,270,113,202,187,155
232,464,433,340,100,148,141,114
192,417,401,284,90,157,147,113
190,433,415,289,95,139,133,100
164,370,348,252,117,203,191,149
226,438,404,298,100,131,119,100
129,203,190,148,66,71,64,59
185,352,328,223,96,133,124,94
197,401,380,288,89,147,143,107
139,277,259,195,109,206,197,136
190,499,474,384,65,80,71,70
166,370,352,245,86,154,145,104
162,367,338,265,104,188,173,144
201,420,395,286,87,123,112,93
174,418,402,296,89,145,132,110
145,348,327,229,105,162,144,118
188,395,371,266,89,145,140,101
155,362,340,236,98,177,165,133
171,375,357,266,119,162,153,125
187,370,344,249,86,112,96,81
214,362,337,251,63,87,82,66
142,339,321,240,87,127,117,92
161,377,360,255,94,143,126,110
164,371,346,272,112,190,177,128
192,436,410,300,108,169,160,121
164,379,361,268,105,159,143,108
162,363,343,230,96,182,166,126
167,308,282,209,98,159,149,115
151,335,318,235,78,143,136,92
128,253,236,181,75,116,101,87
178,355,335,217,111,171,160,110
172,367,349,259,107,182,171,146
191,423,399,290,103,153,140,120
194,410,386,268,82,132,128,94
112,210,193,153,112,183,169,148
130,276,263,206,91,153,132,109
178,380,350,258,77,153,135,99
154,286,262,201,76,111,98,88
216,470,447,337,105,154,139,127
161,356,331,248,108,193,176,151
199,458,430,306,101,161,148,124
188,403,388,274,104,147,138,118
190,391,366,271,93,136,126,107
183,346,325,241,94,136,126,105
154,424,410,264,90,153,141,107
149,346,331,239,88,137,122,113
168,354,336,240,122,205,182,130
161,329,315,230,86,127,116,95
213,418,399,307,91,144,129,103
171,416,395,295,103,158,142,107
173,358,338,246,108,174,160,130
205,433,415,320,72,138,132,91
161,294,276,209,88,156,143,115
159,424,409,272,82,126,116,99
142,286,273,205,84,99,88,80
195,454,433,338,124,146,129,106
158,302,286,205,92,126,115,92
154,275,260,192,105,172,159,113
170,351,339,263,89,124,112,98
177,335,308,236,104,167,152,136
204,491,459,362,89,126,118,96
115,295,277,197,101,162,154,120
151,355,337,230,108,162,150,115
175,472,453,332,90,116,110,89
165,384,371,265,136,268,250,191
162,335,322,231,96,152,143,112
185,433,407,291,112,180,160,122
201,453,433,318,93,131,114,96
158,317,299,190,91,136,120,88
226,519,488,357,85,108,100,89
185,365,342,273,96,156,144,119
155,421,402,309,125,223,211,159
153,356,337,253,135,214,194,160
168,390,366,256,119,189,177,140
165,360,340,219,123,223,209,162
200,461,431,312,116,174,160,140
160,338,320,235,72,93,79,70
190,442,408,287,104,166,152,122
140,318,298,214,98,109,100,83
224,488,471,334,86,141,129,105
137,248,230,186,101,181,167,123
223,509,482,332,113,202,187,139
200,515,488,374,122,218,206,161
146,370,353,278,80,119,112,93
184,447,422,328,90,129,121,91
206,439,413,311,95,140,130,105
117,230,217,153,120,220,205,152
194,431,405,304,115,206,197,143
154,348,326,232,109,190,176,150
161,369,348,240,84,90,81,70
205,493,457,336,75,111,99,79
221,499,471,365,80,78,73,57
229,547,527,385,100,151,137,119
143,253,241,198,105,141,128,112
156,353,331,240,92,147,134,96
183,465,438,316,107,168,158,120
131,313,299,206,78,117,104,93
157,322,308,221,85,143,133,108
183,423,406,293,66,84,79,53
131,276,257,174,97,158,141,109
205,448,421,313,125,226,219,171
167,346,324,237,118,191,175,151
124,214,201,153,112,161,147,129
202,450,434,336,133,184,169,130
181,371,345,262,108,219,209,166
212,486,461,340,127,186,167,136
134,286,265,174,131,203,188,140
207,451,431,323,78,110,101,81
155,328,304,236,79,122,109,90
179,352,334,255,79,126,116,103
188,464,443,354,129,227,214,163
144,302,281,228,71,103,92,86
191,346,318,242,104,162,154,114
155,310,284,191,91,118,110,95
181,457,430,321,110,174,154,129
144,349,333,223,102,161,148,110
100,207,195,145,106,175,152,124
158,432,411,311,115,159,145,120
156,378,354,254,100,166,153,123
205,494,466,335,88,141,129,98
139,311,300,228,95,164,144,118
185,431,398,311,81,148,133,108
181,464,444,355,89,136,125,102
156,286,267,200,95,168,152,119
180,372,357,266,102,155,142,118
162,389,368,285,98,140,126,104
168,359,345,248,91,135,123,106
141,292,273,208,103,156,140,122
216,480,454,329,101,171,155,115
164,348,322,235,105,134,113,103
115,265,254,169,100,161,151,130
185,374,354,251,129,195,178,129
140,267,255,204,107,172,157,130
172,364,345,250,96,176,161,132
130,269,256,189,111,198,185,136
206,437,414,301,115,204,193,152
156,347,330,256,121,181,169,134
103,202,189,136,103,137,125,110
169,380,357,282,115,149,138,121
164,336,315,220,118,213,199,149
170,431,406,271,118,240,228,160
188,401,382,276,91,154,144,117
187,465,440,359,97,163,151,104
147,298,280,200,121,180,159,135
178,376,352,254,80,140,135,106
129,273,255,204,88,146,137,100
135,317,298,199,101,155,147,116
165,325,302,230,97,160,150,117
169,383,362,257,92,156,139,100
154,315,296,202,80,117,101,85
179,401,383,268,103,179,165,130
183,401,378,267,85,114,109,91
165,366,347,246,80,136,122,97
149,294,281,225,97,183,170,141
141,323,307,228,106,168,149,134
150,335,322,203,118,175,163,132
162,315,301,210,123,230,218,183
194,376,359,260,81,153,146,98
130,293,277,211,125,198,181,149
189,430,408,300,104,166,157,111
205,456,440,318,89,127,118,83
166,363,343,227,106,148,138,115
110,189,174,140,76,114,107,87
167,371,357,251,98,151,144,112
190,375,352,267,115,218,207,158
163,339,323,254,106,147,134,102
142,298,280,229,111,164,156,118
172,403,386,263,94,147,135,98
152,348,327,245,90,179,160,112
117,283,272,191,110,191,175,134
224,451,420,304,112,163,152,110
153,233,210,153,90,160,152,114
162,344,317,224,105,166,155,101
221,537,504,385,87,130,118,97
169,398,374,281,96,163,152,133
224,407,379,303,95,151,137,102
174,365,345,256,103,142,130,109
224,501,476,372,87,124,111,99
122,276,259,193,90,149,139,106
185,423,397,275,98,161,148,138
185,408,384,275,98,146,136,112
165,303,283,221,97,150,139,113
167,365,340,241,95,185,171,137
202,437,411,310,104,151,143,99
190,416,387,303,96,166,155,128
163,345,330,259,106,170,164,127
180,429,407,316,94,135,120,99
193,468,450,336,98,144,131,109
169,318,294,209,83,113,103,86
177,342,319,218,75,156,145,114
143,326,310,223,91,151,135,106
164,338,315,237,93,125,109,93
173,379,359,267,133,244,231,160
137,247,231,156,112,173,160,123
198,454,425,320,127,207,187,154
204,451,422,303,103,184,172,126
207,439,414,310,85,131,119,86
214,463,440,328,111,159,139,111
145,313,295,231,112,197,183,130
187,432,407,302,111,171,156,124
204,460,429,299,96,175,160,133
159,330,313,221,109,209,194,157
183,379,347,264,108,173,163,130
207,520,493,392,91,147,139,116
180,349,331,248,69,101,92,81
165,345,318,231,123,183,169,148
153,367,346,255,103,138,130,92
159,373,354,278,100,155,143,117
238,587,559,418,116,199,182,129
169,406,383,301,100,158,152,118
194,445,430,308,88,141,131,106
224,502,472,360,106,182,168,133
195,437,410,332,98,136,126,105
154,326,308,252,70,82,75,66
166,314,295,229,109,178,170,127
161,427,406,295,91,128,117,91
145,351,340,249,81,120,109,92
143,349,332,262,89,142,128,101
151,291,272,216,104,165,151,113
161,375,354,256,106,167,151,116
156,359,334,245,89,148,136,103
117,266,251,182,91,122,108,86
168,328,307,225,109,192,177,136
203,390,360,261,113,130,115,90
164,359,339,255,125,205,189,149
182,409,386,281,118,168,152,126
189,398,378,272,119,204,186,148
111,264,248,174,99,178,170,134
167,412,395,296,102,167,159,129
153,343,314,237,113,160,148,119
166,400,389,292,80,117,113,89
192,423,400,307,115,199,184,158
158,338,313,203,95,161,150,127
177,444,418,329,105,135,125,99
111,222,206,141,109,182,168,133
125,236,223,175,116,222,203,149
170,296,279,205,116,153,144,111
133,319,302,220,86,113,101,87
131,227,208,160,108,187,176,155
166,353,330,238,105,165,150,123
206,444,414,304,114,169,157,127
208,471,443,312,107,146,138,113
154,281,262,191,117,159,144,123
134,302,282,224,102,162,156,122
173,373,348,254,94,114,103,87
142,295,280,230,111,177,158,131
150,363,348,287,71,118,111,77
162,355,338,268,114,184,174,137
137,268,252,174,100,164,153,119
120,227,213,140,92,144,134,97
155,358,333,250,83,147,135,102
231,523,497,382,102,171,160,123
176,408,381,256,94,125,111,94
124,254,234,158,94,136,121,111
126,278,261,214,83,113,105,82
124,229,213,154,113,195,179,146
161,323,301,233,122,195,174,133
171,373,350,258,105,151,141,109
142,314,292,237,94,162,150,104
166,406,383,294,87,100,85,81
165,389,367,294,95,144,133,103
211,428,407,311,104,157,142,104
178,377,354,266,97,147,137,106
168,370,344,239,118,215,203,161
182,407,378,285,88,145,135,86
168,308,288,216,90,127,117,101
130,277,259,187,102,144,128,109
161,346,332,244,83,171,163,133
135,275,261,190,92,138,131,109
161,398,374,284,106,215,200,162
170,364,352,258,98,150,141,96
166,358,335,233,115,170,151,126
198,406,379,290,100,126,113,88
204,502,486,364,82,132,116,90
153,294,275,217,114,186,175,136
167,347,321,233,112,191,180,115
152,329,308,228,98,164,158,125
187,361,341,250,107,174,164,127
123,283,271,205,109,134,118,100
115,218,205,148,95,149,143,112
182,409,382,294,91,112,99,77
224,470,442,332,82,127,117,98
156,318,297,208,90,158,146,116
220,483,453,353,95,168,157,123
119,209,192,138,81,104,99,76
187,492,470,366,100,171,159,133
184,437,419,303,118,188,179,152
177,352,330,259,111,163,147,118
157,389,362,257,92,115,99,84
157,402,385,259,102,153,145,114
211,470,442,337,100,138,117,111
133,202,184,145,92,154,136,107
142,334,315,249,98,145,130,104
174,387,368,259,116,195,184,150
163,353,323,238,106,172,154,118
145,349,332,244,92,144,136,103
225,533,506,368,115,202,187,139
152,323,310,223,99,156,149,111
167,324,308,240,99,163,151,119
143,290,269,201,123,163,153,134
186,404,382,270,111,171,158,122
183,384,360,267,78,119,108,89
140,256,237,189,105,145,138,105
158,377,360,253,91,150,133,98
203,454,437,323,98,163,152,118
127,248,237,162,83,153,138,102
113,213,197,141,124,238,222,166
167,347,326,228,104,170,153,108
131,330,324,240,71,91,80,65
120,270,254,164,89,132,124,95
141,270,254,171,110,176,166,140
205,408,386,303,129,174,158,131
152,307,287,215,85,121,114,95
118,277,255,182,104,149,138,116
161,327,306,214,73,126,114,92
166,288,270,197,102,177,167,134
175,368,338,247,111,166,152,124
157,331,304,233,112,168,158,132
189,414,396,284,93,144,126,111
177,316,291,213,92,115,105,89
224,407,377,283,90,127,113,92
146,325,305,236,83,139,127,97
197,451,422,325,81,124,117,95
213,527,509,371,132,209,192,150
170,483,462,365,117,169,152,116
151,354,341,235,122,165,145,124
172,421,403,300,112,188,177,144
167,329,310,236,119,210,200,157
163,346,324,229,104,166,152,119
174,423,402,278,97,160,146,125
189,359,336,245,102,147,137,99
137,307,286,224,82,132,121,100
110,180,162,132,77,128,113,97
158,264,251,191,112,197,182,132
184,406,380,282,119,206,192,154
145,332,311,250,98,190,186,142
167,382,368,267,87,146,138,110
184,411,381,300,122,220,208,158
200,394,370,286,67,90,77,72
157,362,339,248,106,168,154,137
172,379,367,251,98,152,143,114
210,488,458,321,94,136,120,90
170,310,295,207,104,156,145,117
164,334,318,221,99,113,97,85
168,429,406,299,85,138,135,106
200,451,423,303,65,125,118,88
161,369,350,242,108,195,183,146
193,461,436,322,98,170,154,133
203,451,425,324,93,155,146,122
133,282,267,188,92,107,88,82
163,299,274,206,109,178,160,124
179,374,353,272,79,108,95,78
175,350,333,263,101,161,146,114
141,280,267,186,99,128,113,94
185,393,372,288,80,90,82,69
129,344,319,225,127,202,187,141
209,473,449,320,87,138,126,110
153,310,298,246,99,129,115,103
162,355,333,251,87,124,114,93
175,360,337,235,108,183,173,133
197,450,422,316,92,148,139,109
182,414,392,293,97,184,175,137
205,494,472,350,102,184,171,138
136,294,278,168,102,163,152,120
161,356,334,230,95,149,128,103
165,421,392,317,90,116,104,83
124,261,247,182,99,176,163,136
105,246,229,160,110,213,204,163
129,281,266,191,124,198,182,143
177,331,317,219,132,205,187,163
182,378,354,259,143,265,251,176
154,336,316,223,105,174,164,137
205,480,451,311,78,164,149,101
142,321,298,219,103,138,127,102
198,403,377,289,104,166,148,104
181,437,411,300,111,171,162,126
216,502,481,348,106,160,146,126
164,378,356,249,85,135,118,86
166,365,351,285,99,153,147,122
116,226,214,162,99,116,103,85
146,279,260,198,87,138,122,109
121,365,343,226,85,126,116,85
170,332,319,237,101,197,186,142
200,488,454,338,89,142,131,98
196,417,388,293,103,132,123,108
151,280,254,190,112,186,164,126
156,345,323,229,90,121,109,89
163,297,275,191,114,195,177,147
166,368,349,263,117,192,171,129
194,425,409,284,99,147,132,112
125,242,217,173,104,159,150,125
190,437,421,295,101,161,146,110
148,300,275,193,120,200,184,135
180,383,364,256,112,211,191,135
172,388,371,261,78,116,109,89
135,249,236,167,100,131,121,95
154,362,346,222,115,157,143,125
149,291,271,199,117,209,194,152
146,303,281,199,90,123,114,97
125,318,298,217,100,165,157,122
151,287,269,198,107,163,145,119
204,441,413,295,93,150,137,106
144,317,305,238,126,240,224,166
176,365,345,236,81,103,96,74
140,268,241,183,93,143,129,97
193,408,375,270,68,94,84,75
141,285,271,185,108,148,135,112
183,410,389,296,95,118,106,96
112,207,197,144,99,178,167,125
209,410,380,285,68,119,112,85
193,458,442,355,77,117,103,82
156,332,306,218,86,101,90,74
155,341,322,229,104,143,130,109
157,321,302,228,106,155,143,112
163,330,305,210,104,186,177,135
142,368,352,271,92,134,120,84
138,242,219,160,105,179,168,138
159,323,301,184,82,113,97,87
162,331,308,243,70,114,99,79
143,276,259,199,93,156,145,117
159,338,313,229,107,164,141,125
124,251,232,174,103,124,111,89
162,354,329,238,90,141,132,102
180,378,359,261,92,144,128,115
134,285,264,196,140,205,187,150
147,314,301,226,94,127,113,95
198,447,420,323,62,106,97,76
179,400,370,264,106,171,164,123
185,386,359,272,105,150,138,113
162,306,283,212,99,145,131,109
216,500,477,337,117,172,153,127
131,301,282,221,108,159,143,121
198,387,367,255,91,145,130,114
161,384,366,282,118,186,171,126
110,215,201,167,92,178,165,132
146,260,236,161,122,199,180,132
195,446,426,292,110,178,167,130
154,364,346,244,95,167,156,128
128,264,250,174,103,151,137,118
182,380,360,262,132,223,211,164
171,403,375,277,114,158,144,108
173,375,358,241,97,128,112,86
223,447,419,325,92,128,117,96
161,425,403,314,92,161,148,118
112,185,166,136,84,121,109,84
194,408,384,279,88,104,93,74
155,429,414,294,116,194,185,147
182,343,323,256,117,180,160,141
166,320,300,224,110,217,207,162
168,381,369,308,79,97,87,71
169,352,335,249,120,186,171,154
143,319,301,245,124,171,157,122
149,298,279,218,93,128,120,94
173,446,421,314,81,107,90,84
157,309,288,209,107,178,168,132
190,470,446,348,98,180,167,142
158,357,342,242,83,114,107,87
164,355,335,243,96,147,133,107
175,440,424,329,109,148,127,108
180,383,357,289,95,162,156,128
177,410,389,285,84,129,112,103
207,521,489,365,108,210,200,140
174,385,361,269,120,195,183,141
168,461,447,320,100,166,153,118
170,342,316,224,89,129,120,104
187,369,350,271,110,176,165,127
149,324,299,252,119,201,186,140
168,380,351,251,85,132,116,99
164,338,312,215,100,137,128,101
213,476,451,308,142,217,193,150
206,472,443,333,87,100,82,80
161,373,357,258,107,173,159,121
175,343,320,262,108,188,174,139
170,363,340,268,108,191,178,130
178,413,382,279,108,200,191,156
184,430,417,307,91,161,150,123
224,443,413,319,87,149,136,103
166,337,323,233,139,226,208,168
191,451,429,325,89,101,88,75
205,457,436,310,98,180,173,128
191,385,368,288,104,189,179,128
178,445,422,306,75,114,104,91
170,356,337,238,112,163,149,135
201,434,396,279,100,160,144,114
188,386,364,250,103,148,135,109
149,342,326,238,82,116,108,86
199,421,401,329,90,165,155,117
197,479,454,335,111,188,172,123
161,348,332,218,130,205,189,144
170,402,386,275,105,191,179,139
166,382,363,284,83,123,115,89
122,200,185,144,91,141,127,102
223,494,474,343,121,193,182,141
233,529,503,372,109,174,167,128
156,308,290,212,79,127,111,102
182,461,438,323,74,97,79,78
162,290,272,221,77,101,95,86
169,349,330,258,113,185,164,146
150,347,332,221,126,165,156,127
136,325,309,229,90,128,119,93
187,364,337,255,121,165,153,121
163,349,327,234,100,153,145,123
142,386,369,285,106,162,150,97
189,408,389,278,85,115,107,89
178,391,373,278,110,192,183,139
176,354,331,245,99,153,142,110
148,336,318,257,115,167,154,122
157,347,322,252,128,186,168,137
133,272,258,225,84,152,142,111
200,440,414,295,91,136,123,108
105,194,180,151,120,188,167,121
162,382,360,247,80,111,101,84
155,314,290,226,98,153,137,116
182,393,361,285,99,150,142,115
133,310,297,215,74,96,85,68
127,262,241,178,100,135,118,99
131,277,259,178,102,183,169,141
204,426,403,297,109,150,135,117
168,332,317,225,106,160,143,118
155,313,300,228,105,156,145,119
161,377,355,256,103,161,146,107
123,236,220,156,88,146,133,108
142,326,308,233,88,112,105,80
198,381,357,293,102,154,143,110
109,215,191,129,83,115,104,89
143,340,326,230,90,141,130,106
175,346,328,242,94,112,97,87
155,333,319,223,106,160,150,110
193,351,334,225,112,180,166,136
172,444,419,318,114,171,162,122
192,455,436,326,103,149,132,104
179,473,460,338,104,181,169,135
141,269,252,188,71,124,114,91
215,450,421,315,93,137,130,103
195,406,381,277,73,88,79,71
144,293,283,211,105,201,187,151
168,383,363,301,88,133,122,103
149,290,274,204,104,169,156,124
117,204,190,131,108,174,163,125
155,309,291,212,96,176,164,123
175,373,349,270,72,126,113,94
163,323,302,230,124,212,197,142
149,351,329,232,88,123,113,97
168,332,317,235,74,115,100,80
233,552,525,371,92,117,103,89
140,280,265,178,89,137,125,99
181,344,323,234,102,191,181,136
173,350,331,247,72,108,102,84
217,525,498,391,104,131,119,95
131,278,260,186,92,144,133,116
153,264,245,190,91,137,119,96
