189,365,344,280,136,236,223,155
176,328,304,230,144,288,268,221
193,496,471,355,128,257,246,183
187,399,378,280,123,188,174,132
189,440,419,315,143,256,243,178
125,266,247,187,133,263,248,183
198,383,360,294,153,279,255,181
176,360,336,248,162,331,317,235
156,358,334,228,116,223,208,159
130,299,286,211,110,194,183,140
183,429,403,313,136,280,258,192
167,418,398,316,133,331,316,232
168,299,286,205,129,207,191,151
154,333,313,245,123,209,191,136
167,382,359,284,152,276,260,215
191,378,349,270,129,227,214,184
160,362,349,249,112,236,218,170
173,408,391,292,127,221,203,168
177,405,384,272,138,235,223,162
124,240,229,182,99,176,162,124
181,389,370,288,174,413,395,304
178,396,377,281,158,293,272,212
150,290,268,205,79,131,120,97
165,299,280,204,112,252,234,187
152,334,312,236,148,311,286,230
221,542,519,391,162,296,272,217
159,328,310,225,131,244,229,164
180,509,491,352,123,238,223,179
166,383,359,264,122,198,170,128
161,339,314,224,138,254,237,170
165,329,302,206,137,276,258,162
164,334,313,232,130,246,228,163
134,228,214,154,124,230,217,152
138,274,259,186,165,386,357,266
189,437,416,294,157,287,269,217
195,451,419,290,144,238,226,161
150,360,346,252,134,231,214,164
164,382,355,265,122,211,199,144
137,262,247,177,117,208,192,155
181,437,410,313,78,155,144,103
176,428,409,326,101,163,153,112
151,300,288,196,151,266,245,176
200,397,368,262,139,328,304,206
187,386,367,247,153,315,293,213
138,279,262,205,158,336,324,249
207,408,387,275,102,177,164,124
176,420,402,300,118,200,187,121
152,337,320,240,114,187,174,139
197,420,388,272,107,223,209,152
167,430,412,314,90,151,139,109
162,333,309,231,134,220,206,153
194,477,454,347,158,327,305,222
150,322,298,219,133,221,205,163
148,319,306,240,117,235,218,180
154,304,287,200,128,233,219,146
179,425,401,298,120,194,181,135
193,384,362,242,112,181,160,124
179,345,324,219,112,184,173,138
211,459,431,306,136,258,240,185
176,389,372,251,118,179,162,122
128,245,224,174,117,232,220,154
179,397,375,283,145,263,244,191
162,355,338,251,108,199,182,130
169,399,380,278,82,130,117,96
192,380,351,264,128,285,262,202
110,182,168,130,103,212,196,133
180,447,418,292,148,326,309,220
118,223,210,167,109,194,181,129
238,553,528,400,133,244,233,183
213,517,499,367,154,280,262,199
223,490,452,357,121,246,225,183
223,511,492,383,117,234,222,172
140,302,286,204,161,357,345,267
168,365,343,237,133,256,233,194
175,365,343,234,145,237,223,158
161,382,367,260,129,257,238,188
207,451,425,323,110,187,179,137
206,429,399,280,136,270,248,189
208,439,417,276,124,252,234,165
174,294,268,186,155,283,261,210
154,363,335,232,117,225,213,162
144,304,286,195,135,262,253,182
229,495,466,329,104,180,165,129
114,256,229,165,139,240,219,155
173,339,313,212,123,206,195,146
147,342,327,252,114,192,171,130
195,370,349,243,126,220,202,148
147,309,294,215,157,320,306,226
152,344,328,218,139,249,236,173
149,351,329,234,118,214,194,151
168,351,334,243,127,234,218,172
171,370,351,282,115,243,232,168
222,540,506,381,147,287,272,204
167,324,307,234,131,271,251,186
163,398,377,272,157,335,307,232
174,415,395,284,143,241,229,162
150,326,308,247,139,283,271,189
169,357,337,272,140,306,283,234
142,280,267,180,107,162,144,118
205,422,395,289,87,149,141,113
200,432,397,306,111,220,210,168
186,377,346,259,127,217,202,153
222,455,429,317,147,326,305,229
186,367,347,269,124,241,227,168
137,303,289,198,118,274,265,194
166,457,432,317,147,253,237,168
208,444,410,289,119,246,226,163
144,279,267,206,83,154,141,112
164,403,379,287,144,298,279,198
142,328,312,215,110,206,193,159
148,322,306,213,117,229,215,158
191,419,389,281,144,253,237,182
172,389,366,289,119,229,208,148
234,589,570,424,116,202,193,143
186,401,389,275,154,300,279,222
129,241,225,173,131,249,232,169
162,302,281,210,121,250,240,174
186,385,357,254,116,232,221,166
121,227,208,147,123,208,194,151
197,496,479,372,144,271,252,205
156,346,320,255,124,208,187,148
117,255,240,158,125,203,196,134
211,394,373,269,95,187,178,131
130,236,216,159,158,317,300,227
157,346,329,238,160,345,333,239
161,376,349,255,126,214,202,165
144,276,262,187,174,350,328,240
140,287,270,228,100,164,147,119
187,398,378,255,98,163,155,105
210,525,497,365,138,226,211,152
128,236,223,152,125,255,241,190
135,286,272,205,142,279,267,191
129,295,275,213,112,202,185,153
151,322,306,214,135,253,242,184
163,329,309,227,136,219,198,145
181,395,372,276,132,222,204,158
107,198,183,144,90,192,179,117
216,473,443,326,96,161,145,116
108,169,159,115,122,267,251,183
207,487,455,349,136,297,278,210
161,327,309,225,118,200,186,134
193,378,355,269,99,165,153,128
222,557,518,397,124,241,231,160
194,458,434,336,123,245,232,179
202,388,363,251,109,131,117,97
193,398,365,276,104,203,186,141
155,297,279,199,125,237,218,173
204,486,465,337,118,214,196,157
175,424,408,299,115,232,215,145
145,291,270,214,180,397,385,305
145,338,311,219,140,273,250,187
185,413,389,268,118,206,191,142
170,369,355,266,139,263,250,198
186,469,450,327,113,219,202,149
144,268,258,189,143,303,278,213
192,408,387,294,106,181,169,138
133,341,322,241,127,267,254,212
177,434,415,299,153,297,278,214
144,279,259,216,124,256,243,171
216,464,438,329,121,262,249,172
184,428,402,316,157,266,249,191
167,332,316,235,83,154,149,98
170,404,380,287,162,312,293,229
127,259,249,173,147,265,236,178
126,277,255,181,116,214,193,163
228,531,497,347,127,255,238,164
140,264,246,162,129,208,190,147
168,370,350,281,126,253,240,179
194,403,387,286,122,214,199,139
173,338,321,237,150,276,261,203
144,333,318,233,145,246,223,165
220,492,474,334,94,115,102,88
202,524,495,358,136,318,295,236
219,460,440,312,93,136,127,95
146,263,252,192,123,217,207,140
164,295,276,192,110,217,207,149
159,303,282,183,108,192,178,130
185,347,322,229,160,303,277,209
160,336,314,237,123,240,226,165
169,320,291,228,156,294,273,208
177,348,324,252,132,237,218,149
122,285,267,198,141,258,238,185
203,385,363,266,137,272,257,185
195,384,361,265,130,253,235,177
166,374,353,255,175,327,307,219
229,504,480,369,116,218,204,151
153,383,363,265,166,359,339,248
152,332,316,223,104,183,173,125
122,261,245,165,167,339,313,247
187,403,364,267,112,245,231,178
181,387,356,250,117,186,175,130
185,424,394,287,108,221,206,168
180,447,419,284,115,205,198,157
151,271,243,192,148,267,250,201
131,282,265,193,118,189,172,128
168,380,365,255,131,254,242,182
124,273,259,192,112,198,184,150
147,328,307,209,117,216,200,149
120,279,260,214,134,253,241,188
180,421,394,305,118,242,221,164
151,318,300,204,107,189,174,133
153,316,298,226,130,222,206,152
193,382,358,253,118,152,141,122
206,470,443,324,130,225,206,152
159,347,334,248,157,268,250,170
191,441,421,288,139,319,307,214
136,260,241,194,169,356,324,248
166,316,297,243,132,242,223,175
167,322,298,217,121,232,216,166
170,383,363,265,106,195,182,138
191,387,356,288,196,347,323,260
159,323,307,219,126,259,239,184
159,339,322,225,111,206,192,133
136,280,263,177,132,255,234,169
145,287,269,206,116,238,223,159
187,359,340,247,128,219,203,166
109,175,159,117,144,280,264,198
203,457,435,328,147,258,245,188
152,307,293,225,106,193,173,135
168,374,353,245,155,339,320,226
145,338,307,223,101,167,161,111
119,229,210,161,136,246,229,181
196,439,419,303,92,179,166,122
175,403,386,277,147,263,243,186
209,436,408,294,105,255,238,173
185,407,388,304,132,242,227,163
120,278,256,198,114,195,178,149
151,330,312,204,149,292,276,188
144,309,288,213,120,173,160,137
175,413,389,275,135,235,228,174
182,376,353,252,147,307,285,211
159,394,378,305,144,262,244,181
143,343,324,245,100,188,177,141
210,420,396,302,121,193,170,136
189,461,438,299,171,347,324,240
199,394,370,259,118,215,205,169
205,463,436,337,125,228,214,157
217,512,482,356,127,205,184,142
157,321,299,246,61,97,91,76
142,352,337,253,112,165,151,121
178,408,386,267,114,197,182,144
156,312,297,214,99,149,135,105
193,499,476,343,107,193,183,141
188,397,378,255,120,229,211,182
97,167,154,105,168,346,330,263
204,415,390,309,145,266,256,182
194,372,352,245,178,351,330,227
219,467,437,332,132,237,223,163
141,291,270,184,95,169,152,127
167,399,375,252,114,233,221,163
168,368,351,267,117,215,202,152
121,234,211,175,90,141,137,102
121,206,190,138,114,224,205,143
153,268,252,199,149,339,318,210
216,470,442,327,114,222,202,154
230,443,412,289,177,318,298,213
138,341,325,241,152,300,278,195
159,363,344,227,93,146,130,112
202,455,432,323,120,244,226,173
214,523,493,356,140,311,296,215
211,481,455,325,97,155,144,125
191,419,403,279,118,224,204,173
153,338,325,216,108,198,184,143
238,545,517,396,174,328,308,224
156,306,281,223,133,324,312,210
128,204,189,141,167,309,285,212
183,409,377,289,101,169,159,120
179,454,434,299,157,272,251,193
189,389,366,256,150,268,249,203
166,366,344,270,124,192,180,129
130,297,272,202,135,235,212,165
183,411,390,306,129,251,231,174
216,461,434,318,140,282,268,217
207,449,425,302,109,194,177,141
165,405,385,279,156,302,285,221
143,242,222,185,120,233,218,166
183,390,365,274,127,251,242,180
172,344,328,246,119,234,218,173
185,382,350,261,88,132,115,89
132,279,253,194,132,261,246,184
132,277,259,182,135,277,264,204
138,289,277,190,161,311,298,209
167,336,314,222,117,203,186,134
200,415,394,308,117,205,188,149
215,516,493,372,152,283,251,197
145,334,307,223,153,269,254,190
158,339,324,243,140,267,252,183
157,341,324,231,151,317,295,201
192,446,425,315,135,256,236,176
101,173,163,139,104,174,161,130
163,306,278,208,107,184,176,130
137,254,241,160,133,270,262,196
143,340,333,227,148,269,255,174
165,369,343,249,165,340,317,217
156,315,287,203,135,265,246,199
136,283,275,216,120,203,194,144
182,368,343,248,147,294,279,210
183,435,413,312,115,197,181,140
209,528,498,375,93,121,113,69
191,425,395,286,128,217,198,158
215,495,473,346,127,249,230,180
156,400,380,263,148,303,283,218
163,295,268,194,118,204,190,139
146,317,300,225,94,171,162,117
188,383,359,262,117,206,189,141
157,326,307,231,107,178,167,124
187,360,337,241,136,275,259,189
205,410,384,285,149,247,233,162
152,330,311,217,135,291,273,187
150,308,291,208,147,281,262,194
173,379,359,269,130,258,244,182
160,353,328,228,148,247,237,187
218,489,458,330,117,235,215,151
134,313,300,234,131,217,199,158
176,370,346,223,140,293,273,202
113,253,244,190,131,211,194,159
153,323,309,198,111,236,225,156
95,156,143,105,107,136,119,101
192,425,406,316,83,121,109,80
200,402,373,272,142,286,268,199
151,375,365,257,109,218,204,137
161,323,306,208,103,166,149,110
134,254,243,182,130,262,249,180
191,395,374,266,135,267,253,201
178,420,396,282,162,391,366,270
163,386,366,276,126,219,203,148
183,423,404,282,137,254,235,182
163,396,376,263,90,173,165,117
122,304,281,198,121,187,171,133
185,367,348,254,106,159,147,117
130,244,228,170,147,315,298,235
169,356,338,249,109,170,152,118
165,383,371,270,130,236,218,167
200,344,326,255,162,379,360,253
185,392,367,276,132,252,243,181
144,276,258,202,103,181,161,118
139,285,271,202,126,300,281,204
199,418,395,283,141,293,276,212
206,493,465,325,108,234,218,152
203,482,461,324,143,273,256,197
113,187,175,137,107,196,185,156
154,310,280,218,99,195,186,154
180,429,409,319,114,161,145,123
135,310,293,208,135,263,250,198
153,298,280,207,140,277,251,206
171,348,328,256,140,323,306,231
170,366,348,268,114,256,243,173
202,517,480,368,162,358,342,251
137,272,252,180,106,205,191,149
188,413,394,279,121,241,227,176
140,327,304,218,148,239,225,162
127,229,212,153,109,186,169,126
213,443,418,309,94,183,171,140
203,470,452,309,127,230,213,157
150,301,284,186,144,301,275,195
158,353,330,247,93,190,170,142
147,344,332,233,115,227,215,170
162,394,377,297,133,318,295,214
212,510,476,348,140,273,258,179
173,471,455,352,176,365,334,249
187,359,334,252,147,262,242,180
196,452,430,294,114,228,208,147
174,386,366,284,80,135,127,103
175,333,303,215,139,292,269,194
191,434,413,312,152,315,297,227
145,320,300,213,151,268,247,182
151,314,296,213,146,307,292,214
127,193,176,139,88,149,133,112
200,473,453,327,111,212,197,141
173,364,343,237,99,181,159,113
154,294,274,207,121,236,223,152
197,404,378,273,120,253,239,175
181,408,395,296,148,251,236,177
196,432,411,302,124,237,220,194
176,324,304,223,128,211,189,147
185,412,383,278,121,232,221,190
217,498,474,350,125,242,217,182
155,338,317,232,112,214,202,147
107,210,192,145,127,248,234,172
180,353,334,229,134,216,202,151
157,342,325,214,146,288,267,203
163,323,298,204,136,229,208,158
149,286,270,224,125,223,200,162
143,253,238,164,120,250,229,172
169,394,372,290,142,233,222,150
177,371,349,244,148,302,285,232
157,336,317,232,155,290,270,197
174,361,336,239,126,217,204,143
198,487,471,355,152,270,247,187
166,396,371,295,137,275,258,195
203,488,464,359,115,165,154,122
185,353,336,234,140,291,277,211
168,355,327,242,130,241,222,164
157,365,347,239,156,295,276,234
175,351,332,248,153,299,284,234
150,317,299,209,134,300,284,216
138,313,291,223,104,164,149,120
219,472,450,344,136,317,304,217
180,406,385,266,137,264,248,177
222,430,403,305,123,248,235,158
175,429,408,315,109,178,161,132
134,244,224,174,101,210,203,143
135,251,238,161,94,111,101,87
192,462,434,318,127,210,195,145
167,343,315,231,132,220,205,146
167,348,324,248,158,304,282,212
191,373,350,251,132,253,240,155
180,386,366,294,98,196,188,149
193,386,361,255,171,386,365,252
180,350,325,243,112,207,189,158
165,328,306,261,102,192,180,140
106,211,199,151,140,258,241,190
183,323,304,226,115,191,175,131
161,312,289,228,117,221,205,167
216,462,437,338,130,247,228,185
192,446,417,324,101,198,190,130
193,445,422,342,157,320,298,198
150,326,305,246,161,283,261,191
186,410,383,278,126,217,207,152
139,324,306,212,126,240,229,174
136,295,275,193,121,229,218,153
156,300,282,197,141,306,286,206
206,454,419,295,117,207,195,141
179,372,348,259,121,256,239,181
166,309,289,202,155,297,276,197
187,407,386,279,111,187,177,139
159,327,313,210,125,215,202,164
236,530,508,370,154,350,328,247
227,466,436,307,143,269,246,185
159,407,391,284,145,234,219,157
116,224,209,163,135,259,240,178
142,365,354,231,162,330,306,241
171,341,318,262,123,236,221,171
179,421,389,275,119,193,182,144
150,244,231,181,166,337,318,230
182,398,364,257,119,215,201,138
151,316,296,216,147,264,242,172
168,357,334,248,111,221,213,172
153,291,272,217,117,263,246,181
211,435,410,324,163,313,293,212
196,434,401,339,140,312,297,223
173,348,330,243,128,289,273,216
175,351,332,249,108,243,232,156
159,314,296,211,129,271,256,203
176,397,374,257,124,270,252,187
128,284,266,181,136,268,251,193
150,320,311,212,138,286,259,201
144,263,243,184,142,236,214,164
173,434,420,310,127,268,248,199
197,433,414,302,125,230,212,166
216,425,405,280,101,135,118,109
222,567,538,362,162,281,255,199
191,413,398,284,115,183,166,137
124,235,218,153,133,262,245,183
165,400,377,269,113,239,221,153
178,383,364,264,111,145,134,110
179,455,432,309,151,320,297,222
176,381,354,266,122,222,206,152
176,424,403,295,128,226,210,148
180,387,363,261,105,176,161,129
151,289,265,200,144,277,269,201
162,368,348,239,155,273,252,200
143,313,301,218,84,169,156,136
196,451,425,311,186,397,373,280
198,453,429,310,149,283,267,199
197,475,452,347,123,281,265,200
211,468,443,343,130,228,214,158
120,209,198,143,166,322,308,214
166,374,350,255,145,259,242,172
157,372,345,273,133,266,241,179
165,413,388,286,137,279,264,210
159,385,366,273,123,222,204,143
232,469,445,347,117,206,191,141
190,424,398,287,158,328,312,236
171,363,340,247,107,201,186,151
141,326,308,232,149,305,288,216
236,485,454,341,102,204,191,158
180,393,358,270,141,220,197,141
192,413,389,315,141,238,223,173
179,389,360,287,162,315,293,242
117,243,227,159,142,236,224,178
160,328,311,222,142,249,233,172
191,429,403,311,138,259,237,165
174,382,360,284,129,220,205,156
227,581,557,433,131,199,186,151
134,268,248,210,116,215,198,166
126,251,230,176,122,187,176,119
143,311,293,219,142,316,297,210
200,481,455,334,143,284,268,192
119,257,237,166,147,268,246,184
138,240,223,184,138,272,263,182
196,452,429,315,135,261,242,172
150,319,302,210,137,299,282,215
122,265,253,202,144,310,289,208
177,369,349,244,108,213,199,147
206,448,425,312,120,207,189,146
165,364,340,245,113,203,186,128
132,337,318,247,117,207,193,145
192,413,387,278,121,219,200,163
165,321,299,229,86,136,122,103
171,343,320,225,107,191,180,134
160,358,334,221,95,156,146,111
203,426,408,314,123,277,258,180
154,407,389,301,129,252,229,175
232,514,472,342,168,330,310,217
131,267,253,173,142,272,257,175
197,482,451,313,98,128,110,92
138,309,292,185,115,195,181,128
144,287,267,181,139,287,270,210
186,440,420,316,144,337,323,252
231,576,555,421,96,178,169,124
188,457,431,335,109,221,213,165
170,364,335,255,106,179,162,130
139,297,275,209,117,221,209,144
135,248,227,165,164,319,301,229
172,347,329,211,134,238,217,168
161,320,292,207,151,310,292,233
146,281,265,205,140,293,276,195
163,355,339,253,93,206,190,141
146,336,310,216,108,204,193,152
149,317,290,205,125,221,203,173
157,318,288,217,118,248,231,179
179,421,407,282,91,131,119,101
202,478,449,329,138,231,220,186
231,490,469,344,134,288,269,203
178,309,287,211,171,328,317,229
222,584,548,405,128,266,249,195
202,497,470,364,157,211,193,146
171,405,384,304,130,214,202,150
184,334,318,226,127,267,244,172
163,338,315,219,114,212,199,157
185,448,430,307,145,278,260,193
158,311,280,231,132,286,271,198
158,284,261,173,125,296,283,209
201,419,393,317,150,265,249,182
184,387,362,260,160,361,343,264
207,439,410,306,106,190,174,131
148,336,317,221,124,217,195,155
164,388,360,238,109,182,171,111
177,317,290,225,103,182,168,131
214,453,432,305,144,243,231,178
157,299,278,194,105,191,172,138
125,248,234,164,149,300,279,219
185,387,368,261,120,196,183,141
165,274,256,192,127,254,240,198
147,271,257,167,102,179,164,125
160,306,291,210,120,218,199,150
158,352,326,245,133,236,212,152
145,280,263,198,147,270,250,191
160,313,287,222,144,297,277,201
165,387,365,272,154,298,283,220
87,182,165,134,119,244,231,163
192,426,396,270,113,176,163,133
181,414,398,272,115,229,212,159
118,267,250,158,129,214,194,156
162,421,405,281,121,236,221,176
159,333,319,229,133,246,231,172
144,265,242,188,122,198,176,138
242,575,550,410,175,376,362,267
148,251,241,187,170,364,346,278
173,346,320,243,156,304,284,208
177,409,388,266,92,141,130,106
148,277,258,182,98,157,139,104
186,403,380,275,132,200,184,152
136,303,288,222,109,169,155,127
112,247,238,161,161,293,277,216
151,352,331,242,96,157,143,104
209,476,454,308,153,283,264,195
207,489,454,334,126,198,182,135
177,407,387,294,133,293,268,203
213,452,429,289,161,291,272,207
189,427,404,305,125,283,269,224
186,456,426,326,125,246,233,177
154,386,364,261,139,229,201,148
166,411,388,292,129,230,215,174
153,334,316,236,149,294,281,229
155,302,285,226,131,281,269,196
171,378,365,274,121,219,205,149
190,456,426,329,120,226,215,164
211,475,456,330,152,292,272,189
145,293,274,197,124,217,199,145
174,352,332,236,110,218,200,158
163,348,330,267,118,192,180,126
201,407,385,298,93,156,148,113
176,387,366,270,129,216,201,160
143,260,244,171,117,193,182,136
176,374,354,255,105,193,180,132
176,335,312,229,130,234,217,151
179,447,423,314,129,243,222,174
190,448,424,309,125,239,220,158
149,350,338,229,126,220,203,160
216,503,474,363,110,221,210,141
176,395,370,272,134,232,216,158
194,490,464,336,105,227,209,160
169,425,391,290,146,282,265,205
121,248,229,176,114,180,170,122
143,326,313,209,131,248,235,183
164,411,393,317,123,268,253,182
122,226,213,161,87,148,132,103
194,407,385,252,97,148,142,95
201,458,442,323,156,300,278,195
146,334,314,223,141,244,227,183
144,264,244,186,118,227,212,143
150,341,316,202,101,151,140,121
184,416,395,280,154,246,232,155
172,350,332,249,157,350,329,242
120,236,220,164,134,230,219,157
112,207,189,149,125,252,243,189
133,299,282,192,111,166,152,115
168,336,320,207,134,253,234,174
152,332,314,215,150,286,266,179
164,349,334,236,104,173,155,110
185,384,358,245,101,187,173,122
130,232,212,170,131,260,246,183
172,358,335,246,123,228,210,174
112,203,189,146,176,359,340,242
158,394,381,251,156,287,267,182
146,327,303,225,81,130,121,90
148,274,263,189,81,153,149,123
126,281,261,182,163,282,265,195
197,427,404,292,146,322,302,242
174,380,364,281,134,186,165,131
154,303,290,202,173,333,313,233
150,361,340,240,118,219,203,166
233,597,572,398,114,272,260,188
155,309,288,219,154,289,270,205
183,391,366,262,99,188,175,125
152,292,272,220,103,152,140,115
197,405,380,293,151,248,230,164
116,213,198,154,117,250,240,178
186,386,368,250,148,263,249,171
198,448,424,318,151,261,241,184
190,411,398,297,139,277,265,193
147,236,217,148,115,212,195,154
146,300,281,204,167,395,378,284
196,444,418,300,129,224,207,159
139,280,263,180,131,251,235,169
188,461,440,330,137,235,209,167
177,419,396,287,92,147,129,115
167,393,379,266,146,338,322,241
159,369,344,260,146,277,265,213
132,265,250,181,122,242,221,173
155,304,292,223,129,293,283,220
202,443,421,290,105,169,156,125
129,213,195,130,151,305,289,222
122,221,210,163,124,221,201,148
142,326,303,225,139,245,225,174
150,298,283,195,118,254,240,159
214,528,502,376,156,323,308,233
182,495,475,357,123,253,236,163
177,357,335,244,123,271,251,206
226,581,559,425,132,264,253,197
148,285,268,207,129,192,175,129
204,440,420,312,96,145,133,109
143,340,322,255,131,239,223,172
212,499,457,343,187,394,364,274
134,271,256,195,110,228,217,157
183,384,360,262,151,354,333,243
151,354,341,240,101,201,189,134
198,377,352,262,119,217,189,167
141,297,275,194,120,250,236,171
165,339,316,245,116,210,194,156
165,340,325,226,129,211,197,150
185,373,358,261,131,270,255,176
171,427,407,295,131,260,239,189
229,520,490,371,151,306,286,203
269,678,646,472,112,222,208,178
165,354,333,257,146,296,281,196
211,468,449,313,134,254,238,180
150,357,336,238,100,228,218,160
164,316,302,223,142,264,247,195
167,356,337,248,163,315,296,233
153,352,331,237,125,197,181,141
176,365,341,256,165,342,314,253
201,445,423,300,150,293,278,207
194,415,394,274,134,245,221,167
161,333,318,216,125,226,210,155
158,322,300,219,128,277,258,194
162,353,340,238,136,239,219,171
150,300,288,208,120,188,177,137
130,262,240,180,100,181,167,137
182,461,443,335,117,232,217,167
115,236,219,170,105,184,170,139
166,272,254,188,111,195,179,136
192,430,404,298,110,187,172,132
194,505,488,374,156,346,322,246
229,524,494,386,117,228,213,156
142,273,249,179,152,309,291,217
163,298,278,227,107,134,122,102
169,342,313,260,122,266,258,193
147,281,264,175,129,249,233,179
148,328,313,228,93,143,130,92
216,475,446,339,144,288,272,211
163,335,310,237,85,128,114,92
188,444,425,340,113,258,244,196
144,284,265,179,152,278,257,185
198,518,490,355,97,215,203,144
155,275,262,194,131,292,274,219
221,527,495,358,108,202,184,146
202,448,428,301,136,249,230,170
167,348,321,247,81,119,113,87
165,305,283,181,113,183,175,132
141,262,238,178,144,319,300,235
169,332,313,215,159,318,295,213
191,422,406,314,133,265,247,178
136,338,319,224,119,201,182,133
194,402,379,266,134,256,243,188
175,434,410,295,133,281,261,191
132,249,226,166,91,175,165,143
148,345,329,208,132,241,228,171
155,327,305,230,115,180,161,133
205,483,460,336,113,200,190,157
160,390,376,269,107,220,208,146
178,402,386,267,112,194,182,145
188,397,382,278,162,298,278,203
157,356,334,246,112,222,202,157
110,219,202,142,117,192,176,140
154,287,263,200,134,215,196,151
146,280,253,190,121,245,225,161
180,404,381,304,147,268,255,184
179,344,329,232,144,249,228,167
177,415,398,267,146,240,219,169
165,345,326,229,112,179,155,124
192,439,417,303,131,232,213,161
158,291,267,202,111,190,179,145
152,320,309,193,140,260,237,183
123,239,229,170,119,201,187,138
198,442,421,325,151,296,279,195
152,321,299,222,132,225,207,164
187,332,313,223,135,294,279,216
159,329,317,231,98,170,157,124
207,412,388,294,138,237,217,161
226,527,502,381,132,288,271,219
228,524,490,353,127,297,282,207
135,271,256,206,111,178,161,139
150,305,286,211,132,230,211,175
196,393,367,264,118,251,235,149
181,425,410,279,109,209,190,137
184,393,373,285,133,270,251,192
188,340,320,222,96,175,166,126
180,368,344,246,92,211,202,149
215,525,502,343,132,253,242,197
185,384,359,275,116,249,237,159
128,242,232,174,151,318,304,229
156,341,320,229,126,253,240,186
116,215,198,157,146,326,307,224
206,563,533,381,140,274,257,178
244,599,568,432,96,196,176,137
153,437,417,294,121,233,215,159
149,311,284,213,99,190,167,148
191,481,452,347,140,293,274,203
184,398,377,272,118,236,221,175
179,459,439,332,103,146,133,106
185,348,323,221,103,191,175,128
138,314,298,233,113,194,179,134
144,359,338,232,146,307,284,208
196,432,408,315,138,329,315,242
194,492,462,319,125,232,221,178
153,368,347,265,138,277,252,194
172,354,320,239,160,310,290,224
117,237,226,160,125,222,205,165
196,359,333,234,119,248,232,166
220,458,433,305,141,325,303,218
134,290,273,174,158,338,327,237
120,301,288,204,117,258,241,179
166,378,362,256,144,340,319,247
165,284,265,180,94,161,149,105
137,255,242,175,118,207,189,131
174,365,344,261,129,273,254,176
177,438,419,330,138,263,245,189
132,235,219,155,113,221,208,164
126,237,220,173,106,164,140,118
152,313,294,205,133,216,201,139
120,224,212,163,167,404,382,284
210,448,428,325,151,313,296,198
166,363,343,245,168,325,306,232
218,511,486,362,119,230,222,154
169,433,412,292,122,236,219,173
205,500,474,331,112,252,242,176
167,398,381,291,125,222,201,148
161,352,323,222,138,274,264,203
174,422,396,295,170,317,298,211
137,301,286,197,116,220,208,151
175,360,343,253,127,270,248,199
133,230,212,171,136,209,190,145
213,440,416,304,125,214,198,155
159,347,330,257,132,221,205,161
160,330,308,222,131,218,206,174
162,333,316,230,110,155,142,105
153,381,370,257,65,86,74,69
193,374,353,263,76,116,104,91
164,370,352,240,139,303,284,201
204,438,411,283,128,237,217,162
211,486,462,348,142,278,252,187
147,262,249,169,152,314,299,217
155,364,345,275,136,269,247,186
191,383,365,289,154,348,330,226
165,334,317,248,113,162,143,117
142,393,370,271,138,272,259,203
188,427,401,307,128,228,207,163
151,349,327,257,128,234,222,158
177,389,362,270,99,197,190,123
177,381,353,246,147,341,320,221
246,497,468,329,100,181,167,130
182,375,354,257,90,115,105,90
181,384,364,242,125,232,217,151
146,349,333,227,122,241,225,175
148,277,254,187,150,248,227,175
218,528,496,360,129,242,226,177
179,384,358,278,115,241,228,193
149,278,263,187,117,227,214,154
181,354,326,251,126,245,226,180
176,376,357,287,147,265,244,188
183,395,369,273,103,205,191,137
206,426,397,280,136,250,231,180
178,401,380,259,95,163,158,116
160,361,333,248,146,291,269,196
161,371,347,268,133,214,203,159
168,452,437,308,161,303,289,226
198,473,447,313,128,295,279,178
196,464,437,319,139,259,237,179
185,477,452,338,131,267,251,195
193,443,424,292,142,254,237,184
172,368,346,241,124,214,199,132
141,272,252,200,127,203,190,140
204,451,422,287,131,236,221,156
184,361,338,251,166,322,306,231
186,400,373,263,118,210,201,147
178,357,329,235,105,159,142,117
216,398,371,295,162,344,323,241
162,305,282,196,148,265,247,175
140,252,231,167,150,348,330,241
213,478,456,355,149,273,252,214
190,392,370,254,119,246,229,181
184,409,393,291,157,317,301,232
231,482,458,341,138,250,241,176
160,313,292,219,161,361,344,266
160,355,327,254,135,243,229,164
102,197,184,138,118,197,179,141
155,333,310,210,110,197,186,135
216,471,446,327,125,227,215,143
132,287,275,187,129,295,276,191
155,268,249,198,105,160,144,114
154,324,305,197,124,227,212,167
156,320,297,217,117,211,195,149
199,469,443,334,156,316,303,238
163,303,280,202,109,228,214,159
188,404,382,290,152,262,250,178
204,434,413,319,134,183,165,122
158,281,262,189,114,203,182,141
237,531,504,361,177,409,395,291
129,274,259,201,138,296,283,195
156,332,313,211,140,266,254,185
123,205,182,133,102,193,174,133
166,307,282,197,91,149,138,99
178,412,388,298,117,209,198,151
182,410,389,298,153,334,319,245
187,366,346,253,125,227,207,159
125,245,231,162,93,159,146,115
167,417,392,283,149,350,330,239
171,374,353,257,94,170,152,120
184,406,384,313,146,283,267,201
129,271,255,183,116,181,169,122
146,366,352,240,80,153,143,98
124,238,221,178,109,244,228,161
184,445,416,290,113,176,164,128
166,321,294,241,106,186,168,132
99,188,176,132,102,194,175,131
166,329,307,224,107,195,188,137
119,252,239,160,150,296,279,201
206,500,473,353,120,199,179,128
155,270,252,196,147,305,287,226
131,274,256,195,130,276,265,194
219,472,458,348,147,305,292,210
199,429,403,300,112,195,184,134
229,437,411,300,136,253,242,162
155,231,216,161,101,147,138,119
174,364,337,262,107,195,179,141
152,320,301,233,142,295,281,204
180,476,453,348,120,205,188,157
186,438,414,312,122,233,217,170
176,338,325,234,103,189,168,139
158,391,369,283,105,198,191,142
147,293,270,205,163,302,283,215
163,343,321,212,100,182,170,128
151,319,301,236,112,195,180,136
165,412,395,303,147,303,290,210
167,343,334,250,121,229,204,149
181,395,369,277,125,204,191,132
158,319,308,251,104,184,171,136
171,344,325,213,118,263,256,173
127,220,206,167,155,321,299,210
110,189,169,136,170,336,322,227
164,305,280,209,131,269,250,204
190,451,428,325,167,359,342,276
188,425,405,296,145,246,230,177
224,484,462,360,134,297,279,212
188,389,362,269,130,247,234,160
147,322,303,226,153,313,298,224
153,317,298,215,119,207,201,156
188,431,414,316,115,192,174,133
178,359,338,258,125,218,203,155
119,245,224,175,120,174,151,123
120,233,218,159,135,225,205,159
131,273,247,200,107,183,163,123
153,389,372,287,166,310,288,210
174,442,418,324,134,215,197,154
156,352,334,207,136,233,208,157
169,385,368,260,91,145,134,103
197,418,393,265,154,280,266,218
146,288,266,175,145,322,298,218
153,384,362,275,103,159,148,115
207,466,439,340,150,254,238,187
197,437,419,317,131,238,215,163
127,276,259,153,153,269,252,195
149,328,307,221,71,108,98,76
168,423,404,300,115,178,170,125
183,398,384,259,131,236,214,181
170,394,379,279,109,196,178,135
187,500,475,334,134,269,250,200
151,338,311,251,123,167,156,123
160,328,307,227,127,248,231,172
114,257,239,179,138,265,245,172
185,392,372,289,137,275,259,188
191,452,439,325,172,304,279,213
166,415,397,333,101,131,119,105
155,323,307,218,109,198,183,135
209,478,448,318,98,155,145,110
193,441,417,302,143,306,287,188
165,365,344,263,138,256,236,186
238,504,470,360,122,211,194,144
205,485,458,332,128,250,230,158
160,346,325,227,210,403,380,303
142,290,272,214,103,196,185,143
234,525,494,375,116,191,173,131
148,329,306,228,126,277,261,185
154,300,282,204,158,374,346,245
152,330,305,233,130,240,219,168
237,502,459,363,99,161,149,108
154,280,260,191,118,263,248,159
197,498,473,332,144,249,227,170
167,343,314,226,139,242,226,176
168,355,333,267,124,224,206,159
149,282,270,171,117,201,182,142
184,440,410,318,181,360,337,236
210,430,412,311,93,168,162,125
220,466,440,315,145,301,272,197
196,489,470,359,125,210,201,157
226,518,489,362,147,278,259,178
166,345,322,246,114,179,161,134
148,346,334,249,118,216,196,167
116,199,182,123,118,217,207,163
223,469,435,314,160,300,283,215
134,320,302,225,66,106,97,85
162,355,332,245,164,294,269,216
139,305,288,192,128,256,238,188
183,377,354,251,134,245,230,175
213,427,402,322,127,270,247,197
181,389,359,267,148,273,254,185
146,278,254,189,120,220,207,152
156,312,294,218,104,187,173,122
168,356,337,246,124,232,219,156
218,588,561,411,105,203,187,153
182,449,432,299,100,162,148,126
145,295,282,194,140,276,261,201
130,268,249,172,122,234,220,170
166,367,348,254,129,258,248,177
127,240,221,158,153,265,246,179
187,381,359,266,115,204,191,149
195,524,506,384,123,228,212,156
146,343,329,232,130,227,204,169
185,421,400,269,164,307,288,219
154,383,362,258,118,225,215,164
164,375,358,249,126,224,211,145
221,438,413,306,98,151,131,122
165,312,293,211,166,327,310,235
174,359,337,253,141,284,266,183
144,313,297,222,124,237,226,172
193,452,428,294,130,261,237,162
185,361,343,230,109,213,193,156
155,307,276,212,118,260,251,177
180,351,325,241,120,243,232,157
170,373,350,257,84,121,110,92
135,263,249,181,95,171,158,107
124,268,249,160,159,296,286,203
146,265,246,190,146,292,265,222
170,377,358,273,122,221,206,139
203,477,459,332,111,178,159,132
134,277,256,182,175,357,341,243
210,489,462,341,139,281,261,204
196,464,440,320,123,239,215,181
170,345,319,223,150,311,293,227
143,246,222,187,111,224,210,159
147,318,298,222,135,250,235,174
205,449,410,310,133,255,246,175
162,356,327,245,111,203,182,147
205,416,394,295,151,292,276,202
191,438,406,293,117,255,240,178
149,362,341,258,120,214,205,148
177,413,387,285,155,344,325,217
190,462,441,317,166,329,309,229
161,323,304,233,123,200,182,142
207,436,422,322,147,248,228,173
169,347,326,246,140,257,237,168
150,288,273,211,148,334,317,255
137,277,263,201,128,222,205,159
164,361,343,269,148,260,248,190
190,457,430,314,167,345,328,250
184,397,376,268,161,354,332,267
203,514,492,347,116,225,215,172
206,457,427,342,106,223,212,171
183,414,389,286,117,255,242,176
139,320,297,241,115,205,193,159
126,265,248,173,148,286,266,221
132,275,256,178,125,217,207,167
177,480,463,338,138,261,246,192
169,341,322,231,120,202,185,140
207,461,439,314,151,352,328,246
179,336,317,254,115,234,221,176
153,297,279,206,101,169,151,115
139,282,263,186,140,261,240,181
159,364,348,230,128,220,198,151
140,327,304,244,137,252,228,178
181,399,377,279,132,259,243,177
140,295,271,209,89,119,110,84
175,339,314,226,131,215,193,166
192,350,327,262,120,211,197,166
129,207,184,144,102,195,182,144
126,222,207,148,100,192,177,145
120,220,202,152,110,195,182,135
134,279,259,187,132,241,226,174
192,432,410,286,130,291,274,205
216,469,444,326,128,270,255,180
172,403,380,292,149,355,335,259
176,335,317,239,106,169,149,113
156,339,316,200,85,188,180,136
159,384,356,254,131,271,247,187
159,298,279,218,151,254,237,183
155,284,272,200,102,196,179,143
124,247,235,157,126,259,242,162
188,391,375,270,126,265,245,198
152,329,307,234,111,231,221,153
186,394,377,294,153,372,354,256
106,188,176,136,173,333,311,243
147,320,306,219,114,173,163,121
215,429,405,293,143,292,271,211
206,481,455,334,121,258,248,169
174,343,321,241,161,314,288,218
189,392,374,267,87,144,136,106
196,408,388,279,148,305,288,232
230,487,457,325,112,258,248,188
143,325,310,212,138,251,228,180
164,392,372,280,129,256,232,162
198,482,455,347,151,299,277,203
147,338,323,234,107,151,139,117
192,469,442,322,116,206,193,137
224,469,446,335,159,273,260,206
194,411,397,271,145,346,333,231
155,357,338,256,163,328,303,234
157,343,325,241,136,275,250,177
202,522,497,372,93,154,135,106
188,330,301,222,133,235,218,175
191,442,419,294,145,249,239,161
202,407,381,308,117,218,204,152
138,322,310,234,159,331,313,246
221,516,483,365,115,238,221,175
146,351,336,230,140,232,210,167
148,363,343,234,132,280,264,195
171,371,360,256,110,174,161,111
156,297,272,195,141,277,262,210
160,350,330,245,149,265,241,202
149,372,353,250,141,262,245,188
221,502,475,369,161,263,244,207
155,325,316,249,137,254,238,189
140,302,284,207,133,227,206,155
158,282,269,189,128,250,237,166
174,347,326,228,106,182,172,135
182,379,359,248,105,208,192,147
154,358,338,246,134,320,309,215
142,271,258,194,102,207,188,150
165,419,395,289,86,118,104,84
137,236,219,179,109,176,155,119
177,426,400,298,117,245,228,184
190,420,390,266,133,276,260,194
180,391,369,289,136,238,213,157
175,360,338,234,99,181,166,129
177,402,379,276,135,263,247,208
162,335,315,234,126,212,199,151
148,276,250,183,117,220,196,162
157,360,340,254,98,188,183,148
165,335,319,224,112,233,215,154
172,402,382,249,130,232,219,172
150,285,264,196,86,145,137,117
157,331,309,201,139,288,274,199
198,411,392,303,89,174,163,118
156,288,279,197,103,160,151,111
198,456,435,300,149,266,257,191
182,369,347,242,135,246,222,157
236,506,476,351,99,166,157,122
154,341,322,223,110,191,176,135
179,487,466,335,129,239,221,171
162,301,271,197,145,231,214,164
154,396,375,285,108,181,168,144
177,385,366,273,113,166,153,120
170,397,379,255,137,236,220,158
187,482,464,344,111,207,196,127
192,473,453,331,114,209,195,145
173,368,343,263,153,281,263,188
142,282,261,206,119,218,207,152
194,492,469,351,129,257,243,179
180,402,386,301,146,271,257,177
167,352,331,236,146,340,323,218
143,317,308,218,134,260,250,213
182,347,327,246,127,204,188,139
183,424,400,306,137,237,225,162
191,412,386,278,140,284,266,195
108,206,192,148,130,231,214,173
137,259,242,176,102,169,153,119
181,377,355,266,145,257,233,185
198,458,435,314,163,339,311,224
173,321,308,230,160,310,295,219
165,342,318,232,94,158,142,113
158,322,304,205,125,226,214,162
175,391,375,284,126,206,197,147
175,403,383,264,133,245,229,177
170,347,330,249,94,161,151,118
178,471,449,346,148,255,236,186
157,335,318,245,94,196,179,148
194,418,398,278,140,225,202,149
112,251,242,162,129,206,194,148
180,405,389,281,148,303,291,214
191,456,435,335,124,213,202,153
201,437,416,313,153,320,302,215
194,396,372,254,128,261,249,180
219,537,503,391,119,227,212,166
159,337,314,232,118,212,203,147
190,444,423,316,117,227,211,144
122,296,284,231,131,247,232,158
198,446,423,311,88,183,176,101
158,316,300,235,130,285,273,200
179,415,396,265,121,176,150,118
219,504,478,333,129,207,184,128
175,405,381,273,139,262,245,179
171,378,362,268,124,200,181,137
161,325,304,215,155,285,267,202
165,328,311,240,86,155,143,114
193,432,399,299,124,164,145,117
156,300,277,213,179,350,325,252
154,319,295,194,117,211,196,160
117,238,224,166,97,185,178,125
188,391,363,256,147,233,219,170
191,415,389,285,125,239,227,181
190,397,378,252,114,258,250,188
183,392,368,284,121,227,208,161
179,431,398,309,127,219,207,154
187,363,347,250,131,196,176,139
161,349,327,241,127,261,239,186
176,367,351,246,111,218,207,162
167,381,361,281,118,213,200,153
170,396,380,266,138,253,235,180
202,413,387,260,133,232,211,157
168,343,323,254,117,220,209,165
170,400,377,263,110,198,184,150
175,403,384,263,115,257,237,195
115,202,186,143,148,248,230,177
161,333,317,224,106,165,147,123
167,304,286,197,141,308,289,204
130,298,281,182,108,162,147,109
215,436,408,318,112,202,194,145
159,303,280,215,117,220,205,142
159,330,311,236,112,207,188,149
147,344,330,216,122,245,228,182
209,483,465,327,118,187,176,121
126,232,217,174,144,270,249,199
225,399,372,281,121,230,216,162
149,354,337,224,99,199,181,126
199,439,414,312,156,268,247,181
179,366,344,232,136,285,265,184
196,408,382,268,137,279,266,188
158,267,248,172,113,194,180,129
177,387,367,270,145,248,226,171
174,343,319,246,137,261,241,171
255,529,498,359,100,192,178,143
210,477,448,331,118,226,215,150
165,440,421,304,131,213,194,152
165,346,329,234,161,379,356,271
134,223,205,146,144,280,259,208
158,321,295,232,121,193,182,155
131,302,281,196,114,211,198,170
177,365,337,262,129,234,212,169
198,443,422,304,118,187,172,127
159,274,262,195,131,260,232,188
199,428,406,298,98,162,148,103
174,356,341,242,130,217,201,137
164,379,364,288,152,284,269,210
187,395,367,307,127,222,208,147
188,409,384,282,121,268,249,189
198,424,396,307,110,242,228,184
175,386,366,262,107,191,182,137
182,387,366,276,143,302,283,207
152,300,278,207,163,292,275,213
166,399,375,247,107,222,209,141
156,316,293,216,142,252,230,179
177,412,384,288,118,224,213,180
166,365,345,282,129,267,253,189
239,545,523,374,131,203,190,126
170,373,353,258,131,276,264,191
136,325,308,221,133,257,236,175
127,282,265,182,122,201,191,140
165,298,278,208,128,241,230,169
220,444,419,293,161,356,332,250
188,476,454,328,124,205,188,127
173,412,395,296,153,307,288,204
192,380,360,284,132,248,233,177
152,357,340,246,137,278,261,203
126,274,257,174,130,231,213,155
123,219,200,163,136,235,223,163
111,217,207,149,112,207,184,149
186,371,351,261,100,199,189,143
149,375,355,267,153,319,305,201
171,368,349,266,121,195,179,134
98,160,147,121,125,245,224,164
115,215,200,153,98,161,150,130
148,310,287,216,108,193,179,147
139,336,319,222,120,208,196,154
134,238,215,166,86,172,158,122
168,326,316,220,156,303,280,223
168,383,366,259,115,231,218,161
189,417,401,286,107,195,185,124
214,376,345,240,140,255,234,182
209,433,410,301,59,68,55,52
176,404,383,292,104,169,150,114
112,259,245,170,118,227,209,155
232,505,479,368,139,260,246,191
145,283,265,169,123,223,208,165
188,401,379,280,159,305,288,208
157,341,315,228,155,285,259,191
209,450,432,321,165,346,329,246
155,278,259,186,144,240,223,179
150,340,325,227,117,265,255,186
180,399,380,268,109,198,186,141
205,438,407,309,114,188,172,148
155,325,302,215,112,219,206,161
194,424,405,302,159,420,407,310
158,293,276,214,103,166,153,123
134,376,358,257,142,244,227,180
152,333,320,222,142,249,225,154
148,281,259,213,110,201,187,153
185,412,381,285,117,258,244,168
192,452,428,307,141,247,234,161
168,381,353,233,128,246,236,183
149,277,251,185,126,261,235,177
197,417,392,293,97,200,189,155
182,397,367,269,125,250,238,189
145,311,291,181,129,307,291,216
179,384,361,275,116,160,149,124
150,316,299,210,113,240,232,142
223,487,448,334,139,305,284,203
211,436,418,298,105,209,197,139
192,383,359,245,146,288,266,206
165,364,338,236,128,215,198,138
163,392,372,241,122,203,184,155
153,312,290,216,176,346,321,230
190,398,371,267,110,169,158,114
161,296,274,202,147,329,316,210
199,397,376,274,144,260,246,190
176,400,376,267,134,268,252,185
128,210,196,146,116,216,200,152
180,401,377,283,121,213,189,160
181,444,426,298,144,244,226,160
158,404,377,263,122,189,171,133
160,287,264,178,155,242,215,162
160,305,284,218,143,247,232,179
194,426,408,278,112,217,201,138
177,418,395,307,106,206,190,148
133,244,228,171,95,147,136,91
174,396,373,242,118,226,213,151
156,291,273,214,150,273,256,196
182,452,425,306,124,258,242,185
158,342,313,249,125,212,195,147
175,475,451,307,139,255,242,182
201,410,391,276,101,165,150,117
95,218,211,140,138,245,233,183
158,386,365,242,155,319,295,217
115,215,196,134,130,257,239,183
195,458,432,333,117,237,221,151
143,305,289,210,130,276,255,199
156,366,338,267,114,220,200,143
164,366,344,238,135,266,243,169
113,187,177,128,125,255,235,154
184,428,411,297,130,225,208,167
168,366,352,259,142,242,226,174
173,418,385,290,96,210,194,165
196,435,414,301,110,204,193,137
181,435,417,295,162,265,248,174
149,301,283,227,163,339,320,238
164,422,407,311,126,255,238,174
207,403,372,275,110,188,177,128
223,451,419,307,131,225,207,168
175,342,323,243,156,323,298,229
178,396,371,264,139,293,272,195
179,453,427,304,108,207,190,148
236,518,482,368,113,215,197,151
150,334,311,206,124,186,172,130
201,536,512,390,78,105,86,84
203,440,417,303,120,201,184,139
149,368,350,255,121,198,188,141
180,411,388,303,106,192,175,138
135,283,268,199,144,242,227,166
157,348,326,235,134,252,236,171
197,425,399,307,137,264,248,179
154,318,304,236,139,255,235,195
173,384,365,238,140,248,235,181
160,410,394,308,128,222,204,175
155,338,317,236,137,250,229,172
196,463,435,337,110,217,200,134
208,432,403,313,139,239,221,158
165,386,370,271,113,191,181,137
162,359,341,236,114,192,181,154
168,304,281,209,142,281,261,220
154,363,344,263,131,200,182,139
157,403,385,294,112,169,156,128
130,266,250,166,96,155,145,113
225,555,532,408,90,144,135,99
173,433,405,289,120,297,288,239
150,300,278,195,89,182,171,114
138,293,275,209,131,288,273,214
212,493,471,360,145,270,251,193
175,396,376,268,159,310,289,216
185,387,366,271,147,282,265,196
185,340,320,224,161,310,293,216
153,318,301,210,92,162,151,105
157,325,297,211,112,231,214,166
161,310,284,208,135,292,271,210
177,422,399,308,108,246,235,194
252,572,546,394,112,193,185,136
159,297,276,206,139,285,271,198
166,360,345,252,131,207,188,137
148,334,324,217,134,237,228,177
108,234,218,166,126,209,196,139
180,394,367,273,132,190,175,134
170,377,358,284,106,163,144,123
163,316,288,217,155,368,352,271
139,247,225,171,120,209,197,170
235,533,503,388,97,171,153,130
201,405,387,281,179,352,332,243
151,324,309,227,112,205,192,144
160,370,349,275,136,224,216,157
201,432,404,266,123,200,193,153
167,367,338,261,162,375,357,249
191,371,356,263,151,243,231,177
189,382,363,288,98,164,147,116
189,432,406,312,156,265,239,185
168,369,345,251,126,262,243,181
170,376,350,246,141,275,260,202
111,225,207,155,116,196,177,150
192,411,390,281,156,275,264,192
209,522,496,393,147,296,275,224
234,582,551,403,109,238,221,148
149,341,324,228,126,266,252,191
174,433,406,279,114,208,191,151
178,347,325,229,104,191,173,135
183,373,343,253,137,289,275,207
134,257,238,173,155,265,249,171
187,422,399,273,163,340,319,221
151,312,296,206,147,277,267,199
148,315,288,210,80,140,130,81
202,439,418,296,84,118,107,78
199,420,393,271,90,155,145,124
132,256,242,167,135,235,218,159
196,436,417,308,146,237,224,156
190,438,408,282,143,247,229,177
129,230,204,159,150,326,310,229
197,458,436,300,137,287,268,209
136,257,239,178,144,287,272,205
206,439,416,315,93,139,128,101
195,462,441,329,118,214,201,142
156,311,298,205,119,155,144,108
172,359,336,249,157,283,262,206
180,346,324,249,145,323,304,224
134,310,291,204,144,276,263,192
179,392,362,274,128,259,243,179
191,382,362,266,101,157,145,124
165,391,379,284,122,222,205,148
159,348,329,221,138,272,261,184
162,379,355,273,141,237,215,171
188,510,483,346,145,275,255,196
105,207,187,141,151,253,236,185
172,351,331,256,134,261,241,192
158,294,279,186,131,234,224,175
184,384,365,277,138,236,223,169
119,190,172,138,132,265,248,191
194,432,415,299,99,128,121,104
137,286,268,212,125,274,263,214
141,287,271,195,139,256,240,194
169,352,331,235,113,177,167,127
113,217,200,141,170,328,309,242
157,307,289,222,144,271,251,181
142,337,324,252,93,188,177,136
207,489,460,337,116,209,199,157
175,384,360,247,104,158,146,122
147,275,264,205,149,282,262,197
176,340,321,208,152,316,298,250
164,353,334,262,127,244,228,166
164,407,391,264,124,201,179,128
184,408,388,288,134,266,250,193
173,403,376,298,89,136,124,101
168,351,327,229,92,157,142,113
137,259,241,171,133,238,222,168
149,293,280,218,101,206,191,129
111,214,192,131,110,193,180,147
142,333,321,217,175,313,292,204
167,376,358,246,78,172,160,109
123,221,205,148,140,199,181,139
226,503,482,350,108,214,194,152
194,472,447,343,176,324,303,236
166,287,267,192,163,258,236,180
171,385,364,255,152,278,268,209
155,432,416,295,157,326,307,237
149,358,342,234,148,306,284,218
152,326,315,226,115,208,200,155
164,429,409,295,130,244,224,176
226,523,494,359,128,234,217,164
209,547,515,386,140,248,229,161
177,410,384,284,125,226,207,173
163,350,333,247,124,212,198,163
214,429,405,306,154,394,374,283
172,373,355,260,141,241,220,151
204,477,458,351,138,222,206,145
171,324,300,233,105,194,187,141
153,311,292,220,123,198,186,155
186,473,450,350,110,186,177,146
136,287,273,200,129,249,228,176
149,390,360,259,124,289,267,205
224,486,449,322,161,321,304,226
143,276,257,205,120,245,233,177
235,527,500,357,140,271,255,197
136,334,305,199,162,334,318,242
212,400,376,274,155,297,279,200
139,286,266,185,121,249,235,183
217,591,563,440,132,224,209,161
171,328,307,243,96,173,159,102
168,318,297,202,129,188,173,145
193,436,412,301,150,259,244,178
168,353,337,265,129,255,230,171
172,439,407,281,132,260,242,194
129,253,231,176,150,237,222,164
188,404,378,267,139,269,253,177
166,350,328,239,152,335,312,247
145,259,241,169,129,213,200,149
184,433,402,316,139,277,260,181
143,307,289,197,187,388,362,253
149,310,288,216,142,253,229,179
178,406,378,275,105,234,222,159
153,352,328,237,153,331,314,223
170,323,302,234,108,203,186,147
196,480,459,372,137,278,259,207
162,315,291,193,123,240,221,172
208,462,444,296,142,266,239,165
212,499,470,324,108,266,251,192
169,363,344,238,132,265,251,192
157,267,250,195,103,167,147,117
162,357,341,238,128,257,247,204
152,352,332,256,118,205,186,146
141,312,288,214,130,270,252,179
163,351,329,235,119,242,226,180
209,507,477,367,132,249,231,169
144,303,290,216,133,222,208,164
160,375,350,243,112,185,171,131
137,297,281,202,126,247,231,174
176,404,377,304,148,265,242,178
163,403,388,288,152,294,274,201
177,389,364,268,130,287,273,207
191,415,391,280,111,174,162,140
178,323,302,216,136,250,231,172
133,288,265,196,112,174,164,135
112,207,195,156,174,285,266,198
148,377,361,247,116,186,172,129
208,495,471,354,98,177,163,128
120,235,217,157,137,247,226,168
188,366,339,241,135,211,198,162
119,290,272,177,120,202,184,141
181,380,357,246,98,152,135,112
147,281,265,179,135,272,260,170
154,338,324,237,160,304,287,216
194,408,393,304,114,268,250,174
123,250,230,183,111,182,171,127
138,260,248,194,180,359,335,241
167,353,326,240,119,236,219,165
135,292,278,203,107,195,178,151
191,455,432,309,149,283,264,214
139,296,278,193,97,175,163,128
211,489,471,358,94,146,128,116
170,311,289,202,117,196,183,144
164,328,317,210,142,297,282,234
144,343,321,237,111,211,195,148
184,379,355,254,122,293,274,206
183,410,384,294,131,194,180,145
165,433,409,313,122,219,206,148
140,317,303,219,79,119,109,85
180,420,400,301,111,216,200,138
179,364,342,240,150,324,307,224
197,507,481,359,128,234,207,158
137,258,238,176,118,229,212,173
166,363,332,252,114,242,231,170
182,415,384,280,130,251,238,184
155,276,251,195,157,312,291,210
160,336,320,256,176,341,319,240
142,272,254,192,126,236,222,173
173,434,410,277,119,251,236,181
154,343,324,226,111,194,177,138
184,503,477,366,110,167,153,125
198,433,402,283,131,208,192,143
217,481,459,348,145,239,225,160
184,403,375,265,128,238,225,178
123,226,213,166,149,316,299,208
159,344,331,214,172,396,371,276
175,426,401,314,119,226,211,173
169,322,304,236,111,194,177,111
140,309,285,213,149,302,284,192
184,385,363,274,126,182,167,130
175,353,333,228,119,233,220,163
173,414,390,304,149,327,302,203
169,351,326,247,140,291,274,200
186,397,373,289,150,263,248,193
189,495,467,364,122,242,232,160
134,209,192,158,117,208,186,154
138,361,344,210,127,259,244,188
196,467,435,309,129,219,209,149
202,446,422,328,180,340,319,230
184,390,373,257,153,275,256,211
173,340,325,244,129,263,244,198
173,331,305,222,104,159,145,109
234,470,444,350,94,157,144,130
159,351,326,263,132,243,222,166
202,458,432,321,120,205,190,149
191,422,397,311,175,403,383,299
164,396,374,279,107,193,179,129
179,400,370,275,130,278,274,197
184,427,406,280,104,176,159,135
181,381,354,254,100,195,180,127
198,435,402,295,123,196,184,136
140,295,276,197,143,268,256,181
162,413,396,284,116,202,183,136
158,348,334,264,134,289,277,220
161,348,329,239,152,251,234,176
167,415,392,284,136,269,250,184
174,400,379,294,121,204,194,135
176,408,383,260,141,268,256,191
192,377,349,258,110,228,209,176
211,442,404,320,139,252,234,176
142,305,288,202,111,244,231,184
174,382,366,255,165,297,286,213
116,248,233,179,152,279,258,201
221,499,466,360,133,264,251,177
168,331,310,210,146,281,263,194
218,476,448,335,129,231,213,176
154,284,269,209,129,249,235,161
202,449,423,319,151,312,296,220
145,319,295,211,139,264,245,190
228,468,433,327,126,248,231,175
164,441,423,283,134,281,261,194
139,290,269,178,106,174,155,101
140,326,306,195,165,339,321,236
165,363,339,259,136,211,196,153
191,515,494,361,114,243,231,189
204,490,477,358,132,229,213,162
203,422,403,303,108,188,169,135
127,296,276,202,148,287,272,203
160,388,368,275,140,278,262,193
150,331,314,227,121,240,223,155
178,408,391,304,161,339,320,269
191,435,406,305,138,247,234,170
163,333,307,237,144,276,252,210
194,472,445,320,109,161,141,114
175,394,370,284,139,288,270,180
186,476,457,330,124,240,224,177
237,548,518,361,151,278,262,202
206,523,492,359,139,297,276,206
160,299,274,205,140,291,280,196
141,241,222,170,109,185,165,123
155,382,364,276,98,180,162,126
187,408,378,301,113,178,165,137
170,343,324,255,141,272,257,196
171,409,382,261,147,325,307,226
142,265,246,175,108,152,139,98
177,414,388,286,148,279,263,202
145,326,308,233,140,255,236,186
126,231,216,176,127,228,209,174
178,404,382,269,120,254,238,156
158,391,372,265,151,317,305,241
168,364,340,256,104,186,176,131
135,234,215,174,140,275,258,202
170,435,421,318,106,207,194,153
179,363,340,258,113,252,239,179
163,305,280,205,109,304,284,211
141,323,302,239,132,268,253,161
158,321,302,211,100,238,228,173
168,377,348,239,136,275,254,180
158,349,322,226,125,209,192,146
162,413,394,270,189,441,413,323
160,428,412,297,128,243,225,176
162,328,307,230,131,207,190,147
152,386,367,277,105,176,162,132
148,258,246,181,97,163,146,107
216,494,470,354,163,325,304,214
139,274,258,199,155,309,293,202
158,305,288,210,130,223,199,137
138,332,318,214,114,174,159,123
172,376,358,280,164,371,348,259
177,435,411,290,109,229,209,155
178,427,399,297,105,188,174,147
170,410,388,273,97,205,196,144
168,413,391,299,113,191,171,135
149,353,333,241,93,155,144,116
163,419,400,292,94,149,138,108
159,307,289,208,150,229,218,173
180,378,357,260,117,198,189,145
210,425,403,270,115,216,194,141
162,374,351,261,133,246,227,180
201,417,401,287,115,167,149,120
190,444,415,286,134,253,237,189
213,449,422,315,113,206,197,130
167,365,342,260,132,237,216,166
214,496,480,343,130,267,247,178
185,497,477,353,102,162,147,113
141,337,319,227,156,288,279,221
154,325,310,225,126,224,214,163
173,347,321,230,137,290,264,204
185,415,385,265,176,350,333,265
167,379,355,256,139,252,232,185
167,312,291,209,126,247,229,179
165,266,248,184,150,230,219,163
154,326,312,203,119,197,181,136
149,279,263,186,188,359,335,257
163,338,320,238,105,179,163,135
161,342,319,220,149,264,246,179
186,424,395,294,131,275,262,179
201,402,375,277,122,217,205,143
173,448,425,311,136,240,221,172
188,403,380,263,75,111,100,83
128,227,214,150,178,347,322,242
153,327,308,217,138,264,243,192
169,358,336,248,136,311,296,201
201,435,413,310,129,219,202,157
177,357,339,265,142,312,299,223
169,382,366,265,149,292,286,211
146,278,259,200,144,299,285,216
142,315,297,215,105,183,174,114
175,363,336,257,100,201,194,143
165,345,324,226,163,288,269,208
149,383,364,269,108,160,149,124
196,461,436,319,99,182,170,136
167,341,322,239,132,306,292,200
165,317,299,198,123,231,212,155
163,362,349,257,121,192,176,131
205,509,481,368,141,265,254,200
185,374,348,281,126,224,202,151
162,344,315,214,160,374,355,256
136,292,280,193,113,220,204,158
191,472,448,325,124,213,201,157
147,323,305,216,137,223,212,166
166,323,300,217,152,292,267,201
131,194,185,138,102,201,193,139
175,379,356,265,106,168,159,118
190,415,391,295,200,366,344,278
195,458,438,338,120,202,185,138
228,539,520,377,102,203,190,167
150,324,308,230,120,211,202,162
160,296,272,212,155,296,272,215
169,387,362,278,126,242,225,166
197,410,381,306,100,174,160,120
181,385,364,295,135,296,278,200
184,421,399,304,128,232,217,154
153,310,290,192,152,299,279,201
184,442,415,326,134,278,258,198
168,307,290,229,145,277,259,214
166,403,383,284,108,204,192,149
190,441,416,315,145,278,268,210
156,374,356,240,148,298,280,206
135,310,291,215,149,311,288,204
164,307,288,232,136,263,245,193
151,318,310,207,81,121,109,94
148,259,236,198,139,282,266,184
227,561,529,375,110,234,225,180
180,474,452,316,140,235,221,164
179,359,332,250,127,247,232,160
142,389,366,266,155,311,291,232
155,289,274,199,171,350,328,252
206,409,390,289,131,278,259,199
194,428,410,298,106,197,187,140
151,345,326,246,176,373,351,254
200,464,438,306,157,297,280,210
135,283,264,195,121,228,212,167
149,329,309,232,101,167,154,134
203,426,400,270,119,241,226,164
126,265,243,197,144,234,221,169
191,395,374,260,92,174,157,115
185,403,385,288,127,225,206,162
175,458,437,321,129,248,229,166
164,327,310,220,112,197,185,152
166,312,289,222,87,154,141,95
168,342,323,263,113,205,190,146
202,425,404,285,130,220,204,159
183,434,405,296,103,180,162,138
159,335,321,249,126,234,219,178
128,307,291,191,118,220,205,153
174,426,406,313,110,188,178,131
164,326,296,190,129,193,179,136
126,264,253,173,156,282,267,187
177,386,357,270,134,292,277,197
121,202,185,150,83,155,140,118
176,394,375,288,137,230,214,166
170,366,350,257,125,238,225,168
175,454,437,286,157,298,277,202
195,353,335,235,173,317,296,233
214,484,461,364,136,279,260,188
133,312,295,230,124,241,224,159
171,379,360,261,145,266,251,184
196,418,397,314,147,272,255,195
132,302,285,199,135,345,333,246
117,265,245,172,107,188,175,144
131,252,229,171,141,304,289,215
176,370,352,269,148,279,257,204
179,465,440,308,102,166,158,120
172,392,365,267,126,247,226,159
179,418,393,305,137,236,218,173
192,463,438,327,96,156,137,117
192,386,358,261,108,216,205,168
209,448,428,321,120,205,184,156
169,379,360,274,100,185,171,132
188,410,380,266,152,259,247,182
162,347,325,230,159,318,292,229
129,316,297,226,127,253,233,163
179,470,449,301,129,250,229,207
192,480,457,319,140,262,250,181
151,341,321,224,141,273,251,181
140,330,311,210,150,297,284,227
187,391,368,253,122,255,239,167
171,436,422,324,125,217,202,155
157,325,313,224,135,327,304,241
197,474,449,348,92,176,160,133
202,497,474,358,136,227,211,165
199,466,448,324,143,327,308,236
165,339,311,244,146,327,306,241
132,278,262,170,133,346,331,241
176,433,418,308,231,467,442,336
163,360,341,259,121,233,215,169
199,504,478,338,146,260,241,185
186,460,438,313,116,243,229,160
209,527,500,397,140,267,243,187
202,477,450,354,146,310,292,218
194,412,382,303,181,377,356,265
209,435,405,312,167,287,269,218
181,397,377,314,150,296,281,196
206,369,347,254,127,253,235,178
196,391,374,271,124,244,228,168
153,321,305,202,200,392,370,277
147,272,257,190,150,295,277,211
202,443,420,300,141,288,272,188
187,341,324,248,120,198,189,144
213,451,425,320,148,318,298,238
133,304,291,215,148,254,229,189
191,506,476,355,103,194,181,159
189,385,354,272,122,229,216,168
197,421,400,277,117,229,216,163
136,308,287,217,157,302,278,215
176,352,328,240,142,259,246,182
160,313,287,221,122,238,223,164
188,509,489,354,124,247,238,167
126,238,224,174,160,334,317,231
168,351,323,242,103,201,191,144
137,374,356,242,145,281,261,199
149,343,328,234,97,216,210,157
151,332,308,218,142,296,280,210
150,322,298,220,127,258,249,171
141,283,266,220,142,277,265,213
147,309,289,233,121,190,177,133
179,398,388,281,120,178,165,136
145,313,299,231,125,232,223,155
147,329,308,232,88,198,183,145
215,407,390,279,115,195,183,130
159,359,342,257,134,190,177,145
162,365,341,251,129,262,246,191
162,411,391,271,105,213,198,145
212,490,467,372,121,195,183,142
164,356,337,270,130,203,187,148
171,424,413,289,125,261,243,182
187,513,493,365,147,282,259,190
147,336,322,227,153,359,340,238
150,248,232,172,96,170,158,125
220,424,398,308,178,341,321,223
168,338,319,231,113,195,181,134
149,333,313,211,94,188,179,131
173,377,356,273,128,231,218,173
153,368,356,259,112,232,217,163
137,270,250,206,83,139,132,99
177,415,395,284,123,235,214,159
175,418,395,292,109,199,181,150
193,452,422,315,108,194,184,148
160,436,413,293,125,214,202,154
177,447,423,326,138,267,248,184
115,238,223,163,114,205,195,157
183,428,397,303,127,249,226,169
138,296,277,216,136,225,204,151
149,289,267,209,147,283,263,207
192,447,426,302,114,201,183,135
217,468,446,342,137,255,236,185
166,367,349,260,137,251,230,176
190,386,366,262,104,197,186,138
207,451,431,306,143,257,240,169
204,517,490,361,147,260,245,187
152,389,368,278,128,247,230,185
180,436,422,296,129,219,204,148
152,290,269,214,140,334,318,237
124,231,213,158,130,217,196,152
189,388,351,275,116,188,176,136
168,436,417,297,134,190,176,137
145,282,263,201,134,214,201,151
142,275,257,192,110,221,207,136
184,355,338,251,125,234,216,168
169,319,293,210,101,170,155,128
159,366,343,236,132,257,240,185
143,317,295,205,120,196,180,147
226,485,461,318,133,253,234,181
189,402,373,269,174,368,341,273
218,471,448,328,142,203,184,141
154,329,317,244,161,350,333,242
136,300,284,214,120,212,202,131
173,394,368,275,124,264,257,185
172,353,328,265,112,198,190,146
142,238,223,172,116,211,197,152
231,543,510,379,155,276,263,204
146,288,276,207,119,240,227,160
176,456,436,320,160,288,264,201
149,343,327,240,119,237,218,176
158,391,364,303,118,222,208,161
202,447,417,311,148,275,257,190
181,424,399,303,116,172,157,118
204,522,501,376,122,249,227,173
169,333,315,250,125,234,221,168
170,407,384,287,143,278,261,221
151,347,335,231,123,244,228,161
118,218,206,144,118,219,200,147
178,376,354,267,111,205,193,141
191,446,417,273,126,231,213,170
138,290,268,194,137,253,234,189
183,438,416,306,159,328,303,223
163,319,299,244,105,178,163,130
139,279,262,217,110,208,193,141
148,303,281,222,150,272,252,196
204,429,410,258,135,257,234,188
163,360,340,244,133,252,234,200
144,276,260,196,137,333,318,246
239,488,459,353,121,207,191,133
201,513,490,371,117,185,176,127
146,308,288,197,146,255,236,180
218,471,442,346,173,369,349,279
164,330,308,227,124,224,210,171
212,477,453,327,122,245,231,198
125,286,272,207,114,209,191,154
173,391,369,266,125,219,203,145
181,379,355,248,133,274,255,190
182,382,361,299,122,223,206,148
184,371,342,243,110,148,133,108
216,465,435,332,117,159,141,114
183,371,348,242,161,291,267,200
119,217,204,135,129,290,275,189
129,276,259,195,112,172,154,111
175,329,303,201,155,294,271,203
153,284,267,199,70,133,121,94
126,239,223,154,90,145,133,93
150,365,343,260,140,251,230,163
180,457,436,329,130,205,187,157
161,363,341,243,155,284,261,191
151,323,307,222,142,261,245,196
198,399,374,279,149,281,267,207
152,340,322,242,110,221,204,166
187,420,388,301,125,196,178,154
158,317,295,223,123,234,217,159
143,269,250,185,127,205,191,145
158,449,426,325,139,256,239,176
145,280,266,176,131,229,213,156
143,267,243,168,155,368,354,290
153,359,338,230,132,234,212,174
153,319,300,211,165,319,299,219
177,450,431,335,141,262,247,213
189,386,369,271,123,201,184,148
167,427,406,302,128,261,244,163
160,411,390,263,140,232,208,172
141,291,276,219,129,263,243,177
210,522,497,366,140,241,213,166
180,345,324,230,151,311,299,220
177,356,341,250,126,216,200,149
141,307,290,188,131,256,243,182
201,448,423,305,122,253,235,159
120,225,210,154,129,214,201,147
154,347,329,256,108,254,239,166
129,236,221,154,129,223,206,162
160,314,300,232,143,266,246,178
197,457,432,336,139,230,215,150
157,309,291,207,91,178,164,121
119,240,222,176,141,266,243,187
182,355,333,237,114,237,219,182
182,391,365,273,112,182,165,126
194,365,335,268,142,235,226,163
148,416,398,319,130,189,169,142
200,447,414,328,122,221,197,144
176,340,317,231,99,214,202,158
152,299,266,205,122,196,183,142
135,327,309,211,134,268,247,199
155,301,276,205,108,241,224,177
196,388,363,262,119,224,209,163
162,343,319,239,116,238,222,153
205,387,367,259,130,254,239,184
191,335,316,217,115,237,221,160
114,212,199,141,126,225,212,153
162,360,341,243,153,339,314,237
203,440,422,320,151,284,266,188
156,342,318,260,116,237,221,160
144,323,304,224,106,207,191,148
159,332,312,220,172,326,310,207
215,457,435,321,99,193,177,145
155,276,258,194,141,239,225,175
181,449,433,328,158,320,298,228
201,402,375,269,161,364,343,276
181,335,321,218,86,208,191,142
208,479,451,328,147,258,241,196
138,274,257,170,121,256,244,180
170,385,362,278,131,280,264,195
188,420,399,312,120,195,180,132
120,229,213,147,132,305,292,204
172,363,342,281,152,242,231,174
132,235,221,178,144,278,261,194
154,337,316,235,124,199,184,138
158,379,361,249,117,221,208,171
121,211,197,145,115,216,199,136
160,370,356,264,145,235,221,178
164,331,315,233,126,288,273,221
147,305,282,189,104,223,215,185
163,374,354,258,119,224,213,157
242,530,497,374,125,191,173,137
217,469,442,332,128,226,218,153
152,316,288,213,136,234,222,177
122,218,199,162,118,207,187,149
163,306,291,180,149,298,279,209
227,564,537,378,142,281,260,199
177,357,327,247,118,230,220,172
150,336,325,223,120,266,248,191
183,393,376,288,114,211,197,146
192,480,461,318,130,219,197,160
215,547,524,409,109,258,245,174
168,342,328,240,161,369,353,243
145,400,383,272,109,192,178,134
200,387,362,271,115,245,232,182
168,333,311,241,148,317,307,226
171,408,390,287,101,155,144,117
174,336,310,224,128,204,183,143
157,415,397,320,128,243,228,191
172,338,317,242,111,177,161,139
111,202,188,138,121,204,189,141
177,420,399,298,127,246,227,178
144,354,332,235,163,331,314,252
171,397,376,285,152,323,300,237
181,394,370,245,108,166,155,114
143,278,257,199,126,206,194,152
151,359,341,249,170,361,343,269
168,312,291,227,86,178,164,132
164,327,303,244,169,383,359,258
180,326,303,225,115,188,177,134
140,274,262,195,178,375,354,269
178,370,342,237,116,220,209,160
201,414,390,294,121,270,249,188
217,526,504,365,129,304,287,198
121,208,188,146,155,347,327,256
192,349,336,258,170,338,322,241
176,335,315,225,134,229,214,163
229,579,550,385,129,227,210,167
148,281,266,192,158,284,264,195
214,454,428,315,120,265,246,184
163,353,334,228,115,196,182,152
179,413,390,285,142,289,277,181
143,377,366,255,149,350,327,221
150,343,320,232,125,229,212,165
174,331,309,205,84,129,121,101
160,287,267,200,117,171,154,134
206,451,428,310,122,269,260,194
193,425,398,298,148,237,217,163
186,454,427,314,110,198,176,138
189,450,427,297,147,271,256,194
139,293,274,191,130,298,273,214
207,490,461,369,117,200,188,135
152,370,348,256,136,310,292,205
207,499,476,338,116,230,214,155
179,428,401,321,148,269,246,190
180,406,380,287,122,255,231,188
157,343,319,221,195,456,440,330
124,223,208,167,127,258,243,180
142,311,295,216,137,278,261,194
163,325,301,225,89,107,88,84
