449,421,295
489,465,312
430,410,286
470,442,315
438,414,304
527,500,365
452,429,312
705,677,540
528,505,356
511,491,367
331,310,227
430,406,300
680,644,475
680,647,491
536,500,384
482,456,319
430,405,275
359,344,235
369,349,262
561,542,404
635,606,425
426,411,295
485,463,341
450,436,289
637,595,425
531,504,369
575,544,382
282,270,194
429,403,303
593,562,424
602,576,450
524,495,354
444,417,319
481,454,303
625,595,434
471,432,308
521,488,361
375,357,243
532,508,380
555,528,373
605,569,400
585,561,398
409,377,252
545,521,376
352,329,227
503,482,315
230,208,168
411,391,257
671,633,465
483,454,344
463,444,349
600,564,437
428,418,296
590,561,433
296,282,193
292,269,194
349,332,242
351,331,226
528,506,358
634,611,436
767,733,548
378,345,248
625,599,421
500,474,344
483,458,350
669,641,500
634,597,441
722,688,510
661,637,502
500,470,349
350,342,258
594,558,419
556,535,413
682,656,495
433,409,300
706,670,504
458,433,299
386,362,242
550,511,370
553,527,373
451,433,312
562,525,363
626,597,432
448,420,290
506,485,340
342,322,251
644,610,437
407,388,281
329,311,191
399,384,283
516,489,345
628,602,426
380,357,246
400,379,285
506,488,369
513,480,345
323,303,225
516,491,384
477,453,338
597,576,390
411,385,273
309,289,187
558,530,389
458,432,303
480,453,307
478,448,321
570,540,402
444,423,270
646,620,443
649,614,452
403,375,290
531,506,356
423,399,295
526,499,372
649,629,437
402,377,255
459,437,317
595,566,423
316,286,215
540,517,354
620,593,443
260,241,177
581,551,381
573,543,402
680,650,484
636,607,448
284,267,208
529,513,382
459,437,332
613,580,466
574,540,408
484,461,323
580,543,387
457,434,325
439,409,313
578,550,400
520,501,352
626,605,472
684,658,477
498,468,377
574,550,422
386,359,243
616,584,446
372,354,278
329,311,212
416,391,261
687,646,482
383,362,247
475,454,329
579,549,425
515,490,368
618,592,393
481,454,358
612,584,435
462,441,328
343,323,230
501,475,360
662,624,453
506,475,335
350,330,215
414,381,286
622,602,429
382,355,249
523,487,346
331,309,225
322,304,212
544,510,373
479,455,337
509,482,355
499,466,346
361,337,223
571,536,395
614,588,421
592,563,413
566,542,403
427,408,289
294,274,187
661,630,476
596,560,419
558,532,382
650,624,444
408,380,255
539,510,376
352,341,221
469,446,320
496,465,321
515,489,328
373,346,232
548,525,375
273,257,181
553,537,392
535,503,377
501,475,388
465,438,321
400,378,276
548,525,361
560,538,396
572,541,398
435,412,279
374,357,237
801,774,589
633,606,453
535,509,375
695,649,475
660,632,477
617,591,424
400,377,240
441,413,323
440,419,289
663,639,458
539,518,387
365,344,230
439,410,296
608,582,409
672,644,481
505,486,346
596,560,384
546,514,371
511,480,346
536,504,372
424,405,287
603,586,407
608,587,428
434,410,290
493,471,322
483,457,343
405,377,275
408,384,252
473,438,315
556,520,367
449,425,307
393,377,259
568,530,410
352,327,232
453,420,324
599,569,387
686,646,489
623,590,444
321,307,220
400,381,283
405,382,263
299,286,215
475,459,343
429,406,290
427,408,292
387,366,263
391,365,270
504,480,381
446,427,302
451,429,315
474,441,321
492,466,346
357,332,228
425,404,292
493,460,328
651,619,438
752,708,540
611,578,420
552,531,406
379,355,253
586,550,413
510,488,370
324,309,214
542,507,369
532,515,388
527,507,352
410,382,275
551,520,381
568,532,411
482,457,331
575,549,394
508,480,370
633,595,449
533,504,362
474,453,351
300,282,187
611,585,425
441,421,319
487,465,345
272,260,170
664,632,458
616,575,387
561,528,384
581,543,401
635,604,440
547,523,378
663,636,477
333,309,221
564,533,395
530,504,378
510,489,362
673,637,456
537,514,370
597,568,423
634,606,460
370,356,255
407,382,263
307,284,207
420,407,301
573,551,412
652,622,499
424,403,281
478,450,323
603,580,419
599,562,419
354,333,269
492,474,377
714,682,492
684,654,458
537,510,375
576,554,398
407,394,280
417,389,270
528,507,375
599,569,435
530,513,363
423,396,277
639,604,440
609,575,438
457,439,295
448,426,318
714,677,482
612,586,451
790,763,544
349,330,228
628,598,464
531,507,361
449,427,305
439,410,311
478,451,332
600,573,417
567,540,375
596,560,454
261,247,202
522,495,354
591,561,407
559,530,386
482,455,314
445,427,308
413,393,267
666,634,478
421,398,268
590,566,445
457,436,329
428,407,267
570,539,415
521,487,350
612,579,422
217,203,132
444,413,318
471,441,321
497,466,356
398,369,266
503,481,367
474,456,322
477,453,334
659,625,467
388,364,267
590,559,405
477,442,310
626,597,435
579,548,402
468,437,345
377,358,294
351,328,230
472,445,324
655,624,460
572,551,411
445,426,303
364,345,235
658,627,497
332,312,236
412,395,270
444,422,288
413,390,279
415,381,259
434,411,304
517,486,344
601,574,399
409,394,260
566,540,387
543,517,363
452,428,320
590,564,418
356,334,235
397,375,287
332,314,220
555,533,386
507,487,334
476,446,319
662,632,457
547,517,363
360,348,234
449,421,330
516,482,350
516,499,349
650,615,468
430,412,310
619,589,445
461,439,301
525,496,368
484,458,323
464,445,331
341,323,254
490,467,343
444,419,307
455,426,312
441,416,303
543,518,370
509,478,345
439,415,273
631,600,460
336,322,243
490,468,331
443,413,294
362,341,244
404,382,260
625,598,464
512,488,323
465,436,294
622,594,468
491,471,332
378,354,269
534,511,378
461,441,304
487,468,326
456,428,318
422,399,295
365,343,261
595,568,417
489,469,364
494,472,307
635,602,424
415,388,266
542,506,379
560,533,383
647,619,482
481,461,329
546,521,375
535,505,380
484,456,308
360,336,230
485,454,319
734,708,555
508,476,349
442,429,304
326,308,205
701,673,483
689,663,511
450,420,304
406,378,281
513,488,346
612,581,416
412,390,272
632,600,436
709,680,499
204,187,136
429,402,316
625,591,427
514,494,334
433,417,324
618,594,478
532,510,350
679,645,460
428,399,282
459,433,320
572,556,381
434,418,302
409,388,285
480,453,327
449,428,298
517,495,348
467,436,319
364,352,261
428,404,273
298,286,196
405,389,253
368,351,270
503,478,339
485,452,326
462,435,330
633,597,435
683,635,453
596,569,420
262,246,183
359,331,253
414,388,279
331,309,217
483,461,353
503,482,324
489,463,325
581,543,387
387,363,300
473,447,361
453,429,328
421,401,273
515,490,370
477,451,330
528,501,349
565,537,389
633,599,453
501,479,343
549,518,396
378,360,277
303,285,213
622,591,413
464,439,317
524,504,361
717,681,505
325,305,200
506,478,341
669,632,476
647,618,464
406,384,258
722,679,510
285,263,193
401,382,297
479,456,326
576,546,415
541,506,358
431,409,308
622,576,417
523,506,356
402,378,268
535,506,373
372,350,245
478,462,340
383,359,257
668,646,503
430,401,288
624,597,430
408,388,269
508,475,361
474,454,348
533,501,363
560,535,375
550,520,379
314,301,229
426,399,302
429,405,293
537,509,380
529,505,380
513,488,364
611,574,417
547,520,385
526,499,363
483,460,339
332,320,240
480,454,335
509,477,359
436,412,293
464,438,339
546,516,363
415,389,274
457,432,303
343,330,217
669,630,475
409,377,246
638,614,458
424,400,274
463,432,295
421,391,262
528,506,355
396,382,264
531,502,384
619,596,434
641,608,459
480,452,326
464,442,312
540,515,366
307,292,226
583,545,432
296,276,192
452,425,298
473,446,304
540,507,371
369,346,255
520,501,350
233,216,169
547,523,375
492,472,345
574,540,399
557,532,376
485,458,318
395,375,286
422,396,269
345,322,223
522,491,350
496,477,333
614,584,404
518,495,348
670,632,476
504,475,331
402,377,251
457,429,312
623,592,446
518,488,330
488,459,336
564,542,425
480,461,311
538,517,375
659,623,456
406,387,258
575,544,415
404,389,284
498,470,349
433,422,283
482,457,315
483,457,352
497,471,358
459,440,321
450,426,286
670,649,500
539,514,403
480,456,359
402,382,272
508,479,328
549,527,371
702,675,504
416,394,301
721,684,523
436,409,290
599,575,417
575,546,413
602,577,450
533,508,346
504,475,369
245,232,158
585,546,389
602,584,429
609,586,424
443,423,319
557,531,387
683,649,470
381,356,248
593,567,396
365,345,248
512,482,322
576,549,399
482,457,330
372,356,253
566,539,406
597,573,399
569,531,396
393,370,256
610,583,443
412,390,277
501,483,373
522,486,337
383,363,275
419,388,259
611,578,416
483,456,325
342,314,228
545,508,351
538,512,360
435,414,270
539,511,377
552,533,380
530,513,393
673,637,481
622,596,455
415,395,269
516,492,363
586,562,423
724,702,511
592,567,409
464,434,299
581,552,395
204,191,148
422,394,286
678,650,494
565,541,398
437,413,325
477,457,330
495,463,348
411,385,255
535,518,357
284,260,182
470,456,339
447,422,319
580,556,394
500,480,343
492,467,335
541,525,363
577,550,419
415,392,288
620,590,440
376,363,258
581,552,419
471,448,310
373,353,248
326,302,212
686,658,486
368,341,248
437,415,299
587,565,387
409,392,260
716,691,493
375,357,254
566,533,370
546,520,387
489,463,328
467,445,297
402,382,261
745,706,511
533,513,392
533,513,363
418,396,287
525,504,350
433,415,299
426,401,295
645,618,462
627,606,442
436,414,311
507,483,325
590,561,434
450,429,303
443,419,289
295,277,201
504,478,375
545,522,364
530,507,358
563,540,396
504,477,340
528,505,396
516,487,323
721,682,490
437,421,282
540,521,378
548,515,383
547,513,377
570,549,408
515,489,341
547,514,396
371,348,254
495,471,322
665,642,457
749,709,534
447,429,313
445,427,285
538,521,373
667,636,472
371,346,246
533,504,381
379,352,260
425,398,292
496,477,372
505,476,327
317,301,226
793,762,569
654,622,454
608,573,438
772,748,559
460,443,285
336,314,229
625,599,404
489,463,359
410,388,308
626,595,440
253,243,178
604,578,425
380,367,295
284,271,229
445,428,308
631,608,456
415,396,304
446,431,356
343,317,223
370,350,227
541,515,369
407,381,275
424,401,285
550,523,372
766,742,546
385,365,237
482,460,361
563,536,385
446,425,309
465,441,321
336,316,227
596,568,439
571,533,391
449,427,287
566,541,405
508,481,391
626,604,440
464,444,335
476,451,336
446,416,312
336,319,219
379,358,267
665,631,444
553,529,382
518,492,389
427,404,296
564,535,366
670,634,479
447,419,281
557,532,410
493,467,349
487,463,330
532,511,386
423,399,281
548,519,366
424,394,285
357,337,240
458,433,299
578,549,429
296,279,209
420,402,319
505,486,357
406,392,286
486,462,327
587,561,420
413,388,274
483,451,326
504,481,352
650,620,455
526,500,373
683,648,481
512,485,358
532,514,406
507,477,347
579,539,391
366,343,271
477,461,314
539,514,378
484,460,320
425,407,296
496,466,351
415,395,318
576,539,382
463,442,336
448,424,287
539,512,378
652,608,453
724,705,502
403,389,288
575,549,398
469,448,294
485,465,337
423,394,292
373,355,245
579,554,426
519,485,367
403,377,246
416,392,259
590,559,412
271,256,190
432,409,299
341,323,226
363,347,241
442,423,321
418,396,306
364,346,259
635,606,452
547,518,378
544,513,348
503,478,329
477,451,321
450,426,315
523,498,360
520,494,350
471,457,310
540,511,385
532,499,392
433,407,279
509,481,354
577,557,391
553,519,395
690,658,479
421,394,274
617,585,433
420,400,294
448,423,285
439,404,295
388,363,265
378,357,279
635,604,460
414,386,272
561,524,378
366,346,266
414,386,269
549,521,372
641,607,427
536,490,372
469,451,305
352,339,235
432,414,298
546,512,362
530,503,356
386,374,246
486,462,359
489,468,328
468,452,310
398,378,287
340,319,221
562,534,380
464,444,333
517,491,376
501,478,348
537,513,360
535,509,346
566,538,413
422,391,279
460,434,310
490,470,360
451,421,294
554,526,380
520,484,339
629,598,486
558,522,382
510,490,358
466,442,330
546,516,368
562,537,374
500,481,349
491,469,329
351,328,257
524,507,371
502,474,363
436,414,273
419,401,310
526,499,366
486,458,371
377,360,256
674,638,442
444,424,309
583,562,372
439,416,306
482,464,331
366,338,235
490,465,342
457,435,346
593,565,405
628,587,427
391,365,256
390,364,252
646,610,444
361,339,230
431,407,282
508,478,361
533,508,371
471,446,323
506,478,346
682,640,488
197,186,145
393,363,263
521,498,384
574,547,410
302,286,201
612,587,403
589,560,398
580,550,410
484,459,340
543,514,365
341,322,234
515,492,376
500,476,327
545,518,399
505,479,343
402,384,270
515,487,353
537,517,370
462,431,313
533,510,394
538,503,346
590,569,424
614,582,417
360,343,259
457,438,318
550,520,358
412,384,293
502,480,337
372,346,238
575,547,373
519,495,373
459,441,312
433,409,286
541,514,409
432,407,303
537,514,370
464,439,327
596,559,397
668,638,466
392,366,268
475,444,291
524,498,361
647,621,498
485,462,308
528,508,402
416,391,294
355,332,234
469,449,319
357,335,238
514,490,395
389,363,261
454,430,325
590,565,411
420,392,302
598,573,398
461,442,331
288,266,192
379,358,273
437,415,314
262,243,197
564,538,369
592,565,404
460,434,314
598,565,422
317,300,213
414,386,282
422,394,300
574,552,395
399,381,266
424,408,303
434,410,292
581,551,394
462,434,348
493,464,307
528,497,352
651,621,458
691,662,485
456,436,313
477,459,332
529,496,402
601,573,414
570,543,385
437,414,330
532,506,367
335,309,234
429,411,273
363,348,257
458,437,318
533,515,366
568,546,368
293,281,189
596,573,431
542,508,368
398,367,276
179,166,116
433,399,299
345,321,240
501,461,315
275,252,187
756,733,547
528,509,378
490,460,335
663,631,478
665,640,489
351,332,219
383,363,272
531,504,349
440,416,302
434,415,315
392,374,279
440,419,296
488,463,341
351,333,250
335,320,239
451,422,301
593,565,389
346,317,238
640,619,447
484,453,345
480,463,332
604,576,445
582,553,403
564,540,378
519,498,387
607,572,407
601,576,412
564,539,386
545,517,383
509,479,351
366,345,257
541,513,381
501,481,343
479,451,333
452,429,297
499,481,325
372,359,232
415,390,281
395,374,262
563,538,393
633,597,439
306,291,201
392,372,265
623,595,466
521,495,368
372,349,278
502,476,368
523,491,385
638,609,467
652,625,465
407,380,293
502,471,344
458,443,325
371,350,246
402,385,309
408,375,255
431,404,290
471,442,325
505,481,355
438,424,319
566,540,401
564,537,406
582,552,393
531,506,381
438,419,285
497,470,332
490,462,368
451,434,307
518,491,341
482,463,349
621,590,443
463,439,320
449,428,324
439,411,317
461,429,289
488,462,377
362,343,248
352,332,223
379,353,242
403,378,258
567,537,371
360,342,251
698,670,497
380,359,266
530,494,361
409,392,271
333,312,229
492,466,346
494,472,336
493,471,330
522,498,352
642,620,478
364,345,215
641,615,449
472,439,316
545,518,400
633,609,439
487,459,344
484,467,344
523,500,391
451,434,290
578,555,425
458,433,304
547,517,376
419,398,295
563,544,408
573,546,387
552,521,370
423,395,286
654,615,451
461,434,295
442,425,280
419,400,288
529,493,344
563,529,391
484,460,316
590,563,411
683,639,465
450,421,294
543,518,368
523,496,361
474,448,344
392,363,240
584,556,390
594,572,427
471,446,341
522,505,366
750,725,564
419,395,303
575,558,459
260,248,166
511,491,342
412,391,291
429,405,299
535,510,360
611,582,398
495,466,335
556,531,389
318,298,186
502,478,366
572,547,390
428,400,300
566,535,400
589,559,412
535,509,362
585,562,411
649,614,428
641,610,482
401,381,280
388,366,290
521,495,371
672,635,461
508,483,345
329,305,216
438,422,320
393,375,253
456,427,314
551,520,368
643,616,461
646,615,475
456,426,302
483,452,326
582,555,401
286,265,209
453,430,318
753,727,540
591,562,420
387,360,267
452,431,307
382,359,243
546,519,375
419,405,285
411,387,270
392,366,253
547,517,371
499,469,347
605,567,438
564,543,404
675,645,465
373,351,280
400,385,265
475,437,331
601,578,439
445,424,296
732,704,538
670,634,445
725,694,508
397,369,249
576,539,429
452,424,292
379,346,250
333,311,215
440,416,285
363,339,247
594,565,429
376,353,249
423,407,300
513,475,356
457,435,334
571,536,371
359,334,272
372,348,237
515,476,336
594,568,423
452,424,321
435,410,308
638,604,406
386,370,275
537,507,357
434,405,286
481,455,317
457,441,305
581,558,390
478,453,337
592,553,402
369,354,246
246,235,149
676,640,495
361,338,247
624,594,437
612,585,443
570,547,421
445,421,333
520,490,366
536,511,382
611,577,404
570,534,390
606,576,422
457,434,318
396,373,249
420,392,302
496,477,335
402,381,250
509,488,373
372,350,247
524,501,362
394,361,256
545,514,369
638,600,458
550,517,375
395,366,262
634,599,455
357,341,247
405,377,283
348,336,232
372,353,251
282,269,182
350,327,239
400,380,280
476,449,379
460,439,322
719,690,491
366,346,253
445,427,321
431,411,280
584,546,391
598,571,428
456,430,309
592,560,417
560,532,374
560,540,374
680,657,475
479,453,335
668,626,488
381,358,250
488,453,310
419,400,305
450,430,331
603,580,429
526,507,389
368,355,226
462,438,319
406,392,269
623,598,444
444,417,313
703,680,504
382,353,250
508,484,338
518,492,350
703,673,494
427,396,287
347,325,224
495,478,346
592,563,426
533,503,358
521,494,361
441,418,269
453,436,302
597,573,406
619,586,446
443,417,304
526,508,393
247,228,178
579,551,412
582,554,425
434,414,316
340,319,244
592,564,440
335,310,245
693,666,478
433,406,277
401,375,268
453,425,288
456,435,307
428,406,278
573,550,400
617,590,456
709,679,487
466,442,351
523,492,352
479,462,350
747,713,534
592,563,423
460,429,318
387,369,272
531,498,378
538,509,351
516,490,345
435,412,305
504,481,356
556,524,381
366,348,237
463,448,332
537,514,393
575,544,392
469,448,330
450,430,303
375,345,263
431,406,292
615,586,449
491,467,337
400,376,245
536,503,367
473,452,309
768,741,556
659,628,471
555,514,375
361,339,244
508,486,376
513,488,336
494,466,336
456,440,328
464,434,332
445,420,304
614,584,428
494,476,352
592,555,397
474,450,336
377,357,275
601,571,444
513,483,337
579,550,385
623,595,459
474,446,320
711,674,499
494,465,332
286,270,195
372,354,267
522,499,367
591,567,426
577,539,393
504,480,367
696,662,493
399,381,292
425,409,285
442,419,276
594,569,430
536,515,374
740,704,529
511,486,334
332,311,220
549,516,403
446,417,278
652,624,457
383,353,275
581,559,434
459,431,331
620,584,430
500,465,336
408,382,236
449,426,309
400,370,282
678,650,476
682,642,472
640,599,448
303,284,197
465,441,341
498,474,364
501,467,337
364,349,245
539,504,381
504,480,352
511,484,346
474,452,353
696,657,502
566,531,384
677,646,499
655,635,473
311,291,197
472,452,297
458,435,318
554,532,388
599,568,419
635,608,435
510,483,364
386,362,262
523,500,382
460,434,309
549,516,376
391,367,275
504,482,373
627,594,416
382,355,235
361,348,260
544,521,399
553,531,363
627,585,400
450,422,294
471,448,323
581,553,415
716,684,535
474,447,323
564,541,392
685,651,485
482,457,362
422,398,299
421,393,270
332,310,221
411,381,287
561,531,404
548,522,388
587,554,396
518,491,369
365,334,251
474,454,329
568,540,422
584,562,419
475,454,317
408,385,264
343,322,223
388,370,256
557,530,385
402,387,266
380,356,251
522,495,399
606,574,398
414,389,285
382,363,286
572,544,417
449,428,328
497,472,319
626,582,462
521,500,357
417,395,280
607,585,437
364,343,248
462,437,301
478,444,343
439,405,281
360,341,232
429,407,293
377,358,248
599,571,434
677,643,482
614,573,403
607,582,457
468,439,324
430,414,317
407,383,292
392,370,275
532,496,370
678,655,483
561,535,385
514,487,348
474,449,333
556,529,390
623,601,434
588,558,427
522,489,343
454,429,308
521,501,360
618,581,416
458,438,306
416,394,264
659,627,436
415,391,294
755,728,566
459,441,312
462,441,297
491,470,346
374,351,270
562,532,420
436,412,338
480,451,315
739,711,552
379,351,252
562,531,402
621,584,420
356,343,253
558,539,399
475,445,312
451,429,337
501,480,354
523,493,363
388,370,263
493,462,332
303,285,187
347,328,251
430,409,297
413,396,269
460,438,316
257,237,176
508,479,352
353,338,236
565,543,377
645,613,441
469,444,315
749,726,532
271,262,179
461,445,302
575,548,401
498,468,350
516,485,341
686,648,490
486,466,340
368,352,264
435,416,325
565,524,394
541,513,353
501,469,348
404,380,268
596,563,404
535,513,352
344,328,232
394,377,284
341,326,242
665,636,490
564,529,364
676,643,468
566,539,362
527,498,358
514,491,347
492,469,340
483,466,338
450,425,303
358,339,222
407,380,285
379,354,255
430,408,310
349,332,227
396,371,261
559,534,408
388,365,282
615,589,425
546,527,405
455,437,306
489,466,366
374,350,239
620,595,452
451,421,269
536,518,404
576,548,391
549,523,385
562,531,355
438,419,292
330,307,233
494,478,324
540,513,388
417,397,262
295,274,207
655,629,462
323,299,236
417,393,261
456,441,302
585,548,425
459,433,291
459,434,302
608,577,419
423,403,279
500,483,337
616,576,415
623,595,449
578,549,417
710,679,501
505,478,364
692,667,480
621,595,428
358,327,258
520,494,349
587,550,423
438,410,271
581,549,384
571,547,377
426,401,311
493,467,349
403,384,247
534,512,381
359,340,273
587,561,426
714,685,477
370,343,232
609,587,400
442,423,312
370,357,252
517,495,376
500,483,328
483,452,316
478,455,314
691,664,476
591,560,406
419,401,264
606,587,429
356,329,244
607,580,419
454,426,308
504,474,339
387,370,256
411,393,285
610,579,418
585,555,397
398,380,268
572,543,393
466,444,317
655,625,442
562,529,401
362,344,249
626,598,433
468,443,314
543,512,411
549,522,348
508,477,364
631,600,441
472,444,312
387,359,280
600,571,423
420,392,286
459,431,298
288,275,203
325,304,210
417,392,291
372,354,266
473,447,328
658,634,478
490,467,343
427,405,275
451,428,289
643,611,438
410,396,268
488,462,352
490,468,315
602,578,423
437,423,292
561,527,396
390,369,272
671,632,480
505,485,339
564,542,373
502,478,357
544,523,379
358,340,226
490,473,335
669,639,451
296,281,186
431,410,277
479,463,348
388,361,256
413,382,253
551,527,359
509,476,365
583,555,429
434,417,294
402,389,291
460,433,313
440,422,308
402,378,288
533,502,373
587,562,431
255,241,166
415,389,285
601,569,432
386,369,265
540,515,368
751,714,531
382,355,250
447,429,306
528,492,364
313,296,200
477,463,344
614,586,433
594,570,448
449,422,318
615,589,435
679,630,464
548,522,357
436,410,297
567,543,387
257,240,164
570,531,393
379,359,236
648,614,447
365,348,234
505,480,356
338,316,223
649,623,446
488,456,332
508,481,340
599,571,417
480,453,319
665,631,477
583,552,416
483,464,347
657,624,465
619,599,426
374,357,245
571,539,401
710,684,494
568,537,419
491,476,331
496,474,342
446,413,301
576,551,411
624,591,410
467,444,314
430,400,294
477,453,341
613,594,408
508,483,349
476,452,329
535,507,368
477,455,345
633,596,444
355,334,234
482,458,316
297,266,217
560,525,392
497,468,349
351,330,233
567,545,418
413,395,301
283,271,180
408,391,284
478,449,318
690,662,509
674,628,465
448,415,315
514,480,369
496,462,314
435,409,279
631,600,415
311,291,209
668,637,467
692,662,493
446,428,338
620,586,445
523,499,382
513,485,365
363,348,239
605,587,458
374,348,272
642,610,461
516,477,354
589,555,434
401,371,255
613,588,441
600,571,403
464,437,334
673,647,446
473,454,353
293,277,193
538,509,367
764,735,534
510,482,362
543,519,347
385,363,262
321,293,213
543,521,414
441,425,295
665,631,435
637,614,458
517,482,369
540,505,382
639,606,445
516,481,363
352,335,245
626,593,460
276,259,197
579,556,412
517,495,342
638,611,445
518,491,346
448,426,312
498,479,335
473,458,344
607,570,426
578,547,392
359,347,260
688,658,475
558,542,399
601,566,407
376,348,245
469,456,333
519,499,347
663,633,497
594,568,426
375,355,249
408,389,274
443,422,301
583,555,427
516,486,396
414,389,313
417,396,285
633,599,431
429,403,295
608,574,413
602,574,440
718,672,492
562,533,386
511,485,345
387,366,238
611,581,446
493,459,317
552,529,403
539,522,402
498,463,354
397,379,256
525,497,340
468,447,283
524,494,341
476,451,330
356,340,253
371,347,231
584,546,387
510,492,333
497,461,323
338,316,246
494,464,340
379,357,234
408,384,269
482,462,335
808,773,605
347,328,227
586,552,419
555,529,365
551,535,416
397,379,264
656,622,473
549,528,382
365,343,261
494,475,345
397,383,250
543,508,368
276,266,203
527,501,363
649,623,473
623,588,446
515,483,345
482,462,351
527,508,367
320,303,215
651,619,460
367,344,236
517,482,356
478,457,323
371,352,271
353,341,252
426,400,287
257,243,161
686,641,478
667,640,481
507,480,353
510,482,341
326,312,237
542,507,386
557,523,404
585,563,435
487,461,318
560,532,386
467,438,356
456,434,286
453,434,322
516,500,346
513,491,363
697,667,489
315,296,207
430,405,304
652,627,481
434,413,304
415,397,273
567,538,428
429,393,262
634,601,430
417,389,295
514,494,338
282,262,186
456,432,311
584,561,407
491,467,342
570,545,425
458,434,296
653,618,460
434,410,297
459,429,335
623,581,431
651,619,454
398,373,260
511,479,340
400,369,273
518,490,338
564,538,408
258,238,190
599,562,383
419,397,299
514,487,346
675,646,486
674,649,486
464,438,314
531,502,343
425,396,277
676,648,455
468,442,343
407,376,274
720,683,485
348,330,258
428,399,269
410,391,279
388,360,261
377,361,238
456,431,312
602,577,389
477,445,344
649,625,443
484,456,345
380,357,248
263,247,189
471,440,316
443,411,292
573,549,405
392,370,263
513,482,340
571,549,386
576,543,396
230,213,173
480,459,337
490,465,336
453,422,294
530,506,388
573,538,378
620,585,441
507,471,345
467,441,313
458,435,321
456,432,303
518,499,357
388,371,256
525,497,388
532,502,355
429,408,291
547,519,382
686,655,486
534,513,364
477,456,321
712,673,494
431,406,289
467,439,324
409,384,298
533,509,362
326,309,204
485,462,364
308,291,198
464,443,339
371,350,246
405,387,273
517,482,348
488,465,333
601,578,409
536,506,366
442,421,316
580,556,400
644,615,437
440,423,311
431,402,309
608,581,419
357,345,236
459,439,334
577,539,385
363,345,245
480,462,336
626,586,427
563,536,402
401,372,287
557,528,410
665,625,448
605,575,436
484,466,320
603,576,421
592,571,447
619,588,425
559,537,413
565,539,373
712,676,530
483,461,333
499,469,349
579,549,431
415,383,262
292,276,204
270,251,195
522,491,382
433,402,292
470,442,325
448,425,321
487,453,338
753,724,545
606,583,421
412,394,270
382,368,290
643,619,469
422,406,294
589,556,415
484,461,336
455,425,298
444,423,294
356,329,231
503,479,371
567,541,422
563,546,421
482,452,346
347,325,261
470,454,314
467,443,303
385,368,275
357,341,251
449,431,331
581,547,373
487,464,315
522,499,365
558,527,383
647,618,456
482,451,349
533,509,358
661,635,481
672,644,509
593,570,428
574,539,384
471,452,317
510,489,335
442,421,305
483,462,307
608,582,421
417,383,281
501,476,357
506,481,359
565,545,402
396,373,250
433,405,308
579,551,377
483,465,339
467,442,315
317,299,202
326,309,203
402,385,269
441,418,310
619,595,429
583,564,403
486,456,364
371,347,250
738,709,510
437,415,277
386,364,254
634,604,453
426,416,292
630,602,452
534,501,359
393,373,274
448,429,314
575,546,412
712,682,515
390,368,292
418,402,291
513,490,369
505,477,358
471,451,320
575,549,371
531,502,364
388,376,297
532,495,347
520,493,370
536,502,370
446,424,315
634,598,440
553,526,371
652,627,465
458,435,328
417,398,281
632,605,477
488,459,321
541,514,367
614,593,455
594,572,424
327,305,206
537,508,359
703,671,491
431,410,318
476,450,304
344,331,245
460,437,307
672,642,484
420,391,293
507,477,342
489,458,339
486,466,327
553,524,370
653,621,440
287,273,205
519,494,372
338,323,233
346,323,244
567,539,369
558,538,381
581,553,401
598,570,409
495,464,317
670,633,472
405,384,282
481,457,324
350,332,244
413,397,303
510,479,335
460,437,309
553,527,374
469,439,306
550,518,380
309,294,223
663,627,454
395,377,267
551,515,371
477,454,304
344,329,226
435,416,316
429,412,307
330,310,221
453,429,312
521,492,338
542,515,398
445,421,299
616,585,450
567,536,368
474,450,340
558,525,380
503,467,365
635,599,441
548,526,440
691,659,504
445,420,293
420,401,260
488,468,329
414,398,319
480,463,320
321,305,211
519,499,402
363,347,232
426,403,309
541,514,379
512,490,334
594,565,437
232,216,166
542,515,394
668,636,478
398,376,271
566,539,404
561,528,393
514,485,363
562,524,393
572,551,378
461,434,296
394,372,271
377,362,276
496,470,353
404,378,283
529,510,387
450,420,280
504,470,343
422,399,290
636,608,461
430,407,321
528,499,337
593,561,418
367,339,245
407,385,258
552,529,388
412,387,271
352,325,260
661,626,453
517,495,349
527,500,380
635,610,449
316,301,245
334,318,229
532,501,349
467,443,322
581,556,397
356,335,235
607,574,438
711,687,515
622,600,465
488,460,347
397,377,289
420,410,304
419,398,303
527,497,366
426,403,283
282,272,194
652,630,432
442,416,277
288,271,191
676,647,460
513,485,339
546,505,391
493,468,350
562,542,394
743,704,524
262,245,163
514,497,362
516,491,345
666,638,472
485,458,345
515,492,367
450,422,299
439,415,307
763,735,531
451,421,325
618,591,462
280,255,205
430,416,285
569,544,370
399,382,275
713,682,481
410,383,270
446,433,323
548,531,407
481,449,354
627,598,443
292,272,189
521,491,390
454,429,348
299,282,202
457,444,319
674,633,472
483,453,322
454,432,324
426,400,315
700,664,503
482,463,341
641,618,436
688,661,493
619,586,474
534,502,352
440,430,338
329,305,225
453,435,308
547,529,395
424,401,292
540,512,387
463,441,335
468,441,334
610,577,434
409,383,264
532,509,370
456,432,317
484,467,340
557,531,398
509,477,355
413,392,298
586,555,440
397,376,268
519,500,343
603,573,438
456,433,306
587,561,389
522,488,344
654,624,449
550,523,371
587,561,415
660,638,459
437,417,338
441,410,325
595,572,427
556,530,378
512,482,352
591,558,414
313,295,210
511,486,389
595,568,416
546,521,404
664,636,449
577,553,413
381,359,260
338,316,203
436,421,291
493,474,332
622,593,426
654,626,457
394,380,257
411,387,257
633,596,447
395,370,282
447,434,307
515,492,353
240,227,150
519,483,342
554,533,408
655,622,460
614,583,413
389,371,283
648,622,480
531,507,354
426,401,298
589,553,404
556,526,373
472,445,319
568,542,411
457,434,304
776,735,540
440,414,298
462,430,313
404,387,272
415,390,297
542,518,360
394,368,262
444,418,308
465,443,300
376,351,261
582,559,379
515,482,365
557,529,412
444,417,300
474,453,363
417,395,263
309,285,212
344,322,229
577,547,395
463,438,338
543,516,383
370,341,265
581,555,390
608,575,427
468,448,336
474,453,337
497,467,359
517,488,342
608,575,412
469,431,332
603,562,420
354,331,227
321,303,222
427,399,275
356,339,251
416,382,280
341,319,210
400,376,280
401,383,268
650,622,470
435,413,280
421,399,296
424,408,311
508,482,347
335,320,219
515,482,344
537,510,384
326,305,198
444,423,296
540,510,367
457,440,332
464,441,304
367,345,241
639,600,421
544,523,376
474,440,319
687,658,489
446,425,354
464,438,308
526,502,404
623,590,437
519,490,334
499,475,317
381,364,264
597,566,397
551,524,386
428,403,282
543,515,365
533,500,354
448,423,295
501,469,340
589,559,420
320,296,213
523,491,372
577,550,391
365,344,241
494,467,338
631,604,450
604,572,412
312,293,176
354,337,257
502,475,334
669,636,473
767,736,536
517,502,377
425,395,276
484,455,315
428,401,302
325,300,197
568,548,410
633,596,448
425,409,301
445,411,280
464,435,338
606,581,432
476,442,318
691,653,456
626,590,420
446,424,318
518,497,368
482,466,341
603,567,437
383,361,274
625,598,433
552,535,392
553,524,375
372,348,248
624,597,457
335,312,223
479,464,352
468,453,355
617,590,458
469,453,341
595,564,395
538,510,363
545,524,403
694,668,481
452,432,339
613,579,442
479,455,337
397,383,278
324,310,231
589,560,406
516,487,359
603,576,449
476,446,326
631,593,441
568,545,406
649,623,461
521,491,390
328,311,207
618,593,460
469,452,296
601,574,439
510,486,353
425,397,297
540,509,377
373,339,248
381,349,233
600,572,422
391,370,258
441,413,290
756,717,538
482,462,320
470,451,295
501,471,343
351,332,243
630,601,435
560,531,407
253,238,155
618,596,449
553,532,417
375,364,244
595,567,440
504,481,351
532,509,362
509,482,358
668,638,477
725,691,506
503,478,321
555,525,379
515,488,354
548,526,390
481,457,321
355,331,257
703,672,504
595,564,405
586,553,398
520,497,380
681,652,477
461,432,326
644,608,453
565,534,361
431,413,303
491,462,324
392,372,266
496,474,344
504,475,349
517,489,371
557,527,371
674,652,478
715,680,502
347,329,220
433,414,309
571,545,390
502,480,353
692,669,469
455,432,290
368,345,236
370,352,257
447,420,327
594,561,409
489,462,337
412,391,267
423,404,287
606,577,446
446,421,308
439,412,315
342,323,247
339,314,213
479,444,340
377,360,254
458,435,316
494,464,340
395,381,277
526,504,343
642,612,452
440,421,308
611,577,426
645,608,428
477,448,310
390,364,266
363,342,241
551,527,380
466,439,315
520,489,333
573,544,391
390,366,259
500,475,345
663,637,453
315,296,188
473,452,331
503,483,338
526,496,379
487,453,318
460,435,330
685,657,501
498,477,328
565,533,371
531,507,334
419,400,291
479,445,313
294,276,192
322,306,194
625,592,452
663,631,476
439,417,275
414,393,262
351,328,240
705,677,533
519,500,370
506,477,336
428,412,306
587,561,396
672,641,453
515,492,374
513,485,343
439,419,296
485,465,332
321,309,245
451,420,312
680,658,465
433,416,311
481,449,318
694,664,492
534,511,394
571,538,403
618,590,449
354,334,231
658,623,479
305,290,192
454,432,304
464,446,329
337,315,220
584,557,400
583,557,392
549,519,386
510,480,366
545,515,381
434,409,312
596,565,400
429,414,306
501,471,331
421,396,295
407,381,274
404,383,250
494,466,331
638,613,454
527,497,361
563,529,383
545,514,356
470,450,316
541,510,407
517,490,364
546,513,368
683,647,481
619,588,422
593,564,451
623,592,449
492,467,343
564,532,388
404,379,251
654,625,448
573,550,391
385,354,270
688,647,457
523,504,363
467,449,316
686,660,496
440,414,312
355,339,247
384,366,258
531,515,372
497,476,351
440,416,323
584,551,394
497,469,342
492,467,323
623,580,431
432,405,309
437,419,283
559,526,394
462,430,344
556,522,369
642,604,450
431,414,288
481,450,330
666,644,493
304,282,202
428,400,283
703,672,510
461,436,295
460,431,317
374,356,249
664,631,463
304,289,221
494,472,309
636,596,457
344,323,253
519,495,392
685,660,481
644,621,465
341,323,243
476,454,323
618,589,430
663,634,475
462,439,303
570,548,396
638,607,455
502,471,334
464,443,314
428,406,279
608,583,420
453,427,307
471,449,300
552,526,377
587,558,394
372,346,235
283,267,192
389,367,256
534,516,346
427,408,274
605,579,405
436,416,298
733,698,528
550,535,383
426,395,268
612,587,439
346,326,255
572,539,366
547,523,377
620,595,439
682,652,489
507,485,330
667,636,456
413,390,295
611,588,435
428,402,267
700,681,489
467,440,340
368,348,240
316,295,217
306,285,218
594,559,414
530,509,358
564,536,378
411,384,282
418,403,311
417,404,287
381,358,235
677,653,463
512,485,339
419,392,299
617,583,407
333,317,235
444,422,285
410,386,262
517,486,328
452,431,336
538,510,374
493,468,322
692,670,495
649,624,458
377,360,252
526,499,349
452,432,284
470,451,333
498,469,339
422,394,290
559,532,396
559,537,383
474,444,318
489,467,304
326,305,247
636,605,437
415,386,303
548,525,384
474,441,358
394,377,253
317,305,212
511,479,349
678,648,496
514,487,343
576,544,419
296,279,201
401,382,272
529,505,358
571,546,385
487,467,357
471,454,310
490,471,345
408,379,276
491,466,333
411,390,265
395,374,283
546,508,363
406,387,277
673,639,501
533,514,365
435,414,296
346,333,252
227,217,148
677,646,482
398,379,266
633,601,452
477,462,329
387,362,281
520,492,338
594,575,399
484,456,330
661,621,438
321,311,225
475,460,320
513,487,330
618,574,422
454,428,287
469,443,359
574,555,403
464,439,329
544,519,378
489,460,330
406,384,276
501,474,338
552,525,381
464,442,314
474,443,311
328,309,208
525,511,396
469,448,308
506,476,330
600,568,431
476,451,327
185,174,140
391,377,265
442,424,318
500,467,342
470,449,332
421,397,288
469,442,293
418,398,263
617,596,444
403,381,298
490,465,326
337,319,248
424,409,289
607,574,455
570,547,406
462,445,337
464,434,335
550,530,389
384,365,271
488,466,346
616,596,440
695,671,510
652,635,472
382,361,229
585,539,376
362,338,250
378,351,246
689,660,490
362,342,210
355,332,233
609,577,407
638,610,432
386,362,258
670,640,474
539,506,327
648,613,464
419,398,267
436,414,281
497,464,328
390,365,259
363,341,245
646,616,477
399,373,271
606,578,424
660,627,439
495,479,341
501,472,344
480,452,326
507,474,327
695,665,482
503,471,327
505,478,377
373,350,228
389,367,262
554,529,382
458,438,300
519,493,368
520,490,351
576,552,408
546,523,372
650,625,497
740,705,515
418,394,268
424,396,272
385,368,252
559,536,372
370,342,251
419,395,272
341,324,203
451,420,299
528,497,325
526,500,365
549,520,360
265,249,205
583,553,409
435,413,282
556,532,373
470,446,316
579,552,404
415,399,280
591,570,426
298,283,215
452,425,340
663,630,470
553,531,406
629,597,468
492,472,355
460,433,314
377,353,252
319,295,210
363,339,238
583,546,415
337,319,221
594,550,407
584,557,407
599,575,419
462,445,353
609,583,443
446,426,322
370,348,232
502,475,361
584,555,391
495,468,322
528,514,364
665,635,473
548,514,358
568,539,390
584,550,408
575,546,402
417,392,298
569,541,390
353,337,244
661,638,478
581,556,408
547,512,377
469,445,317
499,473,330
535,501,357
566,543,410
579,546,413
473,442,314
545,515,385
657,640,482
414,393,290
489,460,340
664,630,463
472,449,344
523,505,384
402,380,266
354,336,244
510,482,315
477,457,362
400,371,256
561,537,387
535,510,386
658,625,483
418,397,258
421,385,262
528,510,397
372,342,274
479,455,328
486,463,338
389,366,288
436,406,300
412,395,302
519,498,360
268,254,185
439,414,295
491,461,305
606,576,405
480,454,319
465,434,280
473,456,332
435,410,315
346,325,243
454,432,334
622,588,449
402,389,268
301,284,217
667,633,470
426,400,291
388,363,266
610,595,462
443,426,296
618,585,421
498,467,328
635,606,446
512,490,377
478,456,349
636,603,431
614,589,422
660,627,464
502,479,363
478,457,333
663,638,466
480,452,325
456,428,305
501,481,364
731,694,508
396,369,291
572,537,375
399,369,274
477,452,325
526,500,374
685,659,490
547,515,395
444,422,322
341,320,231
533,510,377
444,428,289
515,494,334
622,592,443
543,519,346
595,567,417
718,693,495
587,554,420
580,547,417
437,417,302
384,356,245
649,621,457
430,409,263
456,436,294
563,530,381
533,509,379
362,336,228
355,339,215
494,467,363
779,735,567
533,502,363
392,364,250
599,560,398
503,479,326
521,493,338
452,428,316
506,474,351
382,354,281
507,478,346
465,445,322
456,436,308
298,285,222
434,408,305
427,402,267
528,490,343
559,531,370
613,580,416
406,382,271
377,358,265
560,529,387
652,615,452
674,621,456
482,456,364
685,656,503
424,398,296
416,398,311
312,292,196
694,649,494
461,435,317
678,651,478
602,574,452
476,463,326
563,538,415
402,380,266
614,589,422
789,759,534
694,672,492
416,396,298
620,595,427
459,440,315
591,567,407
348,334,265
551,524,363
610,578,412
722,690,522
386,366,261
619,585,413
522,497,340
742,711,535
562,522,388
698,667,520
683,655,501
413,387,274
505,488,360
399,373,281
645,619,472
468,447,342
562,536,380
408,393,289
524,501,350
539,515,420
564,537,385
611,584,434
493,480,352
443,423,334
440,412,284
519,483,349
365,341,248
363,338,245
439,427,303
524,498,359
604,581,404
478,450,350
203,181,144
585,555,435
589,564,438
481,459,325
654,635,428
464,445,308
450,421,303
458,440,327
378,363,256
504,468,344
722,691,510
463,437,335
687,652,488
397,370,251
611,581,431
485,466,354
355,330,223
518,489,336
478,457,366
384,367,249
388,368,242
394,379,265
697,664,465
667,635,483
669,641,460
314,296,214
446,405,315
722,683,539
542,520,395
495,470,365
367,347,240
431,407,287
641,610,427
331,315,238
472,453,326
754,726,522
479,455,350
423,402,278
613,588,416
443,423,310
445,423,298
339,309,210
501,479,368
508,485,347
514,482,333
325,290,215
437,416,297
423,396,275
412,389,293
446,429,307
432,413,296
503,480,352
449,417,309
508,475,368
507,474,352
439,415,292
400,380,254
416,393,298
712,682,492
488,465,315
464,440,304
381,363,254
330,315,230
496,467,343
704,668,494
394,375,246
439,413,286
425,395,298
409,383,293
651,618,462
477,443,310
364,350,250
578,544,418
477,456,342
668,628,485
425,408,289
702,664,476
418,389,279
486,458,343
558,528,387
505,485,313
515,483,361
540,519,410
571,549,402
405,381,267
470,443,321
557,529,400
685,650,466
551,520,382
498,474,333
458,438,317
579,545,426
397,380,277
594,560,399
415,392,267
686,659,483
611,580,448
566,546,429
507,485,375
626,595,442
601,573,400
417,395,252
465,444,313
446,419,288
435,412,314
274,253,164
496,470,328
489,460,330
271,254,176
436,412,288
599,577,437
603,576,423
426,395,273
359,342,226
695,662,494
591,565,393
454,427,319
515,491,364
553,521,413
504,467,350
547,516,349
489,468,359
430,398,296
529,501,366
523,495,338
501,468,308
422,403,321
660,624,456
455,434,325
397,371,291
481,456,368
455,426,333
600,562,421
477,451,333
519,487,358
533,513,360
487,464,331
632,605,439
701,663,478
382,353,249
404,387,266
542,515,365
530,510,362
338,313,217
370,354,258
446,428,296
419,389,301
631,599,450
636,598,453
574,545,419
391,377,275
370,348,278
513,479,334
417,391,287
598,568,429
536,515,376
334,312,212
505,478,347
585,558,406
607,583,405
324,303,206
482,459,356
522,497,346
439,418,312
459,437,306
531,508,375
440,422,310
512,485,361
401,385,236
622,592,430
555,522,383
726,685,500
566,544,377
439,417,286
316,295,184
363,334,233
451,428,292
601,574,434
482,467,317
415,400,287
606,584,447
467,446,329
572,536,374
515,489,351
502,473,340
388,362,252
392,373,279
669,648,453
420,402,309
563,544,405
703,681,483
533,498,375
490,470,345
418,390,308
587,560,422
412,393,289
631,602,426
345,321,223
562,527,372
173,158,102
452,435,293
508,483,340
552,525,361
463,444,330
547,520,373
593,561,425
612,587,425
612,570,431
547,509,380
451,425,304
458,433,315
428,409,268
642,611,456
475,462,333
421,405,286
546,521,391
425,395,274
303,281,218
250,243,173
410,394,282
635,608,426
405,389,282
459,429,315
411,396,275
577,551,413
529,510,339
321,298,215
402,380,274
490,465,344
636,597,443
424,406,263
608,579,414
787,749,556
536,519,347
317,294,235
464,442,321
660,630,474
450,424,299
435,413,286
439,419,289
629,591,405
567,541,426
506,477,341
587,557,415
435,418,310
436,416,294
589,571,413
457,432,306
662,638,477
537,506,360
492,467,334
482,451,353
557,522,403
449,419,296
384,361,261
598,559,394
528,493,357
563,527,393
646,610,446
426,405,289
719,692,518
606,583,417
507,482,373
394,378,251
543,512,384
522,497,357
460,438,296
500,475,340
411,388,302
579,542,378
505,490,345
430,407,302
305,287,207
704,671,488
453,439,309
529,506,362
439,416,303
710,685,528
434,422,306
524,494,374
409,390,265
589,553,416
596,567,401
442,418,283
370,341,230
662,634,471
552,528,389
441,420,293
627,592,437
546,508,370
513,487,342
464,438,323
415,392,269
537,511,366
552,525,367
457,432,304
645,609,445
527,511,360
511,489,350
591,561,410
675,655,469
572,543,389
692,661,512
356,341,227
465,434,311
455,430,331
488,469,329
358,336,262
721,699,498
255,237,172
459,437,298
421,394,292
487,459,354
439,414,291
519,492,378
537,506,358
487,467,339
529,507,340
305,283,192
499,474,335
652,623,461
355,335,241
490,465,338
520,488,385
387,364,255
651,622,448
660,625,460
463,434,323
289,280,211
691,666,501
507,482,351
561,532,366
482,456,319
506,487,353
321,304,230
393,374,288
370,346,253
385,366,283
537,500,365
393,369,240
369,346,235
504,479,345
338,328,199
535,515,387
510,481,341
525,498,359
554,524,391
546,519,398
454,436,332
611,585,435
478,465,350
467,445,324
470,443,347
627,591,419
586,563,401
394,375,276
388,360,240
420,408,298
582,558,428
601,569,408
399,377,286
518,493,369
520,500,399
479,451,332
437,414,301
465,447,322
404,384,273
424,398,317
553,531,378
526,496,372
608,575,431
530,506,382
596,566,418
415,395,263
298,277,211
769,733,542
444,420,298
472,454,330
473,450,340
528,503,367
375,347,262
433,412,326
607,587,417
552,519,361
577,545,391
747,719,552
581,560,439
532,509,354
500,482,364
490,465,338
420,400,266
490,465,313
727,698,523
348,322,240
579,555,427
605,583,407
346,330,231
545,508,368
534,503,356
548,520,376
573,539,383
583,561,412
462,438,339
480,452,291
389,365,260
542,516,383
453,428,318
376,357,251
321,310,231
435,408,280
543,514,378
495,470,325
620,597,429
659,620,442
513,492,384
647,615,439
448,422,313
454,429,293
526,503,363
603,573,422
486,456,344
569,532,385
563,538,413
630,592,434
596,573,427
567,542,373
385,369,252
585,562,414
501,465,330
407,383,256
496,462,320
494,476,368
406,387,293
506,482,358
500,470,321
522,496,389
487,459,331
527,494,346
501,471,323
451,422,325
304,289,222
489,463,323
766,723,556
407,389,282
338,320,224
623,596,437
493,466,354
484,460,340
562,538,378
649,605,458
601,578,423
457,432,302
458,435,331
422,404,281
450,431,285
451,427,322
358,340,244
515,485,340
456,431,319
549,525,357
422,398,283
604,579,425
375,352,252
602,569,419
457,433,343
646,622,438
621,584,431
650,621,457
517,493,390
427,411,282
507,485,367
756,717,519
431,399,263
559,531,371
427,410,292
347,325,251
456,434,297
484,456,305
442,422,319
470,447,325
386,360,227
581,559,403
472,448,326
468,439,333
324,305,216
550,512,381
567,535,393
359,340,242
579,548,445
646,613,471
552,523,376
591,555,432
519,495,347
299,282,184
604,582,415
766,729,560
303,289,225
423,403,297
386,372,268
519,490,369
404,380,267
582,552,408
304,286,223
632,591,444
544,515,416
451,432,302
549,530,371
394,377,264
531,498,362
694,667,511
591,560,412
559,541,399
525,497,335
599,565,427
548,526,421
389,375,269
545,518,376
504,483,371
573,547,403
469,442,313
653,621,442
481,459,297
614,582,454
481,459,343
458,441,308
695,648,481
555,523,385
481,451,332
433,414,300
478,453,318
533,501,353
516,485,381
478,461,311
586,553,414
583,564,433
560,530,398
600,571,430
486,459,324
509,483,343
499,471,330
536,502,352
360,344,271
716,681,497
445,414,315
524,504,405
394,370,264
421,396,282
446,418,312
560,527,404
557,526,382
463,431,321
547,518,377
731,700,519
604,587,460
589,567,415
370,349,231
572,551,402
636,605,467
657,623,436
751,727,538
491,469,319
453,424,323
602,580,439
551,522,399
485,453,334
512,490,355
627,595,410
510,490,349
353,340,275
567,543,400
466,445,310
544,512,366
521,491,358
623,590,461
448,422,298
431,411,293
469,451,342
443,424,295
442,417,283
424,400,257
576,554,423
651,610,464
513,480,381
463,439,314
634,608,482
450,425,315
319,297,227
503,483,318
654,632,465
584,543,404
713,677,496
516,492,367
612,581,408
560,539,383
563,536,399
573,539,404
489,469,352
485,453,314
326,306,225
517,492,401
439,412,278
673,650,495
362,352,245
500,473,330
613,590,454
598,570,469
574,550,382
565,527,388
513,489,368
597,571,432
688,665,507
555,528,369
543,513,376
619,586,427
594,572,424
612,588,439
526,508,350
642,618,460
599,573,425
330,301,224
587,563,415
294,269,193
634,595,426
547,525,363
487,463,338
657,628,461
662,623,468
590,557,412
482,460,345
455,430,317
445,413,298
486,463,368
431,409,273
498,473,333
542,514,349
487,467,357
461,425,328
505,479,337
543,512,388
387,363,263
450,420,308
455,431,316
671,647,471
438,408,296
593,566,408
292,277,191
342,321,243
482,458,306
656,624,469
294,280,198
517,491,355
683,654,455
242,221,181
516,487,365
587,563,431
530,507,360
414,392,287
489,464,336
622,586,414
512,490,363
543,516,389
316,293,194
501,481,354
410,390,299
578,545,394
471,438,312
630,589,460
472,453,329
668,632,459
641,605,453
574,535,396
552,526,380
464,446,319
622,594,436
430,404,280
786,748,581
422,400,284
423,410,315
578,545,410
465,448,319
551,526,363
476,447,312
609,571,409
409,384,277
517,488,350
395,374,303
326,307,230
583,558,432
670,635,489
430,410,282
650,610,470
341,319,242
443,421,318
474,450,315
522,500,358
495,473,342
620,591,416
485,460,338
261,249,170
644,620,468
587,562,424
364,335,262
445,417,304
573,549,409
375,361,234
550,528,375
490,459,329
549,516,383
525,491,369
601,577,412
592,571,430
290,278,184
470,445,336
606,586,421
441,428,300
570,549,412
520,492,379
468,447,309
455,436,300
554,526,378
649,614,470
426,409,310
610,588,427
487,455,348
492,472,328
485,469,371
611,584,432
476,454,336
448,414,315
384,366,259
534,513,376
710,676,508
507,483,357
582,565,426
665,633,464
581,542,417
410,379,276
674,639,468
654,626,472
465,440,324
373,353,232
279,267,184
548,520,419
621,588,442
374,358,275
538,518,382
592,571,432
594,563,415
241,224,152
656,612,444
499,480,371
504,483,363
536,509,404
474,446,330
546,514,363
405,387,249
378,364,259
462,447,339
515,493,360
600,582,433
572,541,407
420,395,273
419,402,291
423,402,302
545,524,360
559,533,382
376,353,254
508,492,336
473,453,333
604,572,400
423,405,282
659,623,459
645,613,433
684,656,480
465,437,308
571,547,419
422,397,288
711,680,525
364,346,229
549,521,374
551,526,370
518,491,344
503,479,338
484,459,303
518,482,341
601,568,411
561,530,399
415,392,305
494,467,320
514,489,353
545,523,378
613,593,431
338,319,225
416,390,290
619,589,421
388,364,264
485,468,341
430,404,305
506,486,359
298,282,215
354,336,227
474,462,348
338,321,250
351,329,260
586,554,421
535,511,359
554,519,389
445,423,324
606,570,430
424,403,279
444,419,322
544,516,375
518,493,350
507,480,331
481,460,320
494,477,345
580,547,431
455,431,317
584,551,387
521,490,355
485,457,317
626,601,416
550,518,404
448,421,317
565,544,423
419,407,310
545,516,386
390,371,270
329,315,225
588,568,424
664,641,474
435,417,291
722,700,493
529,503,367
691,656,497
530,505,358
606,565,418
559,532,388
707,661,498
294,270,194
588,545,413
374,356,252
510,490,342
505,483,339
499,477,363
544,519,360
529,504,395
433,413,264
360,339,242
617,581,420
545,508,373
580,554,365
547,515,358
549,527,387
341,327,236
567,539,417
481,454,340
419,402,289
475,441,316
580,549,399
473,446,351
420,397,284
500,478,324
426,398,291
525,498,350
284,263,199
538,501,366
529,500,342
574,548,402
520,500,344
650,615,473
759,728,552
583,547,413
554,521,377
601,577,433
349,329,227
529,501,329
675,641,476
402,375,265
464,439,349
636,605,453
384,368,246
372,353,251
240,228,180
520,497,369
600,568,407
211,202,151
470,444,318
665,630,461
407,383,255
