267,252,189
516,486,373
282,265,187
257,239,171
273,262,186
287,259,203
420,398,302
243,226,171
276,266,158
153,139,109
293,273,189
320,299,222
437,412,294
342,326,222
233,214,168
196,185,136
222,207,144
430,403,296
409,389,275
337,325,213
299,280,192
245,231,173
511,491,371
254,244,159
545,513,379
249,230,167
340,326,263
248,241,190
319,304,213
445,421,296
472,455,331
182,165,119
445,421,352
355,334,256
480,460,316
346,316,238
329,320,220
280,256,206
379,357,266
330,304,218
451,433,298
337,317,246
352,326,233
437,409,286
245,219,173
227,215,164
496,471,340
398,378,263
347,331,230
411,395,266
293,272,206
395,375,275
351,323,234
356,344,250
444,412,322
479,462,328
427,408,312
318,301,221
448,416,338
456,439,315
377,358,261
540,516,388
352,329,257
344,321,214
243,224,173
352,327,263
346,328,260
315,295,218
498,467,342
223,206,156
363,339,241
362,344,263
274,256,194
450,422,328
365,346,268
372,348,243
318,296,220
468,445,340
466,431,314
426,410,265
326,308,226
296,274,209
411,394,282
532,500,388
457,434,300
358,340,229
273,264,188
385,367,270
359,333,233
296,273,200
362,343,230
374,351,269
325,303,227
510,489,348
451,416,288
307,294,192
244,228,173
349,331,229
292,277,223
282,265,178
442,420,303
261,245,195
259,245,174
479,456,324
377,351,271
324,306,222
441,421,313
218,207,148
463,439,332
375,360,260
370,349,280
490,468,325
289,277,189
358,340,242
250,229,156
419,391,270
531,510,384
284,263,183
357,340,252
375,349,252
348,333,267
334,316,226
465,428,308
420,400,293
350,335,254
285,265,205
302,279,202
303,284,189
423,400,294
539,511,379
414,393,311
338,314,216
279,262,182
276,258,216
352,337,230
464,440,329
446,416,317
347,333,241
475,452,329
467,443,320
363,343,262
294,277,200
448,426,318
214,202,150
392,380,281
493,466,368
432,404,292
375,355,286
376,351,236
312,301,240
321,305,223
230,217,156
318,293,214
362,342,247
375,353,283
467,449,313
336,317,232
334,316,232
463,438,303
341,326,232
423,405,295
290,263,199
365,349,253
490,469,344
310,285,208
356,337,238
333,310,208
262,244,161
369,355,251
319,301,202
436,414,286
485,456,311
366,353,255
192,181,122
322,305,217
292,278,174
338,318,239
360,348,239
331,313,232
269,249,185
516,491,352
370,355,269
290,279,207
332,318,251
323,292,226
371,345,252
265,249,192
395,368,246
365,352,262
492,463,340
355,343,291
446,426,318
560,530,413
467,435,335
313,300,227
443,413,304
391,366,256
283,264,184
267,258,179
342,323,242
244,227,163
405,385,313
309,281,217
536,501,374
348,325,231
235,223,172
415,392,302
282,257,199
484,458,307
464,442,348
442,424,325
320,300,221
533,502,372
516,488,357
242,226,173
359,341,247
364,340,238
269,251,200
407,388,302
347,328,256
490,472,340
502,480,354
348,339,244
273,252,181
363,348,253
299,288,221
349,326,243
348,323,247
426,403,275
285,267,177
288,276,215
437,417,320
235,224,161
457,440,319
340,321,250
317,300,205
272,253,192
441,424,316
488,468,359
296,281,220
369,343,257
565,538,397
380,359,275
329,311,204
246,235,196
301,288,213
351,332,225
565,543,376
312,297,218
314,295,218
351,322,255
366,352,255
445,416,304
325,305,236
296,278,197
377,363,237
398,374,254
260,242,175
343,319,226
460,439,338
271,251,192
588,558,423
401,382,265
387,368,265
415,388,285
256,243,168
411,383,276
305,286,226
340,325,230
292,271,194
486,464,345
332,314,226
284,262,191
437,412,314
465,451,342
460,438,326
394,377,259
380,358,275
437,412,312
419,399,293
580,546,417
347,335,215
292,272,204
495,471,352
475,454,351
236,224,168
357,331,247
405,380,315
265,247,192
229,213,171
568,534,395
593,562,445
289,274,199
323,307,204
354,336,258
301,291,228
226,207,153
212,190,134
285,276,204
298,281,210
367,347,253
310,287,226
338,319,249
425,400,317
377,351,262
436,411,292
329,312,226
363,351,231
534,504,373
620,594,439
442,415,312
392,369,283
512,486,355
452,430,309
300,288,211
341,322,261
260,243,183
360,346,254
293,274,207
563,530,407
551,524,371
416,398,268
323,306,235
185,172,124
354,331,251
360,341,263
335,315,221
437,413,308
420,404,295
404,377,285
389,372,259
439,415,331
566,542,413
271,256,203
300,286,209
338,320,227
346,330,248
468,447,346
311,288,211
484,457,328
567,540,399
389,368,273
502,479,385
390,373,265
249,238,184
414,393,271
375,349,242
401,378,255
457,435,305
273,251,192
427,401,302
510,483,354
403,382,278
259,247,199
343,328,241
305,285,212
334,310,222
323,312,222
345,332,241
236,224,167
356,336,235
368,345,258
327,312,185
405,379,271
408,392,320
227,212,171
455,428,290
437,409,328
373,353,285
442,409,279
379,351,264
257,237,172
327,318,216
192,174,130
384,369,279
482,459,338
372,341,268
333,316,231
380,362,259
390,364,248
482,453,313
348,326,246
497,475,364
382,362,304
427,406,307
332,317,219
288,268,203
344,328,203
468,431,318
455,431,309
360,343,241
269,250,177
379,365,269
364,337,236
438,422,291
378,363,279
405,380,268
395,371,296
484,462,338
495,470,371
339,323,222
226,210,138
363,349,264
300,285,233
352,335,234
413,385,290
379,351,272
253,244,180
383,365,259
233,218,170
305,290,226
500,476,354
270,255,185
444,418,286
334,313,227
190,183,138
343,322,238
406,387,295
274,259,195
283,255,206
387,369,278
502,470,353
415,390,281
287,266,202
517,496,348
316,307,244
519,504,385
337,316,244
276,256,209
582,550,413
371,348,225
475,455,354
349,324,227
444,419,312
307,291,201
236,214,158
452,434,304
332,315,230
253,241,189
386,363,268
439,408,335
423,403,295
478,461,351
534,513,385
298,278,193
281,271,167
373,359,257
377,357,253
411,388,251
360,342,279
322,307,236
292,274,204
459,435,331
337,313,210
543,518,363
346,330,238
477,454,365
422,409,285
410,391,308
247,229,167
436,418,321
485,462,337
341,321,239
530,502,389
550,528,361
397,377,288
355,340,257
420,392,316
184,169,137
219,205,149
408,381,282
511,480,364
465,452,330
416,390,246
516,487,366
310,290,234
403,385,282
192,182,144
343,320,233
468,440,347
483,463,337
346,324,215
457,437,300
431,407,300
361,334,248
466,442,357
370,349,245
479,448,321
375,355,293
371,358,265
460,446,331
453,430,305
303,285,228
347,332,246
419,400,314
351,330,233
283,266,179
237,216,148
391,370,277
490,465,342
443,423,285
192,178,133
350,332,247
352,326,238
414,388,303
360,334,247
437,419,316
384,360,273
527,503,372
504,485,366
300,276,207
446,419,312
404,383,290
387,365,266
461,437,330
461,442,331
289,282,205
444,424,319
227,212,159
235,226,183
327,314,238
448,422,294
487,451,330
471,450,302
313,298,198
389,365,278
305,287,220
488,463,365
374,362,266
295,283,213
319,299,219
494,465,349
428,403,282
332,316,228
271,257,200
323,300,194
235,221,173
360,345,280
526,507,365
476,452,343
602,573,420
336,320,213
266,257,185
502,477,367
273,246,181
406,377,267
346,325,233
365,352,257
475,447,340
469,448,330
313,292,211
355,336,237
448,422,320
322,300,217
404,383,281
309,292,200
244,228,159
262,244,171
271,257,197
199,183,131
360,344,261
281,269,207
330,310,225
305,288,198
365,349,239
401,385,281
320,301,212
438,410,311
367,339,238
377,366,268
343,324,244
304,287,204
374,350,243
575,546,390
444,414,295
505,485,342
505,483,369
425,406,282
524,505,379
432,416,285
338,308,224
358,338,244
408,389,320
266,246,184
325,301,232
349,327,226
343,326,250
336,321,224
294,267,223
394,374,306
445,427,287
290,274,209
486,459,341
252,231,190
272,262,207
391,363,253
358,339,218
439,413,300
346,321,237
377,357,255
478,444,302
355,342,253
280,271,212
389,375,265
393,380,256
413,389,266
393,374,276
337,311,225
246,236,171
390,363,272
259,243,164
385,370,277
361,342,255
383,360,263
297,285,211
317,296,228
411,386,288
409,378,282
514,490,381
460,431,303
429,407,284
326,304,228
365,337,270
307,287,231
361,338,258
425,400,285
281,262,183
488,463,358
193,180,144
276,259,198
344,323,232
493,465,339
416,392,289
414,392,290
495,470,378
431,407,294
327,311,223
439,414,317
210,198,135
501,477,351
417,391,290
367,342,242
527,505,384
338,317,225
343,326,223
344,326,227
300,285,197
393,369,295
455,434,307
354,335,233
297,283,208
364,343,244
403,381,296
522,499,389
304,282,205
318,299,215
346,322,233
381,359,243
399,370,282
366,352,257
311,294,206
491,467,338
399,384,259
333,308,220
248,234,174
390,367,279
329,313,229
297,272,187
327,297,224
458,432,299
292,281,208
375,359,242
289,272,205
325,302,237
395,373,249
399,382,266
363,350,276
320,299,223
330,311,220
209,192,130
225,206,160
312,293,195
415,389,284
299,280,201
438,416,321
510,487,351
309,296,228
575,553,427
371,342,242
305,285,227
370,354,271
365,342,264
235,221,151
327,309,219
402,380,265
415,391,297
330,311,204
315,297,223
375,348,260
362,340,263
352,335,240
159,145,115
422,392,310
209,201,162
357,333,257
332,317,206
392,365,265
434,417,320
337,320,227
384,359,260
326,310,237
295,272,205
344,319,238
480,449,339
336,314,213
391,374,284
404,382,292
253,228,156
438,419,327
367,347,233
404,371,271
314,303,201
549,529,382
275,258,189
323,303,220
477,452,356
400,381,312
292,274,203
441,420,297
321,297,212
542,518,371
297,272,207
410,392,292
303,284,189
191,181,140
450,422,307
420,392,283
377,357,273
557,527,398
236,223,143
482,457,340
241,223,181
379,356,243
376,358,266
456,447,316
398,375,292
332,315,220
306,285,215
417,389,268
540,522,395
541,522,421
379,354,269
386,363,285
345,321,222
460,441,297
502,474,366
379,357,256
426,395,289
584,557,408
374,352,250
381,360,262
572,539,397
318,297,218
411,394,289
261,246,196
470,453,342
502,476,358
438,410,293
216,206,162
298,282,221
414,390,301
331,312,239
279,259,189
481,460,346
400,374,300
455,433,335
277,265,195
556,535,410
575,550,420
443,420,311
458,427,300
192,178,138
232,218,160
329,316,231
432,405,260
209,200,126
468,444,324
399,377,252
319,300,216
394,366,255
482,463,352
281,264,166
328,315,249
386,372,278
346,334,275
276,253,174
380,362,275
472,450,330
328,306,217
347,321,243
260,243,194
471,449,338
263,245,173
289,268,189
280,255,201
398,373,282
210,199,141
271,250,193
495,473,343
389,359,263
307,292,214
349,336,222
462,439,305
505,471,380
293,281,191
270,259,181
280,264,192
491,464,340
234,226,176
403,385,271
477,458,310
424,396,280
422,407,317
446,427,317
304,283,211
321,304,237
503,477,339
220,202,158
343,323,243
432,408,286
372,356,261
317,298,215
399,375,241
487,464,334
364,343,253
361,339,258
352,332,245
407,386,315
211,193,144
549,531,399
344,314,232
350,337,233
341,324,239
271,251,186
574,538,382
422,406,276
373,345,258
499,476,353
400,382,294
277,250,195
353,330,252
419,398,284
476,459,354
334,314,224
432,412,306
346,324,255
434,411,295
327,315,234
413,398,296
496,469,359
340,327,217
399,367,276
408,386,307
299,280,203
383,363,279
229,211,163
499,486,368
542,522,395
294,278,216
324,304,217
363,333,235
324,315,240
224,215,162
283,268,198
370,346,273
446,422,304
398,371,286
485,457,348
295,279,192
410,394,284
381,357,254
484,447,327
451,434,313
193,180,137
233,212,160
404,385,279
317,296,211
377,356,275
374,351,270
453,427,304
281,263,187
361,338,239
543,509,382
339,318,242
310,291,214
370,350,228
311,288,209
294,279,211
339,323,229
360,345,254
494,462,350
275,264,193
337,308,226
450,424,307
327,302,205
282,267,197
398,371,287
447,422,316
554,528,385
436,417,294
307,287,223
403,378,266
404,384,292
381,362,281
446,416,285
320,306,218
420,393,293
318,293,218
204,183,146
317,301,227
320,305,208
387,365,294
417,406,282
367,351,282
372,357,263
384,358,270
391,374,280
476,450,342
343,324,241
476,457,338
222,208,145
387,368,258
238,223,170
307,284,208
521,499,402
465,438,334
268,255,187
357,343,240
408,385,266
303,283,191
546,518,374
354,330,265
373,358,248
367,349,257
452,426,311
570,546,396
374,357,249
259,237,191
525,506,395
235,216,168
396,372,280
489,467,353
633,603,437
275,258,190
197,186,145
412,378,276
486,465,330
360,345,239
408,380,304
381,356,279
350,322,223
381,365,263
326,306,216
297,281,225
335,319,219
513,471,364
432,405,294
325,303,236
323,305,219
437,416,302
427,397,266
340,325,229
410,391,287
407,385,283
326,314,205
253,233,151
343,324,240
284,261,189
445,418,298
173,159,129
302,283,227
328,308,221
324,307,226
391,366,284
394,367,261
248,232,191
442,422,307
311,294,216
497,468,343
463,436,299
419,396,263
420,404,319
401,380,298
621,599,431
363,341,255
229,217,147
391,368,269
427,401,289
610,583,427
404,386,278
448,419,299
300,285,187
302,282,226
403,384,291
249,230,147
438,414,332
547,520,367
305,283,200
388,362,261
487,462,335
472,447,313
279,260,168
418,393,279
364,347,228
319,298,218
266,246,177
354,329,249
216,201,140
536,504,367
294,285,199
471,453,335
344,319,233
471,446,321
434,414,299
220,207,156
547,518,401
432,395,298
260,246,169
280,260,178
226,212,148
416,401,287
331,317,243
388,367,278
292,274,206
490,469,359
414,391,291
471,448,328
405,379,280
355,333,264
444,424,293
334,314,230
529,501,386
445,421,310
383,355,293
412,394,273
349,332,252
395,375,281
284,269,210
227,211,158
367,349,238
327,307,226
366,343,244
375,358,274
345,325,248
350,331,225
320,300,224
263,251,208
385,369,248
348,328,251
420,394,257
348,328,249
415,386,305
429,404,295
446,420,315
388,366,250
403,384,266
233,218,163
432,413,300
418,395,283
390,371,267
453,430,309
396,371,270
285,269,199
253,233,189
220,201,155
366,346,235
366,350,251
354,329,241
535,517,367
386,366,267
407,389,303
305,290,214
390,363,278
446,419,288
244,226,144
430,399,292
216,205,141
445,429,306
401,384,282
468,444,317
352,326,211
452,422,326
356,350,260
448,437,313
247,238,173
327,303,197
386,363,271
365,339,223
569,542,400
519,490,372
473,440,325
428,406,295
373,347,245
556,534,404
440,412,302
531,510,410
304,290,193
474,442,306
356,334,260
563,539,382
417,388,275
362,336,257
315,295,221
273,258,175
312,292,215
282,271,178
430,408,276
250,235,190
368,345,244
326,297,231
407,390,292
383,361,267
328,301,214
339,322,240
372,348,278
240,227,165
345,322,234
150,137,108
401,381,306
457,424,299
334,308,245
216,204,138
464,443,337
186,170,115
242,233,181
436,412,284
566,536,410
342,325,241
328,309,243
397,373,290
281,258,207
371,351,264
484,455,343
299,276,185
452,437,332
415,396,277
313,290,204
345,324,258
374,360,263
349,328,234
276,257,199
387,361,268
401,376,281
241,231,177
340,322,241
402,385,268
499,479,363
450,431,310
399,376,276
418,389,286
546,527,403
387,367,271
371,350,277
418,395,276
316,299,217
317,286,207
329,307,217
420,392,266
301,291,185
394,371,248
283,266,185
300,290,210
354,339,242
273,260,188
340,320,241
337,320,224
398,378,264
493,471,351
300,274,203
333,311,214
306,278,195
473,452,329
402,381,285
398,378,263
385,369,269
440,421,312
274,259,181
514,489,347
328,310,223
439,416,318
403,381,287
461,427,317
497,473,352
374,356,249
359,343,244
579,553,424
382,364,273
286,267,202
497,475,363
399,374,308
434,410,303
420,402,300
294,278,224
421,398,292
310,297,222
378,361,238
504,468,359
257,240,174
388,367,270
358,328,229
396,380,293
399,375,246
499,473,352
295,278,204
390,368,240
357,334,224
391,376,284
374,356,267
440,412,322
638,607,497
508,482,356
302,282,215
432,416,284
289,275,212
435,413,301
445,429,321
314,292,228
437,412,286
577,549,407
413,389,274
555,527,403
547,512,386
367,352,244
301,285,206
315,299,231
399,380,278
389,371,268
306,283,225
492,461,326
391,367,294
485,455,351
334,315,240
398,371,237
490,468,339
300,281,199
489,469,336
461,438,344
365,347,266
308,297,191
395,377,281
550,522,391
431,410,290
278,258,202
214,203,154
402,384,283
306,292,209
439,412,305
377,360,258
410,388,286
459,436,312
410,395,285
457,436,336
515,496,369
209,188,145
285,260,203
476,456,335
449,435,311
356,333,261
347,326,254
415,400,259
547,522,388
396,382,280
223,207,150
208,190,158
318,303,223
464,439,300
309,294,202
250,232,182
478,456,332
263,242,193
455,429,319
460,447,313
343,323,210
504,476,321
238,218,148
425,404,308
294,281,195
365,343,252
414,391,277
460,430,332
254,238,174
352,335,239
309,284,197
288,279,201
597,574,439
437,417,306
309,303,220
388,372,272
330,313,233
304,279,221
503,470,347
333,314,214
374,356,252
420,394,281
471,454,337
391,373,260
331,310,213
378,350,263
276,260,185
223,203,168
504,488,338
415,392,283
317,302,224
448,427,311
456,434,311
510,489,365
362,345,254
326,313,202
383,362,255
402,377,302
374,351,275
379,366,280
370,348,257
275,257,179
325,300,201
421,398,297
348,330,229
568,542,404
263,247,178
564,537,416
334,320,221
273,254,198
299,280,209
478,452,338
424,402,273
351,328,249
311,295,215
378,349,269
533,502,376
242,228,163
486,465,330
298,276,179
506,484,348
202,191,123
362,345,257
398,374,280
612,585,464
255,240,164
407,379,289
542,526,364
337,316,224
409,387,271
555,518,393
162,146,114
490,472,349
479,456,339
375,351,256
529,501,377
423,401,295
306,294,197
499,474,374
280,259,190
517,493,378
459,430,329
602,578,440
398,380,286
417,387,292
323,307,241
267,261,177
233,225,154
373,354,254
503,484,384
392,374,266
538,509,370
384,364,274
232,218,148
314,298,239
479,446,307
274,254,188
347,329,263
424,397,280
180,171,143
394,372,276
454,423,307
366,344,259
353,338,243
411,393,274
375,349,244
514,485,363
389,370,282
449,425,314
386,370,254
293,280,213
254,236,158
482,456,318
383,366,267
389,368,262
349,329,238
497,473,357
369,344,240
389,371,262
465,445,318
389,370,275
396,373,278
383,366,250
275,260,179
203,190,139
297,277,193
358,341,244
457,435,292
441,415,300
533,512,364
328,308,214
341,317,244
292,274,207
325,299,240
283,255,193
350,328,240
412,391,300
498,466,349
191,178,136
370,355,261
384,363,251
352,333,243
506,475,351
347,327,247
454,431,307
493,471,353
406,385,272
382,362,273
363,332,245
322,299,215
466,442,324
330,309,251
455,431,319
394,373,262
422,403,277
517,484,361
198,187,125
413,387,282
449,430,328
370,348,256
291,283,195
468,454,322
369,345,256
351,335,232
422,402,281
550,523,379
390,375,264
403,384,268
598,570,425
497,469,346
342,329,243
359,337,257
462,437,308
402,386,265
389,366,300
517,489,355
374,359,254
507,483,360
402,380,281
374,353,269
324,302,225
421,395,291
402,377,270
382,361,264
252,242,169
366,336,230
216,197,157
416,388,303
380,351,270
591,565,409
463,447,338
344,322,240
427,409,298
312,299,232
228,214,157
342,324,239
470,449,320
373,353,247
286,273,186
342,320,232
329,312,238
328,312,231
442,410,310
268,255,199
271,257,169
543,511,379
433,414,288
335,312,219
365,345,242
185,175,132
326,305,240
399,372,271
482,458,339
407,391,299
419,400,285
455,427,330
234,213,156
317,295,211
300,284,201
352,332,233
524,491,390
285,263,173
337,322,229
287,267,207
398,380,275
475,457,331
339,319,239
399,373,261
522,483,380
398,382,288
324,302,235
276,255,182
225,200,159
332,307,221
310,293,200
383,366,247
580,553,375
333,316,212
471,444,338
556,526,385
638,605,464
377,356,261
470,450,325
424,398,287
374,352,236
298,284,219
297,279,200
442,419,312
322,301,219
320,299,212
324,300,198
331,319,221
213,197,147
467,444,332
281,266,199
345,334,223
489,458,322
323,307,210
516,489,378
481,463,360
331,311,216
522,494,361
416,391,285
363,342,244
511,480,350
362,341,253
534,498,373
399,384,297
376,357,250
555,527,364
226,205,142
268,256,192
469,442,310
382,361,271
547,515,376
240,223,167
375,355,249
548,522,388
374,355,279
490,462,342
198,185,141
197,190,139
368,353,246
383,364,260
215,197,136
379,361,264
351,332,263
364,351,255
317,301,217
561,533,392
425,398,292
462,433,329
320,296,209
602,566,420
250,244,162
405,390,284
353,340,241
494,468,348
529,498,360
449,433,339
378,360,250
417,398,303
264,249,193
480,460,375
398,378,271
437,410,297
420,395,280
295,281,209
365,349,236
485,458,331
322,299,228
355,342,221
243,223,167
330,312,228
255,238,172
313,302,203
378,360,276
290,271,179
242,230,177
422,405,296
307,294,207
362,340,267
278,254,195
344,323,222
321,310,241
161,153,110
337,319,241
324,309,218
403,375,280
406,385,273
466,446,315
361,342,247
392,362,260
350,320,252
465,449,303
381,359,262
428,405,278
317,296,236
344,328,239
345,319,238
428,409,310
319,303,216
394,376,271
362,338,231
259,250,193
469,441,329
349,322,230
303,281,215
429,401,297
375,351,262
460,435,300
342,316,229
299,284,214
221,208,168
491,464,328
482,460,340
337,315,230
431,404,321
347,326,235
228,206,163
264,248,178
442,422,294
570,540,417
296,281,212
330,310,245
477,452,335
482,454,336
217,207,143
336,318,228
394,370,249
405,380,275
348,333,247
319,308,217
296,276,199
249,226,160
266,255,172
324,301,241
581,546,395
275,260,177
363,344,239
319,293,237
496,463,348
392,367,244
192,184,126
385,368,270
234,217,148
464,439,319
421,399,287
279,263,211
596,575,427
388,372,265
556,528,397
432,399,301
358,339,214
458,423,295
346,329,238
413,397,304
399,378,265
367,342,241
354,338,229
409,370,269
350,328,270
162,145,107
428,408,327
353,335,270
391,371,264
373,353,260
345,328,238
293,273,199
441,415,322
318,302,209
277,263,190
294,277,190
307,293,247
479,462,329
476,452,353
347,332,236
301,280,209
406,384,308
292,275,224
225,221,164
401,381,279
369,354,256
412,396,302
315,290,203
562,531,383
518,488,357
296,279,220
231,218,165
415,390,301
261,246,174
386,366,261
369,348,243
479,463,349
311,289,220
425,406,294
393,371,265
286,266,209
407,379,293
361,343,223
373,348,237
332,309,217
264,249,194
225,215,164
381,358,242
370,349,246
273,260,196
309,282,227
363,337,265
328,308,221
476,454,309
318,303,239
415,390,292
309,296,204
286,269,176
434,409,297
561,535,399
321,298,235
446,429,320
391,378,279
276,262,179
462,440,319
575,551,402
380,364,268
266,247,191
412,393,298
499,464,341
329,305,228
478,457,304
373,356,251
358,341,230
448,423,333
242,226,159
355,338,240
264,242,184
240,224,168
377,354,257
428,408,313
475,460,335
497,469,345
457,441,332
327,319,236
327,311,202
576,548,391
267,250,200
385,359,223
235,219,190
423,402,277
306,287,224
263,243,168
394,361,291
368,340,258
338,317,231
389,369,263
397,376,269
341,327,241
308,284,220
394,370,272
396,375,269
346,327,233
319,305,240
296,279,198
394,379,273
281,261,179
428,414,289
432,410,276
382,359,273
294,281,203
437,417,288
285,274,205
437,413,310
241,231,180
423,395,273
425,396,300
301,286,210
394,383,272
397,369,283
437,409,288
444,421,310
389,370,264
259,250,188
233,214,161
262,251,188
429,400,285
406,378,279
353,335,250
480,459,324
431,412,307
400,367,294
471,446,326
396,372,294
260,246,176
206,191,120
324,308,221
400,379,270
375,353,263
399,376,262
509,470,343
401,386,292
447,426,308
270,249,196
413,394,297
329,313,229
397,373,253
357,333,219
339,313,229
231,219,157
420,390,297
380,361,264
205,192,134
316,306,228
330,312,229
403,379,264
334,312,241
580,555,411
315,303,215
367,354,269
343,321,243
420,388,290
325,305,217
334,309,217
447,432,337
406,383,279
339,316,249
460,436,312
318,302,220
367,353,251
407,379,291
357,338,241
427,408,284
414,395,289
344,325,228
296,268,206
273,261,185
414,385,283
309,286,205
438,416,291
501,480,370
511,492,372
504,479,347
377,358,260
365,343,236
319,305,217
379,362,284
465,446,315
284,267,216
361,342,246
497,472,376
369,347,275
346,325,228
420,397,317
513,491,370
403,377,270
440,426,326
379,363,276
302,281,217
316,299,225
373,348,265
317,295,220
354,329,230
316,303,232
240,225,172
575,550,419
525,500,350
291,276,207
377,354,249
257,244,178
370,354,259
363,346,228
473,443,321
467,444,318
249,235,157
390,361,246
452,432,289
339,316,219
310,283,176
387,363,279
430,408,297
204,189,136
465,443,295
300,281,209
449,433,302
335,319,230
309,294,225
297,278,217
352,332,256
442,420,317
419,399,263
334,322,223
318,302,216
379,357,256
364,344,250
274,264,190
389,367,269
351,335,239
340,324,222
277,262,187
389,371,245
487,459,327
537,505,381
548,531,371
433,419,318
423,401,281
410,392,272
514,493,357
402,381,269
470,440,323
355,337,255
471,450,322
267,252,183
347,330,227
459,438,317
406,382,276
493,464,334
338,319,250
344,315,245
379,354,263
284,264,186
437,414,314
474,448,333
345,325,218
320,303,220
423,399,261
394,373,298
295,279,218
397,381,278
403,379,276
408,386,308
415,399,282
301,288,208
409,384,285
319,306,241
426,406,308
375,356,274
577,546,393
389,367,270
301,286,200
356,338,250
278,257,196
230,215,169
418,397,277
305,284,187
320,296,212
320,299,216
452,432,334
464,439,297
424,395,302
482,464,352
328,310,207
245,231,176
480,454,339
299,285,231
369,345,242
312,298,210
547,520,373
268,239,202
558,538,430
241,224,149
455,435,314
419,398,283
349,328,253
298,285,208
501,479,358
469,444,317
638,607,464
293,273,204
264,241,179
321,303,212
465,444,361
465,444,324
301,287,185
410,399,282
340,322,232
272,248,174
504,480,330
353,332,238
349,334,258
386,364,252
330,309,229
282,268,195
587,563,409
314,297,231
315,293,218
394,376,285
400,378,259
320,303,223
364,341,245
457,448,321
491,466,343
404,383,298
486,463,342
418,386,284
344,326,244
393,367,266
546,515,350
454,445,335
478,459,334
384,359,248
356,337,259
402,377,290
284,272,192
352,332,246
260,246,185
254,232,175
367,337,249
284,268,197
355,333,247
483,462,348
321,309,225
406,386,281
536,505,393
401,382,277
278,260,197
276,259,194
371,350,265
286,268,206
389,366,253
331,313,220
341,317,227
423,403,305
534,511,376
387,371,277
345,324,258
463,434,339
334,315,233
415,388,275
564,535,393
404,379,290
478,459,359
409,381,281
346,327,235
533,504,367
441,418,310
290,267,220
553,527,394
365,344,233
337,315,247
322,297,227
328,309,217
360,351,259
445,419,313
404,389,318
311,289,198
405,387,292
277,257,195
309,289,230
438,414,296
406,385,284
475,453,317
327,306,224
245,230,172
339,316,212
330,310,226
347,327,223
489,468,327
518,492,363
317,300,224
350,332,241
319,308,234
243,230,180
355,337,249
265,248,190
360,341,247
438,417,313
456,441,323
453,433,328
393,379,281
336,314,248
444,420,304
392,375,261
243,232,182
280,254,180
405,382,280
325,304,212
512,487,346
343,317,247
410,389,277
206,193,141
331,311,218
292,277,199
330,308,234
501,471,317
369,347,253
416,404,308
326,306,228
322,308,209
486,462,317
414,386,276
617,590,437
550,523,380
437,418,298
299,278,189
267,247,174
307,291,196
202,187,141
388,374,295
299,282,205
274,259,198
358,342,255
376,352,259
376,355,246
354,337,246
444,418,307
202,187,134
250,236,177
436,411,330
426,413,304
297,282,214
343,327,245
372,357,287
509,485,355
447,415,325
423,398,288
217,203,159
413,391,295
395,375,287
344,320,242
321,298,222
265,253,198
394,369,269
319,300,215
334,321,245
273,254,165
331,314,219
429,408,290
383,363,275
342,327,234
442,425,308
554,528,404
417,386,265
303,289,215
272,246,187
356,337,252
441,414,305
270,250,189
358,339,242
381,362,257
264,244,174
310,283,206
395,376,271
291,275,210
341,326,233
554,524,412
468,450,332
387,368,277
306,292,195
407,386,250
186,175,132
433,411,323
254,237,157
432,405,282
470,446,311
257,232,168
441,424,325
592,561,434
357,339,242
411,389,293
246,220,163
474,458,361
357,336,244
339,315,236
325,308,236
224,213,144
576,551,390
402,391,292
397,377,277
341,328,238
266,253,180
246,224,153
223,208,151
403,388,281
349,328,225
302,287,209
398,368,274
343,334,238
508,477,355
384,360,251
384,360,267
310,288,216
200,189,133
357,336,253
556,529,388
320,309,236
384,368,291
284,269,201
300,274,186
298,279,203
522,494,347
418,402,318
452,425,298
264,253,204
355,336,220
337,318,222
338,318,230
482,462,360
260,243,172
448,427,311
302,288,217
264,246,200
306,290,206
394,378,276
356,332,248
406,377,283
256,240,164
344,334,230
432,422,300
500,467,345
377,353,260
570,539,402
417,395,304
287,272,190
316,295,207
284,270,199
258,243,176
528,507,355
185,167,125
411,388,284
260,248,175
303,284,209
361,340,270
198,183,153
407,380,286
357,336,259
268,252,164
376,359,286
362,344,258
444,429,306
358,339,239
249,228,176
397,367,256
254,242,168
433,410,298
582,559,450
354,341,253
343,327,240
428,409,269
379,356,253
473,445,322
420,407,266
451,433,300
452,423,305
537,508,364
269,257,190
247,232,175
260,247,165
225,211,155
392,378,260
229,215,156
319,305,234
420,401,275
283,266,206
371,353,256
344,330,258
443,410,323
365,349,239
274,258,199
464,438,345
339,308,220
443,417,318
281,261,189
394,370,285
461,434,319
365,348,259
352,333,237
334,315,235
395,375,271
279,263,186
247,239,161
482,452,305
379,364,279
410,388,290
122,109,93
352,330,236
355,337,258
540,514,390
461,434,319
323,312,192
299,287,200
372,351,253
476,456,333
459,433,317
305,287,206
411,375,261
443,420,281
398,374,270
224,210,152
556,528,391
375,353,259
283,269,189
495,467,332
352,337,240
530,506,366
269,247,186
464,443,326
380,362,268
454,432,309
434,413,297
457,436,309
551,536,411
479,452,320
342,319,246
284,268,216
364,342,257
400,379,279
438,420,308
320,306,246
464,449,334
466,443,345
296,283,191
401,384,304
388,371,284
295,273,202
242,228,164
356,333,231
579,553,392
428,405,314
306,288,224
283,260,196
384,369,262
458,435,323
280,265,194
312,296,214
299,278,202
461,442,326
214,201,148
440,424,309
399,382,277
410,382,280
469,443,325
500,475,341
456,429,358
319,295,198
439,418,309
329,318,233
342,321,234
459,441,312
224,210,155
396,369,273
430,407,286
370,342,247
378,355,268
384,359,254
520,494,361
376,361,293
458,443,337
437,420,289
404,387,303
379,367,262
413,392,280
475,456,317
341,331,253
337,319,224
313,295,209
316,298,223
304,276,215
178,162,114
282,270,188
422,395,287
285,264,205
357,334,243
471,450,303
226,208,148
273,252,204
385,358,259
390,373,276
299,279,211
285,268,208
518,491,372
320,298,208
459,436,314
471,434,329
275,256,175
406,384,264
592,563,412
457,431,300
356,334,239
290,270,214
400,385,263
387,373,268
297,271,204
251,233,166
348,321,262
318,303,234
500,473,364
298,283,220
253,240,160
283,266,207
362,351,245
261,244,192
390,365,272
398,379,276
219,211,160
360,343,269
352,325,256
438,410,306
221,205,148
331,310,209
380,350,268
348,327,259
439,419,313
306,289,188
476,447,352
280,256,192
304,288,212
347,325,215
298,275,214
381,361,272
344,328,257
356,332,236
554,527,397
465,440,325
444,434,333
584,564,422
317,299,201
318,292,202
251,238,179
324,306,209
280,264,189
469,447,332
403,378,283
371,349,252
380,360,258
291,277,185
425,410,320
355,333,250
553,520,414
519,507,353
311,292,236
354,330,260
432,406,279
173,162,119
417,396,321
281,267,181
492,466,336
513,488,379
484,453,318
394,382,270
356,344,235
299,283,232
223,209,164
419,397,276
400,377,291
548,524,378
410,379,295
385,358,268
210,198,150
413,387,282
365,341,239
240,228,161
414,400,283
282,265,172
337,314,248
391,370,254
381,355,282
485,471,333
439,420,312
435,409,302
406,378,291
340,315,222
352,326,214
393,368,268
395,359,270
434,416,282
420,392,299
228,218,168
418,401,281
419,400,305
369,354,260
442,420,308
404,378,273
555,528,393
385,369,270
426,408,300
367,343,273
469,440,300
414,395,274
405,389,279
493,463,356
398,383,272
304,286,216
414,387,279
390,365,278
410,389,259
404,383,279
357,337,226
465,439,307
263,252,188
228,213,157
597,568,441
501,478,358
419,399,295
620,592,446
420,397,295
295,279,182
302,283,207
437,412,297
397,374,282
319,302,237
383,361,262
304,285,199
440,416,319
286,272,197
443,424,292
295,277,210
290,271,195
359,334,263
313,293,210
319,302,214
493,467,349
353,339,242
446,425,313
367,350,238
395,372,271
251,237,171
366,349,251
414,386,261
479,453,312
370,355,255
322,305,228
183,171,134
270,256,177
285,275,203
560,543,398
551,526,388
380,365,277
457,436,333
281,266,177
319,304,216
315,289,203
435,412,311
442,415,311
288,272,195
284,266,211
440,416,291
304,287,209
377,358,256
336,322,224
277,261,201
264,240,192
260,250,200
280,268,192
392,373,285
283,262,195
266,251,181
421,396,315
297,276,239
304,286,226
368,340,268
421,403,318
392,367,269
409,385,299
408,393,288
419,386,288
385,364,257
397,377,261
302,286,206
436,419,296
414,388,302
283,267,208
293,284,222
333,309,237
280,266,183
515,493,380
300,278,210
408,394,286
379,357,272
292,272,204
375,351,240
273,259,205
334,319,227
368,350,254
528,498,380
467,442,329
466,448,345
292,280,204
387,369,252
449,426,314
426,399,282
538,501,370
297,280,196
358,339,244
421,394,294
350,333,221
442,423,313
380,361,263
379,354,257
288,274,205
223,218,149
428,397,310
533,510,369
355,343,235
532,500,381
338,320,245
529,507,360
334,311,239
401,379,287
368,349,262
337,317,236
242,227,152
240,221,168
476,453,359
289,276,185
476,448,342
363,346,241
310,298,214
535,509,376
480,462,338
429,401,282
445,421,314
333,323,233
360,342,252
390,364,261
279,262,188
288,277,190
506,480,377
462,435,309
502,470,323
423,394,269
439,424,301
365,343,235
386,361,251
283,268,180
414,396,284
431,402,275
440,415,293
507,480,372
391,366,248
320,300,229
304,289,219
393,376,295
475,448,321
415,391,264
501,479,376
483,458,340
367,351,246
217,205,154
433,413,308
298,287,184
335,316,224
415,390,288
221,213,157
524,498,384
438,413,295
431,408,281
319,300,209
342,315,224
387,372,282
391,377,242
397,381,305
481,453,333
484,460,322
443,416,311
544,518,404
394,373,280
263,245,184
365,347,255
359,338,242
342,326,231
452,422,329
547,527,372
505,474,353
364,340,253
392,372,246
482,451,354
297,290,212
289,274,191
345,320,242
371,352,271
431,415,308
419,394,284
383,362,258
601,580,442
381,356,263
522,489,351
453,434,309
370,352,279
334,316,237
368,338,257
359,337,252
314,296,199
432,411,291
540,519,371
457,426,319
290,273,200
248,226,166
334,311,259
450,423,305
438,414,304
335,325,219
372,355,254
320,300,219
465,444,339
316,307,238
478,459,354
380,356,247
353,337,265
215,199,150
282,267,174
452,429,319
384,364,250
410,388,295
414,399,290
451,433,289
232,218,151
426,402,281
440,422,308
364,346,236
378,361,264
285,270,204
395,371,283
465,432,341
373,361,286
304,289,208
368,352,243
333,315,238
529,511,381
164,154,115
332,316,218
423,405,306
323,296,227
220,210,162
362,338,246
282,262,193
404,380,298
346,328,241
427,416,282
291,274,193
378,359,280
388,370,286
306,295,203
365,350,260
286,270,194
407,382,280
400,377,285
324,312,220
396,378,275
371,353,257
501,477,371
323,309,225
339,323,253
238,222,154
463,443,311
604,570,420
419,387,263
354,335,252
295,271,200
365,346,241
466,439,314
393,364,273
244,227,171
388,363,251
433,415,294
378,366,275
376,361,258
399,374,290
286,273,215
358,339,240
623,584,449
227,213,146
376,356,243
521,502,364
251,226,178
381,364,249
328,308,227
439,417,315
310,289,205
230,210,158
417,395,268
389,373,266
386,364,249
409,390,290
316,290,237
417,401,291
186,170,137
395,378,266
283,260,193
333,309,253
394,366,258
550,523,401
271,244,206
194,179,135
468,445,311
231,214,159
365,348,261
335,319,242
379,353,273
298,284,203
310,291,220
345,325,219
406,391,292
405,385,266
369,355,257
244,228,165
341,316,219
317,297,210
343,328,247
552,521,379
513,484,387
596,566,414
350,323,239
344,324,230
332,312,224
376,349,244
381,360,276
351,328,254
445,424,307
411,384,295
375,353,280
397,380,276
387,363,263
358,344,246
361,341,231
345,329,244
295,271,189
369,354,255
221,207,173
322,305,229
445,426,302
308,287,190
558,534,408
539,510,378
411,393,286
307,290,223
275,263,179
453,429,340
459,438,320
326,302,225
400,377,280
454,427,321
549,521,411
307,292,217
248,228,185
247,234,162
512,483,353
426,405,286
370,345,253
510,481,329
425,402,282
222,210,137
382,361,273
332,316,211
253,236,164
379,357,249
501,472,340
430,405,298
514,493,354
247,233,170
534,515,358
295,281,198
446,425,307
315,296,239
518,494,374
326,304,220
339,318,217
211,195,159
267,254,188
394,375,256
226,208,161
301,286,206
435,417,297
338,321,204
489,465,328
367,348,259
468,429,303
331,315,224
497,475,347
309,291,202
528,504,370
177,166,123
367,353,264
211,194,147
289,270,207
331,312,202
168,157,118
418,387,282
313,295,206
468,450,347
428,401,293
422,403,291
551,521,413
347,331,256
573,561,420
495,460,347
363,338,243
332,309,229
591,577,425
390,380,273
472,450,309
471,448,319
371,357,279
286,271,168
315,297,201
412,395,284
315,296,203
512,480,350
337,321,249
568,525,376
410,386,276
405,379,280
408,389,262
406,375,271
510,486,363
442,421,309
331,304,240
382,362,250
358,336,255
405,386,280
433,416,288
386,375,264
343,324,247
255,238,186
622,600,417
398,372,298
279,265,194
324,307,203
500,460,341
276,256,183
360,342,249
446,423,334
356,332,244
366,339,279
351,326,226
381,354,244
303,283,195
553,535,403
455,442,344
338,321,259
473,449,324
429,400,280
345,317,245
379,347,243
359,345,244
476,448,325
444,423,340
447,424,299
289,272,207
266,252,195
536,504,364
432,414,294
321,299,231
315,304,211
529,503,348
381,362,275
451,425,303
357,332,236
425,400,281
372,350,278
328,313,229
349,324,250
254,236,160
397,378,273
315,298,216
552,531,385
389,364,280
336,312,229
399,382,274
328,310,229
234,213,163
307,289,207
350,327,227
309,286,222
457,425,296
438,417,320
450,428,312
391,372,279
334,309,246
435,417,291
448,418,314
315,301,209
319,299,216
391,364,275
499,472,363
502,477,355
373,350,259
452,427,289
420,400,284
352,339,236
236,221,154
381,363,269
320,299,205
578,542,403
328,316,229
400,383,270
412,388,294
276,261,187
278,258,195
316,295,229
447,426,286
323,295,219
324,306,245
355,342,251
238,223,175
350,331,233
292,274,195
586,556,413
251,237,177
292,277,192
223,201,171
433,414,288
449,428,317
299,287,221
274,254,184
403,378,302
421,408,285
483,455,356
410,398,287
502,477,326
324,294,223
405,385,284
512,480,367
385,357,273
327,310,249
498,474,341
383,357,260
260,234,193
420,402,299
388,363,294
459,436,321
449,425,320
344,322,242
248,226,165
377,358,254
563,541,375
298,278,191
261,240,170
464,438,321
448,429,322
275,261,193
326,310,229
331,315,253
530,501,380
314,298,240
398,376,263
322,306,219
410,389,302
214,206,152
318,297,223
487,465,354
434,410,321
500,473,362
368,358,248
503,477,345
471,444,311
443,424,306
571,542,415
413,391,279
431,408,294
404,390,260
315,303,222
385,363,267
389,366,283
399,375,276
396,378,260
374,357,270
405,382,265
295,275,205
195,179,134
343,323,226
401,376,298
448,427,295
527,501,362
421,398,310
158,135,105
429,404,309
402,372,269
450,433,322
412,389,292
332,312,238
304,287,221
427,398,306
343,320,208
332,315,233
366,346,284
338,317,216
448,429,310
394,369,270
307,287,206
360,336,235
235,224,149
371,351,247
369,350,246
372,349,234
390,372,276
150,137,110
478,457,332
416,394,298
254,239,159
452,439,350
395,373,272
465,439,364
403,378,266
446,424,300
378,358,265
360,332,256
409,391,288
292,274,179
477,448,329
436,414,293
467,450,311
345,323,215
362,342,244
230,214,154
447,428,334
395,365,273
315,299,219
365,343,236
362,342,254
477,450,337
253,234,173
239,221,166
308,289,204
446,424,310
279,263,178
344,325,235
335,321,236
408,384,297
427,398,305
496,472,339
258,239,166
215,204,156
484,457,336
575,549,417
530,507,363
343,325,237
244,231,174
504,477,346
412,390,290
385,369,264
597,563,433
462,439,323
483,458,338
464,436,322
239,229,158
229,212,166
426,405,293
276,258,191
405,385,276
393,374,279
496,474,334
280,265,190
342,327,235
326,301,232
337,321,219
413,380,284
433,410,321
404,379,260
349,333,250
304,285,233
316,301,233
390,373,286
252,232,192
400,379,267
408,386,303
431,406,290
623,596,431
345,322,231
299,278,216
465,437,308
486,461,356
461,433,314
414,398,281
383,368,260
615,588,434
546,519,385
277,257,179
345,323,223
461,437,327
313,298,214
282,256,192
467,452,339
467,439,325
336,318,222
339,316,257
399,379,278
263,248,171
549,528,390
229,211,157
386,364,296
534,506,372
331,310,209
330,317,223
439,411,285
289,268,203
417,394,320
345,329,231
331,312,221
400,379,295
284,267,209
465,446,341
337,314,224
417,399,281
403,376,282
426,400,305
392,367,266
315,301,201
276,257,200
396,378,267
430,405,318
324,310,219
461,433,309
318,303,219
422,397,285
337,312,224
285,272,198
424,403,317
385,364,254
411,388,276
216,208,138
478,454,328
386,366,261
452,430,328
203,189,128
437,425,310
417,391,287
340,317,204
381,354,256
239,227,161
414,395,271
343,316,230
424,401,298
365,352,223
391,371,253
475,446,316
371,349,258
310,281,220
417,392,275
221,210,139
348,332,238
285,273,195
349,331,235
465,439,302
585,556,408
359,339,245
293,279,200
330,306,224
481,459,353
352,334,251
430,406,302
461,445,315
308,290,210
404,379,261
381,362,264
433,407,294
416,384,282
609,583,432
505,478,360
504,470,326
522,492,387
313,295,203
406,391,271
291,270,198
338,317,233
426,405,311
324,308,210
457,433,323
319,297,206
473,457,334
316,303,191
437,420,293
446,426,333
470,446,304
397,371,286
327,305,214
386,363,289
457,429,346
534,511,395
254,243,158
329,315,225
443,416,303
392,374,263
352,325,229
264,244,188
447,419,293
315,296,202
274,256,178
290,275,187
337,317,234
323,311,236
382,357,287
378,362,257
445,423,313
409,395,286
373,348,253
235,220,177
285,268,215
270,253,196
490,463,369
281,263,184
368,350,244
421,405,290
301,280,214
184,167,131
397,374,275
469,443,324
318,306,232
367,350,249
340,320,260
275,255,178
451,438,319
345,333,230
331,304,254
430,406,286
276,254,205
312,290,211
461,443,314
494,470,323
481,453,326
411,387,285
302,284,206
279,264,201
404,385,267
464,439,323
407,389,281
373,362,286
260,246,166
375,364,261
339,322,226
428,405,303
523,497,351
463,440,341
535,515,401
488,471,362
334,318,242
377,360,244
398,376,283
417,397,272
430,409,313
233,217,181
503,467,348
387,363,273
295,281,189
294,275,195
470,447,335
400,373,258
396,371,264
294,264,228
374,351,236
299,279,213
446,429,290
345,316,242
199,184,148
342,321,228
256,241,158
394,369,269
374,349,252
465,444,327
274,255,201
446,425,307
505,485,373
368,349,253
438,415,284
337,316,204
399,371,278
439,413,299
441,425,319
384,363,246
365,341,244
273,256,195
406,383,287
291,271,204
463,443,329
358,338,234
510,485,338
384,371,266
327,312,247
315,294,189
332,316,225
247,232,157
402,385,285
398,374,292
408,389,300
346,323,232
359,334,241
191,179,129
545,520,401
343,319,215
180,166,133
357,336,257
384,363,279
416,395,304
362,340,265
338,321,229
433,410,302
498,475,356
283,261,185
306,291,201
448,429,327
251,238,188
489,471,330
506,478,340
447,422,317
292,276,183
410,401,295
387,369,268
359,333,233
516,489,368
382,366,258
355,334,238
281,267,206
438,408,294
309,291,232
504,476,348
380,358,256
398,373,269
383,359,286
270,253,194
454,432,328
339,331,233
230,211,158
403,380,266
426,405,297
415,390,274
411,391,294
384,355,235
284,271,193
520,493,347
425,401,296
314,295,206
258,240,164
158,149,119
440,417,293
479,458,335
400,374,293
411,388,283
450,430,320
346,326,235
371,356,267
381,354,260
419,395,293
473,450,340
367,333,239
463,437,313
304,287,214
436,411,314
298,277,194
255,244,199
402,388,284
475,449,314
378,356,278
601,571,417
401,379,275
225,211,158
361,336,272
181,161,125
452,436,303
280,264,215
277,258,179
395,373,279
379,355,250
315,304,209
398,375,279
430,413,294
594,566,413
454,436,299
280,257,202
294,276,205
513,485,386
179,161,116
339,321,225
511,492,381
488,453,325
356,334,228
358,342,233
343,318,247
494,460,315
317,303,237
253,233,169
299,285,210
449,426,318
545,516,402
317,302,199
473,443,336
484,466,333
380,361,276
242,237,171
239,235,175
223,213,155
342,333,238
340,323,220
477,443,313
301,285,221
431,408,291
324,304,210
334,321,248
397,386,287
342,322,223
308,294,221
235,217,174
307,289,204
461,437,330
489,467,350
451,425,291
336,315,236
319,301,203
406,380,273
429,403,291
484,458,346
210,196,149
284,265,188
327,308,209
484,455,357
400,374,262
337,314,209
488,471,337
295,278,201
541,504,382
177,163,121
356,337,250
468,445,343
404,381,278
281,266,214
322,304,230
455,426,300
696,665,502
420,399,285
386,359,274
319,300,217
247,224,169
352,328,240
455,425,336
165,153,125
197,182,128
411,395,302
362,340,241
339,317,228
555,529,399
431,415,310
473,449,334
439,415,305
489,457,339
139,121,118
224,213,167
234,228,162
295,282,195
265,250,177
286,271,187
465,439,300
284,268,189
406,383,289
359,335,248
297,280,183
323,308,233
415,387,268
467,442,336
313,297,202
318,293,226
310,288,198
484,467,349
298,274,182
283,267,210
517,495,369
524,489,373
459,432,319
303,284,191
422,402,291
277,261,180
318,299,237
358,340,252
416,395,295
262,249,170
521,493,366
397,380,250
432,413,319
370,348,259
239,224,156
576,555,400
396,381,300
528,502,385
467,445,332
222,213,166
267,249,179
358,339,253
499,478,332
414,388,307
451,428,317
225,207,137
452,428,306
434,412,312
563,541,415
324,301,222
440,424,325
376,349,244
390,374,264
551,518,374
224,210,149
426,411,326
338,315,231
494,473,333
254,242,170
673,638,469
393,376,257
297,282,218
276,259,205
294,276,205
375,350,286
300,278,198
508,485,371
348,332,236
310,296,208
404,379,308
410,395,291
426,400,315
478,450,335
474,451,309
275,253,180
249,239,176
292,281,185
513,484,331
369,346,243
350,334,241
330,299,231
487,464,325
345,334,242
575,556,419
317,295,212
236,224,150
300,281,177
341,323,232
410,385,283
364,346,242
191,176,127
382,368,280
314,291,211
461,445,333
299,283,197
400,385,302
542,518,403
254,245,171
259,244,184
497,476,348
373,356,286
237,222,179
356,341,240
384,361,246
393,371,270
554,532,393
654,625,476
275,257,197
460,444,317
334,316,245
334,317,222
416,388,264
463,442,320
391,362,290
321,303,215
470,449,317
350,330,254
285,273,202
369,359,251
516,497,379
364,342,256
267,245,204
590,568,427
367,340,241
351,328,253
553,527,393
368,344,256
450,426,321
359,340,236
269,253,200
295,280,202
401,377,290
266,250,173
507,483,369
291,269,172
413,392,278
333,312,237
513,493,369
274,262,204
486,466,343
381,365,278
447,428,308
336,313,227
489,468,333
393,369,258
345,324,224
373,342,248
498,465,344
308,289,205
325,311,203
530,493,372
383,357,253
418,390,267
532,511,371
235,219,155
306,290,205
386,370,262
380,359,259
373,351,260
413,391,291
305,286,206
328,307,219
191,176,122
389,365,254
369,348,270
362,349,244
195,172,126
446,424,313
215,196,162
351,326,240
545,523,380
308,295,196
513,493,351
428,410,314
432,408,295
348,328,239
405,381,282
619,589,448
572,549,403
479,454,342
301,277,189
385,374,289
502,474,342
438,403,295
573,551,425
340,320,242
308,291,217
433,412,307
559,521,394
448,422,316
210,200,156
373,350,278
519,489,365
421,394,274
393,375,278
426,405,280
608,590,442
602,583,427
457,427,318
448,426,304
567,539,402
588,567,424
264,247,178
364,350,245
395,377,246
436,417,294
191,177,150
337,316,235
385,361,285
422,405,306
290,280,198
289,275,209
318,303,213
424,406,298
553,527,378
351,331,230
437,411,292
407,387,324
304,281,208
580,550,410
456,436,328
416,394,298
314,298,242
358,347,249
452,419,314
329,310,217
378,361,265
362,339,263
482,454,366
414,392,290
342,330,232
425,402,288
399,377,267
411,391,269
377,355,267
324,302,224
346,321,222
462,438,313
407,384,234
375,355,235
332,317,232
349,334,227
489,465,340
458,428,319
454,429,334
306,283,222
364,344,257
423,405,306
287,273,173
335,312,208
411,391,273
478,462,342
398,378,278
376,349,255
491,459,334
348,329,246
366,344,247
386,364,256
460,437,329
364,337,251
407,390,266
329,307,233
420,399,285
230,220,144
379,360,256
529,502,382
299,287,199
390,365,281
211,195,139
488,472,351
433,408,286
420,395,293
315,294,218
267,239,167
470,441,329
527,505,374
266,245,187
405,384,275
373,357,250
401,382,261
550,517,382
229,214,163
545,522,388
297,283,196
368,345,254
449,421,292
364,345,232
281,261,167
427,409,279
445,428,330
383,365,268
278,262,204
244,222,165
280,269,225
497,467,355
360,329,256
324,309,246
463,436,337
357,338,252
308,299,193
394,376,275
440,420,310
316,293,182
313,296,207
296,273,191
510,485,366
484,450,345
275,262,187
352,324,241
327,306,222
230,216,166
282,263,171
316,305,219
345,322,232
350,335,238
308,282,219
459,439,322
312,295,213
394,381,314
226,204,145
308,296,193
365,345,248
519,487,365
327,297,216
515,489,359
325,305,221
468,448,332
414,399,300
232,215,160
489,460,334
282,265,179
315,296,200
307,294,213
327,310,203
404,385,279
367,346,268
190,180,128
466,445,327
367,347,248
211,193,149
355,331,252
316,304,202
354,340,250
466,447,324
230,217,167
456,426,297
443,420,291
236,230,174
261,242,172
242,227,171
369,346,264
369,335,250
304,285,226
459,440,312
418,394,303
363,349,274
308,285,221
267,251,186
408,387,292
344,324,249
442,413,272
360,344,265
497,470,377
287,266,187
533,503,350
245,236,167
323,311,224
376,354,251
304,286,215
423,398,282
398,372,285
565,543,403
422,406,288
443,421,294
450,422,307
668,646,503
371,357,235
461,434,299
308,284,195
553,529,374
269,254,180
314,299,217
221,207,157
443,426,317
453,431,306
470,439,341
330,314,225
363,342,256
367,342,269
335,325,235
245,227,168
449,434,322
390,360,266
420,401,284
330,315,230
482,459,322
372,344,237
313,294,217
225,210,162
281,268,196
318,307,198
296,276,195
456,437,340
422,402,274
451,431,324
331,304,224
630,613,472
234,218,169
467,450,341
465,442,328
251,237,175
264,246,175
356,336,247
211,195,139
415,392,278
437,416,308
180,166,123
312,300,195
364,344,243
477,456,341
262,243,183
330,309,210
335,313,228
361,332,255
343,323,206
440,424,318
570,539,385
280,267,187
384,362,261
372,347,266
398,368,250
242,230,168
372,340,245
426,404,290
300,286,199
380,352,250
466,443,331
416,393,276
412,385,269
385,359,290
468,445,312
378,360,250
444,425,325
374,356,285
362,340,260
333,316,214
469,448,343
403,384,255
