114,107,85
183,168,142
164,149,129
128,115,96
110,95,80
134,124,103
120,112,87
118,108,87
141,128,108
111,104,81
142,134,116
98,89,79
114,98,89
92,81,69
169,156,126
114,103,93
79,73,62
137,128,103
132,119,98
146,137,117
116,104,90
109,102,90
154,139,115
75,72,62
97,86,67
124,112,94
140,130,106
202,186,162
102,92,77
116,109,90
109,104,86
72,66,62
115,104,98
154,140,113
111,105,85
145,135,112
59,51,49
129,120,92
149,145,104
128,119,111
125,110,93
173,166,134
105,93,83
104,88,84
150,140,127
127,115,104
146,139,103
112,103,84
180,168,137
147,135,111
80,75,72
114,103,86
89,82,65
81,74,62
96,85,74
54,48,44
115,104,88
101,94,74
119,102,87
65,58,53
99,87,80
162,153,121
90,81,72
167,156,120
134,123,97
122,118,91
109,99,78
108,99,86
110,105,84
129,122,100
110,100,84
140,130,111
95,84,76
160,153,119
125,113,96
142,131,104
138,132,105
102,88,82
150,138,102
118,111,93
106,98,73
123,113,93
125,116,86
110,103,84
160,151,117
109,100,82
101,96,70
165,155,129
109,99,80
106,97,76
117,106,85
175,162,135
202,187,135
124,116,102
150,143,103
86,79,71
88,81,65
62,54,52
101,92,84
141,133,106
110,99,79
132,120,105
99,86,75
116,111,91
104,94,75
136,123,104
147,130,105
111,102,90
116,107,90
151,145,130
97,92,73
111,98,92
111,103,86
70,64,58
121,112,100
153,142,112
135,128,99
147,137,115
116,111,86
106,98,71
143,140,101
64,55,51
83,72,70
115,110,86
123,110,91
111,106,79
94,82,70
133,125,100
136,128,101
126,113,94
116,107,77
143,134,107
90,87,60
131,124,98
180,173,138
158,153,114
102,91,83
103,90,78
114,109,87
150,139,105
120,109,89
115,102,90
180,165,124
119,109,81
136,127,96
123,113,96
137,123,94
118,108,87
125,112,93
92,84,66
83,73,66
139,130,98
93,88,75
99,87,79
89,78,67
164,154,125
142,131,108
99,93,77
122,112,88
91,85,69
101,99,74
151,144,109
119,109,90
79,67,54
127,114,102
91,85,67
84,70,67
118,109,89
141,127,106
131,124,97
97,89,66
143,136,99
91,84,72
118,113,98
128,118,87
130,122,105
107,97,86
70,64,54
119,111,85
128,122,100
87,73,56
147,133,114
102,95,74
106,102,79
111,106,87
98,89,71
122,115,88
146,129,108
99,88,73
83,72,63
139,131,99
63,55,53
158,146,115
114,106,84
157,148,122
161,141,114
164,156,124
92,83,69
163,148,117
188,174,120
93,80,75
104,96,74
151,137,107
127,108,92
110,96,79
99,94,72
76,68,57
119,108,96
158,143,120
124,116,101
140,129,110
98,92,79
126,113,97
124,114,95
100,91,80
193,180,147
114,100,91
136,127,103
157,144,127
133,121,97
109,100,83
166,159,132
140,132,98
127,118,97
129,123,92
140,129,102
99,93,79
117,103,85
139,129,108
121,112,95
104,92,81
117,104,84
153,143,115
130,124,91
119,106,88
115,106,90
143,133,109
136,125,101
103,100,78
127,111,92
108,101,83
103,96,82
153,143,113
95,89,76
112,102,91
167,155,124
103,91,82
93,88,74
120,112,95
105,96,80
82,76,61
122,114,102
147,139,109
164,157,133
102,91,74
149,141,113
129,119,100
122,117,94
121,112,100
130,118,86
143,134,114
78,73,61
88,83,64
102,91,71
110,101,90
131,118,94
169,157,136
101,90,78
86,81,62
98,93,78
98,87,77
106,101,74
101,89,83
134,126,96
142,126,103
154,144,116
143,136,101
102,94,80
201,192,150
124,111,93
122,113,98
110,99,86
136,126,110
105,95,82
115,103,87
154,143,112
96,91,65
121,107,82
139,131,103
96,91,70
166,153,116
102,94,75
80,71,68
102,94,73
131,117,103
101,94,89
125,118,94
173,157,129
125,112,89
145,141,105
131,118,100
114,111,84
128,110,101
147,133,115
140,129,97
108,98,82
178,163,112
123,111,92
150,138,102
165,158,129
91,86,72
118,113,78
86,78,61
94,83,73
113,103,92
104,95,80
95,85,76
163,150,118
116,110,90
96,91,66
158,143,117
128,121,95
109,96,83
149,140,113
111,102,88
124,113,98
86,82,69
92,84,66
99,96,78
104,98,79
101,93,74
131,121,109
210,198,143
151,142,109
93,83,71
141,134,96
119,106,92
73,69,54
130,123,104
127,121,101
105,101,86
128,116,100
132,119,101
96,86,77
112,103,84
144,136,109
112,104,85
101,94,84
138,129,104
158,144,120
116,106,88
112,97,93
126,116,94
115,104,88
191,179,152
99,91,71
114,104,84
107,94,84
102,91,82
108,100,81
125,111,99
118,103,88
132,125,101
157,152,119
110,100,88
78,69,64
112,106,90
160,150,129
159,148,114
100,88,78
104,98,86
112,104,96
106,94,80
117,114,88
139,129,112
110,102,84
165,153,101
136,121,95
110,98,82
114,106,88
108,102,82
115,107,84
87,80,70
160,151,125
158,145,112
125,112,104
107,93,77
65,63,48
126,114,89
136,126,115
123,116,95
108,96,76
105,94,76
111,98,95
125,114,99
119,108,92
111,105,81
97,93,73
127,120,96
102,92,75
102,90,67
102,94,74
122,117,96
188,179,129
123,116,95
81,74,59
92,84,74
125,117,99
129,123,101
96,85,77
140,128,105
134,122,104
109,93,85
141,132,112
109,96,88
86,77,59
101,89,85
96,89,79
152,141,110
144,133,104
153,137,119
146,132,104
95,91,71
122,116,90
127,123,85
106,98,76
170,155,131
134,124,106
85,80,59
109,103,90
94,80,76
93,84,64
86,73,67
114,102,89
71,65,53
108,103,87
95,88,74
97,94,73
106,97,87
127,111,92
149,138,118
111,102,77
96,80,66
146,128,101
140,126,98
77,73,59
107,105,80
115,106,87
135,121,105
106,96,82
154,150,109
126,115,97
123,117,87
119,111,93
121,113,95
107,97,84
108,102,80
101,91,71
152,147,120
134,127,103
178,168,133
96,92,67
174,157,133
92,82,74
98,89,78
167,156,121
105,95,87
155,143,122
164,156,125
110,105,85
84,78,67
103,94,76
77,69,64
128,121,97
90,84,72
128,118,93
110,102,85
115,108,89
100,88,72
103,92,84
114,109,83
232,214,165
85,76,72
81,73,58
103,90,77
67,59,53
122,117,88
137,130,101
111,104,90
125,117,100
136,121,105
119,106,94
132,118,97
126,118,87
139,130,103
103,96,78
155,141,115
138,127,97
117,111,91
136,127,95
112,102,88
115,106,81
127,117,97
160,151,114
114,105,95
104,93,84
125,112,92
123,111,96
115,108,89
101,88,74
155,146,118
90,86,72
85,78,62
106,96,84
147,133,111
88,82,72
123,114,87
129,117,99
114,103,80
109,97,82
85,77,69
106,99,81
107,97,78
111,101,86
112,103,84
108,100,79
111,103,81
83,74,65
153,142,112
123,110,93
118,110,90
88,76,68
117,107,76
142,132,113
148,137,111
121,109,91
140,130,112
167,159,113
117,106,89
182,171,132
110,100,82
118,111,93
128,118,87
141,135,96
145,132,103
132,125,94
80,72,65
92,85,72
119,106,99
111,107,85
103,98,78
160,150,121
81,73,64
91,82,71
120,111,84
149,141,118
159,145,116
163,147,129
107,102,76
93,86,72
147,137,113
144,139,108
168,159,110
135,121,100
108,102,82
100,93,76
128,119,97
160,142,107
107,90,84
106,95,75
111,106,88
128,116,100
179,169,136
128,116,94
111,104,90
117,108,87
89,85,57
100,91,77
156,147,122
122,109,97
61,57,48
180,168,144
156,142,114
69,63,56
115,106,95
123,115,92
105,99,79
101,93,80
97,87,73
139,129,98
95,91,72
99,95,76
159,149,116
119,113,101
130,122,97
103,95,88
95,88,67
135,126,106
168,154,131
115,105,87
154,144,115
109,96,85
91,80,70
136,121,92
117,108,93
119,111,101
162,153,126
148,133,107
125,114,81
100,91,60
98,85,71
125,116,94
140,127,109
106,95,81
155,143,115
90,80,66
105,92,77
155,142,108
108,100,85
162,155,119
97,90,74
124,114,96
139,129,92
101,89,72
141,123,112
106,99,74
133,128,97
111,107,88
111,99,77
212,202,145
93,86,74
135,125,101
117,106,74
101,92,82
132,115,103
143,133,115
142,130,115
111,104,85
108,98,73
108,100,83
114,102,85
134,127,97
134,118,99
87,78,60
109,99,85
125,112,102
160,149,110
159,149,113
100,92,77
97,89,67
139,122,99
130,115,98
124,115,91
121,114,84
121,116,100
90,81,66
170,164,111
105,96,72
126,118,95
98,89,81
75,66,62
79,72,66
145,128,98
87,79,72
148,136,105
183,175,141
109,99,87
132,123,107
115,105,85
114,106,89
132,122,105
121,115,92
126,115,94
89,84,65
136,125,103
101,92,79
67,61,48
83,77,66
125,113,99
120,108,91
100,89,80
103,96,77
138,128,110
153,144,119
113,97,85
150,135,120
121,112,93
126,113,93
125,112,94
131,117,100
115,103,91
74,71,60
91,87,62
173,160,128
174,164,143
77,71,69
98,91,78
163,147,115
97,88,83
118,102,94
98,94,80
91,82,68
106,99,86
96,86,75
142,129,98
90,81,69
107,101,79
130,125,105
89,83,67
136,123,86
130,114,94
121,111,95
78,67,64
139,131,100
123,113,93
174,166,129
117,107,96
99,86,85
100,94,79
147,137,114
144,137,109
152,141,129
104,99,72
117,110,85
130,119,101
141,133,103
100,91,76
175,167,145
76,66,65
78,69,67
124,108,93
117,107,92
134,126,103
97,90,78
139,130,117
125,110,97
94,82,73
113,106,85
123,113,98
67,62,50
103,95,81
100,95,80
70,59,56
120,111,85
82,73,65
98,87,68
167,158,123
163,151,103
94,90,73
136,125,106
125,117,95
111,105,90
121,112,83
108,96,98
99,92,82
154,143,110
118,116,87
148,139,107
58,47,50
124,114,89
95,84,65
103,96,79
123,115,97
134,125,94
130,120,106
117,107,82
72,66,57
180,168,121
113,101,92
119,109,98
101,96,75
111,102,83
167,157,119
117,102,83
129,121,84
119,108,104
172,165,129
114,106,89
121,115,85
120,113,94
139,131,105
100,90,78
129,120,98
90,84,74
121,111,86
75,67,55
117,108,97
137,123,94
143,133,102
110,101,92
143,133,113
140,131,109
158,146,116
68,59,55
110,101,84
114,109,94
132,122,98
91,86,67
86,72,66
104,92,84
120,110,92
153,140,114
106,97,67
131,123,90
102,88,77
139,124,102
163,155,119
122,111,91
122,109,98
77,70,65
132,123,97
112,106,85
135,123,104
128,122,97
145,136,113
150,137,116
107,101,72
94,86,70
153,145,115
87,79,69
118,109,88
136,123,99
117,107,94
141,128,105
120,115,83
121,113,96
82,74,69
116,109,93
101,93,80
114,103,89
105,95,76
116,109,97
140,130,101
100,87,76
126,119,97
108,104,88
193,179,154
114,102,84
171,163,118
112,102,87
102,91,83
171,161,135
100,88,79
115,105,81
100,90,79
147,135,109
56,53,50
108,101,87
97,90,70
97,91,71
99,94,72
116,107,99
145,133,94
135,129,105
124,113,93
111,103,83
156,140,121
117,108,81
129,116,102
87,75,72
108,101,86
117,109,96
166,152,126
102,93,84
155,147,126
126,117,97
146,129,111
85,73,59
94,87,76
128,123,102
149,140,109
104,93,79
70,62,57
127,117,107
129,114,101
162,151,113
189,173,132
136,123,98
140,123,99
152,145,117
80,67,71
127,116,100
114,105,84
121,114,87
122,114,84
186,170,144
134,119,108
149,140,109
95,81,62
121,114,86
95,86,72
72,67,58
103,95,87
105,97,85
118,102,91
103,95,84
133,122,97
110,96,84
113,110,88
184,169,136
144,131,115
127,119,98
149,139,109
112,100,81
163,152,120
125,115,100
210,198,150
125,116,88
106,101,81
109,100,82
131,126,98
140,131,107
150,142,115
116,101,84
129,122,108
85,81,66
138,125,102
136,124,101
130,115,102
102,95,81
132,120,90
137,129,107
130,118,107
93,84,73
121,111,98
88,76,64
93,84,81
113,100,86
112,105,80
132,121,98
104,92,76
172,152,132
175,159,119
139,126,108
95,87,76
77,69,66
181,160,126
122,120,92
114,103,95
154,144,109
149,142,116
129,113,103
124,117,82
106,94,80
173,161,131
115,103,83
122,115,81
95,84,66
98,87,78
154,140,117
110,98,76
137,127,100
100,90,80
134,125,104
109,96,88
160,147,123
107,98,86
171,159,123
124,115,100
151,140,114
207,196,163
111,101,90
129,123,92
168,158,132
143,134,118
139,130,107
106,99,94
144,135,114
148,140,106
165,154,119
119,110,99
104,99,78
132,120,99
151,142,116
101,93,77
155,139,106
111,102,89
119,100,100
142,131,101
132,123,99
110,104,81
131,122,101
102,93,78
142,135,108
131,120,106
95,84,72
112,103,81
106,97,87
146,137,120
133,122,101
133,122,98
126,112,83
114,109,92
111,104,77
111,98,73
103,92,75
108,101,89
188,176,134
156,147,116
145,132,104
141,126,107
105,94,72
143,129,113
137,134,107
115,108,87
127,121,96
129,110,89
151,139,98
150,140,116
126,116,99
92,78,68
148,140,106
123,113,95
106,94,74
135,126,87
120,111,87
112,99,93
122,114,93
145,134,112
128,113,98
106,100,84
132,125,93
90,84,60
93,86,74
114,107,87
91,75,73
148,139,120
131,124,95
115,106,83
170,157,130
154,145,116
152,144,111
148,142,90
120,109,101
139,129,103
118,111,94
192,183,144
166,150,113
74,63,57
87,80,68
103,98,59
128,119,87
116,106,101
144,134,119
126,120,93
101,93,75
135,126,103
141,136,110
117,107,78
120,114,97
116,107,89
117,110,87
101,95,79
78,70,64
91,84,60
146,139,106
121,111,90
128,117,98
136,127,96
133,124,102
188,177,147
148,130,110
109,101,82
137,127,97
111,97,90
134,125,88
172,164,123
164,153,106
133,124,103
145,133,103
99,88,70
113,101,84
111,99,80
155,135,105
115,106,85
100,94,75
123,113,100
84,75,64
109,93,87
109,102,89
145,140,104
111,96,84
145,139,111
132,121,106
97,85,80
116,103,86
97,83,73
106,95,87
108,99,88
118,112,89
93,85,80
129,119,93
82,73,65
149,140,115
175,164,130
111,100,76
109,102,72
170,164,126
84,70,63
134,125,89
148,138,106
131,123,100
128,119,93
99,88,83
152,144,119
113,104,87
126,120,110
157,153,107
102,94,81
89,82,68
73,64,61
111,100,81
122,115,100
95,88,75
134,118,108
120,109,85
115,105,87
95,83,72
130,116,105
94,84,72
103,94,84
110,100,77
142,138,98
135,123,96
110,99,92
123,113,100
101,90,77
121,104,93
86,77,59
153,145,110
119,109,90
123,114,85
114,104,92
124,116,90
120,110,78
145,137,101
127,116,91
106,91,83
104,98,79
121,111,91
128,121,98
169,154,113
130,115,90
92,89,69
88,80,61
165,152,121
122,115,93
98,89,80
166,156,122
116,104,90
129,121,96
136,130,96
152,147,120
113,107,82
144,135,103
139,127,94
139,129,113
129,118,99
115,111,86
122,115,88
125,114,84
147,133,113
109,103,83
96,90,70
169,162,116
96,88,73
120,108,83
104,96,81
112,103,82
185,175,125
118,112,86
161,151,125
133,123,84
114,106,82
113,107,82
135,125,99
98,91,77
98,92,77
101,92,87
178,164,119
174,161,115
142,131,108
170,158,118
135,125,96
109,101,85
116,110,99
107,100,86
121,112,84
126,119,83
163,148,124
106,96,93
107,94,78
106,103,83
106,98,70
121,113,95
130,122,86
128,119,95
118,111,86
105,99,78
178,171,132
133,125,93
99,93,77
99,91,74
160,144,118
143,128,111
140,127,106
115,107,86
139,133,122
133,126,114
86,78,67
160,148,126
123,114,93
88,77,65
95,89,74
189,171,140
118,103,88
123,114,87
87,78,68
117,110,95
175,159,139
146,136,112
125,112,94
87,77,69
69,63,55
121,113,95
129,120,107
169,159,117
134,128,98
94,87,77
93,87,75
104,96,82
132,126,104
97,84,75
116,108,86
194,182,128
123,107,91
151,143,112
109,101,80
94,86,61
134,124,94
91,79,69
115,107,89
95,90,75
127,111,92
121,117,85
215,205,153
112,104,84
117,109,88
114,105,92
102,95,75
151,137,109
87,81,67
125,117,106
129,121,98
143,136,111
115,107,87
139,129,98
126,114,95
156,147,118
107,103,81
91,82,71
73,61,58
97,88,76
129,120,92
164,153,116
108,102,84
115,108,93
163,156,122
94,85,81
165,151,128
92,82,78
83,74,66
135,122,109
114,108,95
118,108,85
70,65,57
140,130,96
112,103,75
84,72,63
138,123,108
145,131,106
90,77,69
100,91,82
105,95,83
92,79,71
129,125,99
93,87,72
94,80,77
152,141,113
97,86,78
199,188,159
108,98,84
93,81,66
114,107,90
163,152,109
91,78,71
120,108,92
100,89,76
107,98,81
114,109,87
103,85,75
94,86,66
110,102,82
189,177,150
84,76,68
136,124,104
64,62,49
134,124,100
138,128,106
115,108,88
109,101,85
100,93,79
137,124,104
92,82,70
92,85,67
112,105,80
130,113,97
137,128,99
145,138,105
89,81,58
134,126,89
110,105,85
107,93,77
140,128,98
172,155,120
149,142,108
131,123,102
124,113,90
117,107,87
110,100,86
98,92,72
125,115,91
149,137,113
128,118,100
122,114,107
116,106,89
173,164,132
159,148,109
150,142,123
142,127,108
109,98,89
101,84,84
128,115,96
128,119,96
139,131,99
123,112,95
87,81,68
116,108,98
114,104,84
102,94,77
160,145,119
114,99,82
138,128,93
135,120,109
141,130,105
138,129,104
145,132,114
140,126,107
96,86,71
57,48,47
124,117,95
98,88,77
162,151,119
112,104,87
156,141,117
117,109,90
65,59,50
65,59,51
110,98,87
105,96,79
137,129,105
174,166,133
109,96,89
157,149,109
120,112,84
118,105,92
113,103,77
122,113,94
125,113,100
119,105,84
128,120,93
124,117,95
115,106,90
127,117,95
99,91,75
159,147,119
109,100,81
107,94,87
150,140,109
115,108,90
106,93,82
97,90,79
105,100,81
127,125,104
113,101,85
136,129,99
192,181,143
125,116,91
125,117,86
109,100,85
125,119,82
104,94,74
140,129,105
133,120,91
184,175,154
114,100,83
91,81,65
104,94,78
84,77,66
185,175,140
123,117,80
155,143,120
95,86,61
143,136,102
125,113,101
131,124,97
115,109,98
116,107,88
112,103,87
99,90,76
107,95,85
174,159,134
108,97,76
123,113,98
147,137,108
127,115,97
126,117,93
121,113,90
153,142,123
150,138,115
130,119,102
104,99,79
133,121,102
135,120,100
107,94,83
74,66,57
102,91,84
165,150,114
115,108,84
119,109,93
110,94,88
144,136,108
117,106,95
221,206,155
121,112,84
102,93,67
118,108,85
145,136,105
120,109,98
135,126,102
159,146,124
127,118,93
80,70,66
162,153,120
125,116,92
130,121,106
137,124,101
70,62,57
154,143,116
136,122,109
140,126,108
109,103,75
123,115,98
110,100,82
86,72,67
142,133,110
155,137,112
146,136,107
117,104,79
141,128,107
118,110,90
141,133,112
93,80,69
156,143,116
97,90,82
103,101,76
151,141,109
132,128,95
130,123,82
99,96,85
155,145,123
73,65,60
135,125,101
77,71,65
68,58,51
127,120,94
94,87,72
110,98,90
99,91,79
100,92,69
105,98,74
95,87,69
156,148,137
149,137,124
141,129,103
109,98,88
135,127,97
152,141,111
127,117,97
110,100,85
174,157,129
116,103,85
121,109,79
106,93,81
104,93,81
127,117,96
125,117,103
120,108,86
133,120,94
108,102,82
128,117,101
113,103,74
78,74,66
91,83,66
177,163,135
114,105,83
116,109,85
99,93,74
145,132,118
89,82,69
130,119,102
95,84,68
120,109,92
120,112,92
108,95,87
146,137,118
118,107,90
96,86,67
114,101,89
124,116,99
102,95,86
152,140,126
134,129,95
124,114,96
133,125,111
116,104,92
114,104,88
103,95,72
110,95,87
120,112,85
105,97,82
132,122,101
97,89,78
88,84,69
115,104,90
121,116,96
106,97,86
104,99,88
146,135,117
113,106,84
123,114,89
136,125,94
121,104,89
136,124,101
109,98,82
114,107,85
131,118,98
131,125,98
124,118,93
140,134,93
163,155,126
153,146,125
110,103,91
96,89,70
104,94,83
129,124,95
97,90,76
136,127,96
92,84,75
163,153,120
115,103,85
108,98,89
117,98,92
144,129,106
180,163,130
109,101,86
125,111,86
119,114,96
111,100,90
88,77,61
125,115,91
148,129,111
79,71,61
89,83,69
105,98,70
132,119,101
150,133,115
108,102,84
160,152,130
137,124,105
151,144,107
150,140,105
130,126,98
105,94,87
119,110,92
129,119,101
138,129,98
173,159,132
112,103,92
130,116,91
139,128,88
136,128,100
144,137,106
173,162,125
111,106,80
100,95,78
137,127,106
124,114,86
119,114,93
171,160,132
131,119,92
127,120,102
140,124,109
156,142,132
125,115,95
113,98,83
88,79,74
129,121,98
121,113,97
132,125,94
97,88,81
77,66,57
123,115,85
133,123,98
102,89,74
143,132,96
117,107,89
142,133,106
173,165,130
139,128,100
168,149,113
109,97,82
92,86,70
135,127,103
111,103,88
130,121,105
132,122,92
129,120,86
113,106,92
118,103,83
92,83,70
125,112,93
96,87,69
131,119,109
145,140,111
111,105,90
134,122,104
134,122,93
150,138,110
126,117,95
136,130,95
111,99,85
141,128,106
104,89,78
121,111,94
113,97,91
117,110,94
105,96,80
109,100,82
101,87,83
195,184,154
109,99,84
92,83,77
125,116,86
91,87,66
133,125,104
155,144,113
131,123,97
126,111,91
112,104,84
150,141,117
164,156,115
111,101,85
129,116,95
157,139,121
127,116,89
104,97,78
130,120,94
120,108,91
109,97,81
105,90,76
161,148,122
132,127,96
149,144,111
184,172,132
146,140,117
157,141,129
95,91,74
107,97,79
148,138,107
103,93,83
110,96,80
67,58,50
96,93,84
143,132,112
95,83,71
76,71,55
84,77,72
94,88,78
155,143,110
111,102,86
125,116,97
160,146,125
126,116,95
128,117,96
83,69,63
94,88,85
97,88,78
99,89,76
122,117,98
190,178,146
97,85,70
137,130,96
107,96,82
72,66,58
155,144,121
136,131,109
127,116,95
126,116,96
188,174,139
103,101,85
143,130,103
159,148,113
132,123,98
100,91,75
138,127,94
134,123,98
150,139,116
120,109,94
119,106,86
89,80,68
86,76,70
106,97,82
194,175,135
126,114,99
89,81,68
118,107,94
72,65,61
116,105,81
122,112,94
94,87,70
125,115,90
168,160,127
107,99,85
89,84,71
95,90,77
72,69,58
112,106,80
128,113,101
138,120,106
116,102,79
95,90,67
92,82,69
127,117,93
102,91,75
127,115,100
108,99,79
127,118,105
146,134,100
92,82,68
145,132,103
118,108,93
86,78,63
157,141,114
130,117,107
167,157,135
136,119,94
148,136,112
114,102,87
143,127,111
99,88,76
152,144,119
183,169,143
81,70,57
114,105,82
154,140,113
164,160,126
109,97,84
132,122,104
156,148,126
150,138,122
174,165,130
80,75,64
87,77,70
100,92,77
156,142,118
114,104,84
160,151,124
155,148,119
133,120,95
123,119,92
105,97,81
99,90,73
80,70,53
127,114,99
73,65,58
96,90,76
81,74,70
96,85,76
154,142,118
120,110,97
140,134,105
133,125,105
114,102,96
112,101,85
130,118,96
144,131,102
122,114,96
131,117,110
139,127,97
98,88,68
124,116,91
145,138,105
168,157,117
139,125,101
82,69,71
99,90,65
132,125,99
153,142,113
117,108,95
159,148,122
152,141,113
169,155,121
95,87,85
156,147,118
99,94,76
97,87,76
148,136,111
139,127,107
113,101,93
132,124,96
110,103,87
91,84,74
94,85,72
102,92,76
169,159,119
110,97,85
88,77,70
117,111,97
132,123,102
120,111,85
111,98,89
142,132,106
91,78,67
113,107,87
95,88,66
80,73,60
134,120,104
117,107,77
101,90,88
117,114,90
157,150,117
149,137,102
153,144,114
112,104,88
107,100,83
153,140,126
112,102,78
114,102,90
87,82,66
181,167,133
124,119,91
137,129,95
104,96,74
106,92,87
131,122,103
81,73,62
155,140,118
82,76,65
119,113,100
160,152,126
198,182,145
124,114,92
146,134,103
114,103,83
110,100,82
151,142,107
151,141,113
147,134,116
143,134,122
113,106,93
168,155,124
155,142,130
119,112,87
164,154,125
88,75,60
82,71,75
157,148,120
113,100,85
108,95,84
117,109,77
155,148,128
152,141,113
118,110,79
121,113,105
118,102,95
134,122,97
148,133,108
155,142,115
138,129,101
124,113,96
121,114,88
92,80,65
151,141,123
91,87,69
125,115,94
144,135,103
103,92,79
113,102,90
155,141,112
104,97,86
82,77,68
62,50,50
79,74,66
82,77,64
120,114,90
112,102,87
81,67,61
129,120,103
121,106,86
129,117,93
137,129,100
122,115,93
116,104,90
123,115,103
115,107,86
124,112,102
185,176,127
97,90,74
106,99,82
144,132,90
109,100,80
121,113,87
136,125,95
97,89,66
130,118,93
131,121,98
69,61,54
104,89,87
176,170,117
136,130,99
107,100,83
99,85,74
99,88,74
126,120,89
142,127,108
127,119,89
118,109,96
132,126,104
133,119,105
107,93,88
88,78,67
136,126,91
134,124,103
118,114,91
116,109,92
145,132,104
173,156,134
158,149,120
106,91,67
145,136,101
138,128,107
150,143,120
85,77,65
144,130,109
153,135,122
152,137,115
162,155,131
121,114,85
112,102,77
153,140,125
149,138,111
122,107,81
123,112,95
97,91,81
72,66,62
140,131,110
114,105,82
99,86,78
119,107,88
143,129,103
121,113,96
108,98,84
144,131,106
128,120,93
145,137,112
157,147,127
90,83,74
150,141,103
156,146,109
99,92,78
105,96,89
149,141,112
114,104,88
172,157,131
126,114,95
93,82,76
101,90,69
215,207,157
123,116,90
108,102,78
110,98,82
154,139,122
166,155,113
108,93,88
135,125,102
150,135,102
155,137,102
104,98,73
141,136,108
69,58,48
100,93,79
87,80,71
119,106,80
140,129,104
139,132,101
80,68,60
157,144,124
155,134,102
179,160,128
114,104,83
170,163,126
104,95,78
135,124,96
124,115,89
100,95,77
71,62,59
134,124,102
77,70,62
144,139,108
101,94,84
138,125,98
65,56,51
75,65,62
95,88,73
105,94,79
182,167,124
100,87,76
132,122,109
168,158,114
93,85,65
154,144,120
98,95,80
154,142,113
121,115,88
133,119,94
106,95,79
123,113,82
137,129,93
173,157,125
111,105,93
95,89,75
70,64,50
156,143,115
110,100,88
164,158,117
118,102,92
134,121,107
126,118,95
91,85,67
170,159,137
125,113,100
180,162,131
106,97,81
110,99,82
187,173,129
121,108,97
127,118,92
93,81,71
120,110,95
132,125,91
140,133,110
133,120,104
126,117,92
140,132,110
139,129,106
143,129,105
128,123,99
127,120,98
111,103,89
119,112,85
90,79,66
170,162,128
150,132,110
136,128,105
147,142,116
103,94,77
156,149,124
157,151,122
146,134,108
115,102,80
138,125,103
136,124,104
144,135,98
106,92,82
121,110,85
89,80,72
165,154,118
130,119,85
144,133,109
120,114,94
114,108,92
113,101,93
98,86,76
128,112,100
164,152,118
126,116,96
168,149,119
105,99,72
107,96,91
141,129,117
111,103,92
136,123,98
113,100,92
143,122,101
140,131,100
102,94,68
104,90,81
97,85,76
144,130,103
120,112,90
120,108,97
195,182,152
113,97,90
149,140,110
113,106,77
102,94,87
122,112,96
130,122,99
161,153,117
74,72,59
147,141,99
134,123,98
108,101,80
153,137,105
117,112,93
120,105,92
116,104,82
133,119,99
127,114,101
137,124,101
137,130,103
69,64,60
146,135,110
102,92,82
76,67,53
154,145,121
107,100,86
154,136,123
122,111,92
111,102,83
123,108,87
112,105,89
119,103,83
98,97,70
75,65,68
109,99,85
95,88,78
107,102,85
114,106,82
154,135,116
130,118,98
84,81,63
128,124,92
131,118,97
77,71,56
159,145,116
108,102,74
108,99,85
88,76,69
151,141,109
125,115,98
96,89,79
171,158,114
93,82,71
109,98,81
88,81,61
122,112,93
79,70,63
133,126,105
94,86,77
121,113,94
77,72,63
94,84,70
110,103,87
96,92,77
87,76,65
118,109,82
144,133,98
123,116,87
93,88,75
144,135,100
194,182,140
75,65,67
116,99,92
161,152,115
141,126,104
123,115,90
120,106,86
107,99,82
134,121,104
133,127,107
89,81,64
147,137,118
140,135,102
105,95,83
102,94,64
125,120,98
135,127,98
93,83,73
129,111,96
133,119,96
61,56,51
108,101,80
137,123,101
158,150,120
113,102,86
133,127,92
107,96,78
147,136,114
92,86,67
108,101,79
136,125,102
169,160,139
149,141,113
100,96,76
98,89,78
111,101,76
176,168,138
147,135,100
130,123,96
83,73,65
123,114,100
125,117,97
71,63,61
125,117,92
69,66,56
155,151,117
73,68,58
135,121,89
150,142,122
103,87,78
94,83,77
158,149,123
89,79,65
112,102,82
129,120,88
119,114,86
131,120,98
121,112,87
86,79,60
121,116,79
125,112,97
123,113,90
64,56,57
112,101,81
158,147,130
97,91,76
138,134,98
171,166,121
132,123,104
128,122,90
131,123,83
103,97,80
115,104,87
153,146,114
126,112,102
116,107,90
133,113,101
102,91,73
104,94,75
108,101,75
134,124,107
128,121,104
126,114,104
92,86,69
89,81,69
112,105,84
102,95,85
108,95,87
150,141,114
127,119,105
186,173,149
111,101,86
131,124,94
150,141,119
145,133,107
95,84,76
223,209,166
155,145,120
106,100,81
117,109,89
125,120,90
143,134,99
122,109,92
150,142,105
113,102,89
188,177,138
91,86,70
73,68,49
98,95,71
115,112,91
108,104,81
123,114,99
97,88,70
169,162,125
105,98,82
137,121,104
114,106,87
110,103,79
92,86,76
134,126,101
104,91,80
109,99,87
126,116,95
130,126,96
113,98,84
82,73,65
146,132,110
90,79,71
113,97,73
164,152,106
132,126,104
120,110,87
95,88,81
151,136,108
92,87,77
155,140,113
95,89,75
97,87,74
122,113,88
130,124,100
101,98,73
116,109,82
128,120,92
122,108,91
99,89,68
144,132,104
141,124,111
99,89,70
160,148,124
137,124,99
106,98,81
122,109,88
141,128,107
105,99,75
154,147,112
79,74,65
129,120,102
101,94,75
109,105,84
103,96,76
176,164,136
117,104,78
154,149,115
100,95,69
118,111,89
115,105,85
120,109,93
95,87,68
168,163,120
111,106,77
126,120,95
187,184,136
115,107,90
139,131,112
131,117,101
152,143,112
131,120,103
134,125,105
131,120,90
131,115,90
72,62,52
107,100,76
143,133,109
77,70,64
118,107,94
104,96,78
133,129,100
79,75,59
121,110,85
120,109,86
97,90,78
140,132,95
122,111,94
97,89,76
111,103,84
112,103,83
104,97,84
78,68,69
155,140,107
134,124,98
146,137,110
144,133,107
101,95,82
110,100,86
97,95,74
141,130,108
107,95,77
114,102,87
89,85,75
102,95,74
89,82,71
153,140,98
97,93,74
127,120,98
164,157,132
120,112,93
105,93,74
177,167,147
97,88,71
130,119,100
119,106,90
117,110,81
125,113,95
132,125,106
148,130,102
129,122,92
104,97,83
86,73,68
108,98,90
172,154,128
131,117,101
97,88,76
156,145,118
124,117,97
149,142,117
106,96,75
101,93,81
106,100,75
72,64,63
116,106,84
105,96,78
134,125,100
104,99,76
133,123,94
158,145,134
154,143,111
92,78,71
130,119,100
116,108,90
185,178,134
114,107,88
92,84,73
84,74,71
155,147,113
126,115,99
95,85,67
139,131,96
136,119,102
115,102,95
156,142,118
115,104,90
118,110,90
147,142,109
116,108,95
94,88,74
115,109,85
183,172,133
102,92,79
173,160,134
127,115,92
213,195,157
124,112,98
161,156,123
110,105,84
121,111,87
92,84,65
116,101,73
187,178,152
143,136,112
140,124,106
189,181,135
128,123,96
135,129,94
102,96,77
95,89,77
108,101,79
100,91,85
109,103,81
96,87,74
95,88,70
85,81,66
134,125,91
130,122,100
191,181,139
109,102,81
153,139,121
144,126,116
129,121,95
171,157,121
95,89,70
87,79,68
101,89,88
138,131,107
111,99,92
173,155,127
123,112,90
133,118,98
126,115,99
118,101,83
126,114,97
93,88,71
133,127,104
85,79,66
123,114,88
81,73,57
132,126,101
125,119,95
116,104,89
176,165,137
107,98,85
154,143,113
209,190,149
100,90,73
169,155,116
143,133,111
130,123,97
100,92,83
104,95,88
173,158,134
174,165,126
94,88,71
146,130,102
164,155,127
120,112,96
115,101,86
101,90,86
107,101,82
119,107,87
109,98,89
146,138,104
125,114,96
148,134,119
129,117,91
148,131,108
87,78,68
137,128,111
130,114,88
179,170,128
154,145,121
110,100,86
98,89,77
87,80,69
105,98,80
117,114,94
104,92,78
176,164,124
101,90,81
74,70,55
141,135,102
128,116,97
135,124,106
144,128,113
144,136,101
80,71,64
128,120,97
165,150,112
94,88,58
118,107,81
92,86,73
153,141,105
149,136,110
98,94,76
128,117,99
129,123,101
148,141,107
96,87,74
178,164,137
129,118,97
138,128,102
157,145,117
127,115,97
126,114,93
121,110,96
106,98,87
129,116,95
108,97,82
141,131,110
98,87,72
80,75,52
135,127,107
128,116,107
128,111,92
74,67,49
110,100,88
99,87,72
157,145,106
141,132,103
108,100,78
108,101,69
103,92,87
96,87,75
149,136,105
164,153,119
134,128,96
109,97,89
185,174,138
124,116,74
150,137,113
123,116,93
113,106,84
102,96,77
120,105,93
194,183,145
144,134,103
121,114,98
100,94,77
116,105,89
171,159,122
132,127,101
86,81,72
110,99,80
89,76,74
90,86,66
121,112,99
128,115,88
117,107,88
97,85,71
129,122,98
139,128,101
114,107,88
118,109,88
111,103,82
178,166,118
159,142,115
110,99,90
121,108,96
129,123,88
134,125,104
152,143,103
124,115,93
127,112,94
152,141,112
106,101,75
138,134,99
98,89,72
95,91,74
145,129,98
93,82,71
113,105,91
157,150,118
88,70,70
150,139,107
117,108,86
109,96,78
128,117,97
157,141,123
142,129,116
84,77,63
149,140,108
143,139,117
143,130,100
111,100,85
97,91,81
108,102,91
115,106,96
102,93,83
108,96,80
119,117,94
100,93,78
139,128,98
107,100,76
160,150,123
106,97,78
96,89,81
124,114,93
111,102,87
109,105,79
150,137,100
132,116,89
96,86,71
110,104,83
94,81,69
83,71,56
84,82,70
91,83,63
91,85,67
161,155,130
105,98,78
166,155,128
157,139,118
104,99,77
107,101,81
86,80,63
159,149,120
97,87,72
106,99,88
169,151,119
120,115,94
81,76,63
108,97,88
136,122,106
103,98,80
104,98,78
118,109,86
86,84,64
82,68,68
109,104,79
100,88,74
168,161,121
124,118,80
136,126,105
167,155,117
115,104,88
148,131,102
162,149,118
147,140,118
125,113,93
142,133,113
137,127,100
92,81,73
111,103,86
167,157,130
88,82,68
132,122,94
104,97,82
186,171,129
98,88,64
135,130,110
112,101,86
135,127,102
137,128,92
161,146,110
83,77,67
110,98,86
191,179,144
140,128,100
128,119,98
90,81,72
108,105,81
100,91,76
90,80,71
116,104,98
112,104,85
119,103,90
127,114,95
121,110,88
112,105,82
120,107,90
67,62,53
111,106,85
114,104,100
129,115,99
190,178,137
130,122,99
141,133,107
128,121,91
130,118,98
62,56,55
84,80,59
93,87,73
175,159,139
132,120,95
123,118,94
147,137,119
110,93,84
87,79,68
163,147,124
90,82,71
74,63,56
125,111,86
148,139,105
87,80,66
134,123,105
145,129,107
155,142,115
120,113,96
89,79,70
160,145,122
98,94,76
120,112,84
98,92,69
107,93,81
94,88,76
81,75,63
103,93,73
84,76,71
107,100,85
134,118,112
110,103,81
154,135,116
120,106,101
101,93,84
110,102,81
139,128,95
109,105,86
69,60,56
105,98,84
111,98,88
91,83,70
163,159,124
86,77,65
138,126,98
132,127,101
109,102,84
88,84,69
133,120,100
100,90,73
92,84,60
96,93,69
99,92,77
89,78,72
106,101,83
110,106,90
96,90,80
107,99,87
113,102,91
84,72,62
158,147,112
135,129,106
203,189,155
164,149,123
147,137,118
95,89,67
129,121,101
125,117,101
114,103,76
108,95,76
102,90,82
119,109,91
110,101,79
131,123,98
115,101,74
138,128,103
128,121,100
132,123,96
85,77,62
127,117,93
171,155,121
132,124,99
63,56,50
126,113,98
107,98,81
184,172,142
142,135,111
112,100,86
96,90,72
105,98,82
208,193,152
126,116,96
131,124,97
156,149,114
131,121,96
101,90,78
105,94,76
93,83,72
105,98,77
169,152,121
175,164,138
97,90,69
125,111,86
127,113,97
129,116,88
205,186,142
128,118,100
117,107,73
99,89,75
97,90,68
109,100,89
113,104,78
86,77,68
127,112,96
115,106,89
111,103,92
165,160,119
131,121,94
132,127,107
119,109,91
125,116,94
125,115,95
128,120,99
127,119,96
98,93,81
102,91,78
127,118,99
123,113,89
166,155,130
139,131,101
95,82,77
200,186,159
148,142,110
115,108,91
61,56,47
162,155,112
119,105,91
98,89,73
136,129,91
91,81,67
138,120,112
102,88,78
116,105,88
150,139,111
90,81,73
178,164,130
120,112,95
132,125,105
101,93,83
109,96,95
159,147,119
106,97,74
100,86,80
148,136,111
139,131,107
146,134,110
81,70,68
109,100,83
122,114,87
112,105,83
144,133,100
141,136,111
113,103,79
126,116,104
155,143,106
85,80,66
177,163,143
110,95,82
160,150,109
137,127,104
98,85,64
143,137,107
86,77,67
141,132,104
121,114,96
123,109,90
141,132,106
140,130,104
127,113,87
126,118,98
140,130,111
117,110,87
123,111,82
155,144,118
107,102,86
90,83,80
114,106,91
111,104,76
89,82,75
126,112,94
107,96,74
137,125,95
106,94,73
147,139,112
112,103,88
110,106,81
129,115,90
214,205,159
166,159,132
100,88,80
97,89,81
123,117,89
139,126,90
149,135,117
135,126,106
133,128,98
136,122,100
168,157,136
107,95,81
122,114,96
137,121,97
87,78,67
132,128,94
169,158,113
79,72,60
100,89,80
100,88,82
98,92,70
104,97,81
65,57,52
125,118,89
100,93,82
126,117,93
147,138,111
124,113,82
91,85,68
129,121,100
98,87,80
91,85,73
127,120,94
169,159,116
94,83,81
140,132,105
168,153,123
102,95,82
198,185,137
162,154,122
118,114,87
105,97,85
101,95,78
86,78,61
147,133,116
102,98,75
112,103,82
137,131,103
113,106,83
113,103,82
176,160,132
87,83,67
110,100,90
132,118,96
124,118,88
118,111,90
125,119,84
159,149,121
144,134,103
78,67,60
152,146,119
119,107,85
131,122,89
149,128,106
115,105,85
118,112,101
158,152,123
116,108,96
114,105,93
111,100,81
128,116,99
108,97,85
115,108,95
160,143,115
165,155,112
102,94,76
142,131,106
196,184,147
142,128,116
158,145,130
155,147,122
96,90,69
133,126,103
116,107,85
102,94,77
92,81,79
150,140,104
117,112,79
118,105,96
129,124,95
141,134,105
96,83,63
155,147,99
135,125,108
131,120,109
114,101,87
98,91,79
103,89,75
135,123,101
131,122,109
125,110,96
141,133,102
115,103,86
171,160,126
105,90,87
111,99,89
150,139,110
174,160,120
111,102,89
112,105,84
125,117,81
125,117,104
117,106,78
129,122,103
123,112,90
153,148,120
113,109,84
129,114,92
71,60,62
108,94,84
103,96,83
131,125,94
146,133,108
95,84,72
114,107,89
155,144,123
224,212,158
97,87,72
73,66,56
80,71,59
137,125,108
106,94,83
105,97,86
80,74,60
154,143,108
131,119,92
101,90,75
173,161,142
125,107,98
126,112,100
77,71,57
96,86,78
133,121,103
149,143,98
91,84,66
103,90,88
122,111,96
115,104,84
124,113,93
165,155,115
107,98,86
196,186,144
154,143,118
95,84,75
102,92,76
153,143,103
122,114,86
97,86,77
134,121,95
129,113,98
142,133,105
161,151,119
108,101,88
141,133,109
148,138,102
122,111,100
105,97,88
118,107,89
138,125,102
85,75,69
145,137,103
136,129,94
166,160,118
132,123,98
90,83,72
117,104,91
118,105,98
93,82,71
108,99,94
104,96,84
90,85,73
141,128,98
115,104,81
68,59,55
114,105,76
142,127,107
116,108,93
111,104,83
165,155,123
122,115,91
108,102,87
147,140,103
130,119,100
123,111,94
160,149,119
102,97,77
114,96,91
107,97,82
124,119,95
142,131,108
131,129,112
108,100,78
110,98,90
139,129,95
86,82,64
130,123,88
105,99,77
99,90,76
99,91,70
112,104,79
113,101,86
133,127,96
116,108,77
140,127,105
119,112,94
119,110,97
95,90,79
110,105,92
108,100,77
120,107,83
106,93,74
120,107,91
110,103,92
132,115,99
115,106,91
103,94,77
73,64,59
112,98,81
123,115,94
138,127,111
111,98,91
136,130,110
98,92,75
129,114,83
109,102,85
118,108,89
125,117,92
106,102,84
120,109,93
177,166,143
130,118,101
111,98,83
96,94,80
109,97,89
98,87,78
94,87,68
105,96,80
113,105,86
101,89,73
74,65,60
110,99,79
100,93,83
129,125,100
154,140,120
154,144,119
136,123,99
147,141,102
132,125,98
124,110,94
149,135,107
107,99,81
112,102,84
149,138,104
138,129,102
92,88,76
102,89,85
97,88,75
104,93,71
91,84,72
103,92,77
127,120,94
99,92,78
86,78,65
116,103,86
84,79,68
118,108,83
159,146,125
151,141,108
189,176,141
99,92,74
168,158,110
131,116,92
122,114,90
99,92,80
184,171,126
142,134,102
145,135,109
128,119,90
125,116,96
151,140,119
80,74,62
149,145,122
123,112,93
111,100,78
85,68,60
133,123,108
94,84,79
124,115,91
154,146,115
104,99,82
128,119,95
170,155,132
86,74,65
104,88,77
103,96,79
148,135,105
99,87,71
119,102,87
125,120,85
105,97,81
116,105,89
149,141,114
153,146,113
123,106,96
178,165,126
113,103,79
56,45,44
129,114,92
87,80,72
125,113,96
120,109,82
148,134,98
151,136,118
113,103,83
64,55,53
126,119,87
161,151,126
93,79,71
106,93,77
94,82,71
109,99,83
102,92,85
143,133,111
126,115,91
98,87,79
112,98,83
141,130,102
117,104,90
184,173,138
94,85,82
107,97,75
217,205,156
108,102,86
147,139,104
134,122,93
137,128,101
110,100,79
131,118,94
155,146,118
90,78,65
144,133,108
160,154,126
85,81,70
145,134,99
132,117,104
79,73,64
92,84,71
118,111,84
121,118,91
83,76,55
143,135,100
167,153,118
161,149,120
128,119,102
113,103,80
97,89,78
102,92,76
118,108,84
74,65,61
108,100,78
126,116,98
54,49,49
128,121,96
104,94,87
104,94,79
92,87,65
187,173,139
112,99,84
138,132,98
135,121,97
113,108,90
134,119,101
89,81,76
137,122,97
137,127,107
102,92,84
80,73,59
129,117,102
106,99,78
147,132,111
171,163,123
89,84,68
115,105,93
130,115,99
139,130,100
110,101,88
148,138,108
75,72,65
142,135,109
94,85,78
141,125,94
104,94,92
116,107,90
99,87,73
143,132,94
118,113,90
141,126,113
142,133,111
152,143,104
129,121,100
158,145,119
104,99,72
108,95,76
98,94,72
140,132,116
125,113,90
95,91,79
101,89,77
136,126,97
110,95,86
136,128,94
104,90,73
108,94,86
169,159,119
119,113,86
93,87,73
118,103,89
101,90,82
152,143,122
155,145,119
103,93,78
83,79,64
96,91,71
143,135,105
107,100,83
116,104,91
130,120,95
130,122,98
183,176,126
134,126,109
119,110,95
92,81,67
116,106,78
151,138,112
111,104,81
101,97,73
120,110,83
99,93,80
183,168,148
74,64,57
128,115,103
118,103,82
130,120,104
124,115,92
117,105,93
81,72,63
95,83,72
111,106,84
107,105,79
109,98,83
157,146,116
150,138,118
116,106,93
124,115,89
137,129,108
103,96,78
128,117,88
101,90,68
104,92,83
128,117,95
103,96,83
105,97,83
122,113,90
143,138,111
116,101,84
111,106,83
97,86,71
125,113,98
156,149,108
111,101,89
128,116,100
174,164,120
122,111,94
132,123,101
161,147,123
120,112,82
99,90,76
141,130,109
140,125,100
119,110,89
111,103,85
106,95,81
88,83,67
152,140,114
130,114,104
171,149,119
142,128,102
107,96,86
95,84,67
118,109,90
102,92,70
155,149,111
138,128,102
106,94,91
162,149,121
111,101,84
156,149,117
125,114,92
93,82,72
102,98,73
144,135,107
102,92,79
81,72,64
117,111,85
112,101,87
112,95,83
161,152,114
155,145,127
131,117,102
89,81,73
105,105,77
105,96,84
107,98,80
102,94,74
177,169,138
157,144,123
97,88,73
91,84,69
131,117,104
83,74,61
145,138,109
152,138,116
107,97,84
90,80,68
106,99,80
132,125,100
107,91,87
128,117,94
93,85,83
192,177,141
169,157,137
145,131,110
72,65,56
187,171,144
171,162,108
131,122,95
120,104,84
88,77,69
149,130,111
164,155,125
146,135,104
111,103,87
121,111,103
97,87,84
87,74,66
89,81,64
119,109,95
111,107,90
78,73,58
141,124,109
121,110,93
137,126,103
136,126,95
121,110,99
135,121,101
161,154,128
93,85,71
104,99,74
127,120,94
116,102,88
96,85,68
124,109,98
175,161,139
95,87,81
148,131,120
130,122,101
76,68,55
168,160,112
97,91,70
138,127,97
120,108,82
124,111,85
131,125,93
75,68,62
123,115,95
125,114,101
174,162,136
167,151,130
120,109,100
133,119,93
63,59,58
127,117,98
84,75,73
161,152,120
124,110,94
117,107,93
116,107,94
102,93,76
95,86,78
64,55,46
109,101,78
127,118,100
124,117,90
108,100,75
123,112,93
113,107,88
139,127,110
141,132,103
108,94,81
92,83,75
187,178,138
148,133,111
74,68,60
155,139,120
165,150,125
156,148,119
85,76,67
90,84,68
160,150,127
119,111,97
99,92,76
190,173,154
144,136,114
163,153,119
175,160,121
116,106,83
75,67,62
128,120,108
144,127,106
132,123,96
126,118,87
183,173,136
175,160,124
145,134,113
133,124,96
104,93,80
155,144,129
103,93,81
116,105,92
109,95,81
140,129,103
110,98,88
93,83,67
169,158,125
147,134,109
164,152,123
133,118,92
121,109,98
101,95,73
88,85,65
134,123,98
87,77,71
129,118,99
156,140,110
85,73,72
121,111,89
162,154,128
121,112,84
100,95,82
108,97,78
122,112,94
96,92,77
92,85,73
120,111,99
110,100,84
90,86,69
126,116,84
112,104,81
113,106,92
100,90,69
92,86,67
109,100,79
119,113,90
107,101,81
99,90,85
98,88,67
152,143,122
130,120,93
108,97,85
98,89,80
71,71,57
152,145,107
129,117,92
191,183,126
121,110,91
174,158,138
161,154,128
109,102,77
97,86,78
75,67,51
155,143,116
153,142,120
134,125,105
78,71,60
155,146,123
117,107,95
138,132,89
144,135,107
134,125,100
169,154,134
102,96,89
100,87,78
137,123,104
95,87,75
108,88,74
100,87,81
80,71,62
97,91,77
126,116,100
132,125,102
118,108,90
159,146,119
130,126,86
157,147,115
108,95,74
136,120,107
93,87,76
95,86,78
96,80,78
137,127,99
147,135,107
117,105,88
121,113,87
158,149,108
111,100,81
109,99,89
183,170,130
173,163,119
101,91,81
181,166,142
139,136,111
193,177,137
166,162,124
111,97,87
138,126,101
104,95,74
135,125,108
84,77,67
128,118,91
83,71,65
138,130,112
132,120,103
114,108,89
114,104,78
110,101,83
114,104,88
121,112,88
115,112,84
118,111,89
109,103,83
111,106,78
118,106,81
115,105,79
150,143,92
105,95,72
113,109,92
102,92,74
157,145,112
122,104,100
185,172,141
141,127,114
91,83,72
68,58,57
112,106,84
111,100,88
124,116,89
101,90,72
86,79,66
90,80,70
133,123,96
71,67,53
87,71,70
75,71,64
125,114,92
110,105,92
105,96,80
156,139,110
109,100,80
94,86,74
130,119,96
91,86,71
107,98,76
152,144,117
166,156,131
188,177,140
129,118,96
154,141,120
107,91,84
101,92,77
94,85,70
90,84,75
166,154,127
151,139,116
117,99,84
90,82,71
149,137,107
132,121,103
147,131,106
106,99,90
110,101,73
134,124,107
113,106,82
71,61,54
128,121,104
108,101,86
100,92,81
98,88,78
112,104,94
89,80,67
70,65,59
128,119,98
114,103,92
125,114,92
188,180,145
89,79,73
143,134,106
129,111,89
94,84,72
94,86,64
102,95,86
164,155,122
117,113,92
138,127,106
147,135,117
138,131,104
136,126,88
100,87,78
121,115,90
149,136,110
110,101,80
101,97,79
88,76,70
133,116,101
152,139,114
169,159,107
90,82,64
89,83,69
168,158,125
146,139,114
131,124,99
103,98,86
88,79,68
164,151,113
131,116,104
126,114,96
90,82,70
113,101,87
143,131,109
133,124,103
77,71,61
137,126,95
88,81,71
133,122,106
92,83,68
72,64,62
184,167,132
150,142,109
99,92,66
113,99,87
78,70,60
98,90,78
110,101,71
85,80,72
97,93,74
132,125,94
137,126,105
124,116,83
99,91,85
111,104,89
145,128,110
172,158,130
107,100,85
93,83,69
85,77,68
123,113,90
134,123,100
150,132,115
150,136,105
124,112,94
128,118,96
106,96,79
129,115,92
103,96,82
140,132,97
134,123,99
120,112,98
102,93,83
100,95,70
146,136,105
166,162,133
145,130,98
131,124,101
84,77,68
107,96,86
109,104,88
103,97,90
113,100,88
79,72,66
117,108,83
95,79,80
127,123,91
88,84,74
83,77,61
101,93,86
127,112,94
105,94,86
136,122,94
95,86,86
108,102,87
139,127,92
165,155,127
59,50,50
134,121,99
122,113,92
104,92,76
89,79,59
141,128,94
75,70,60
98,87,78
86,75,62
95,85,77
116,105,81
121,115,99
167,153,128
166,154,126
118,114,87
104,93,75
116,109,94
126,121,96
79,70,56
126,118,97
87,77,70
109,100,92
116,108,95
124,116,99
116,105,89
133,122,98
86,78,71
100,90,80
111,101,85
115,105,88
145,132,100
104,96,77
141,131,114
121,110,94
89,77,69
143,126,113
127,117,93
112,99,81
164,156,110
124,115,98
83,77,56
71,64,60
164,154,123
166,158,121
113,102,82
128,118,95
141,126,98
169,163,116
107,97,89
90,84,69
106,99,82
146,133,115
117,109,85
127,115,89
138,126,97
150,143,114
151,137,115
129,123,101
151,143,113
113,102,82
88,77,64
146,136,110
119,106,94
126,117,99
122,107,91
114,108,87
173,162,137
145,134,92
135,126,102
215,205,152
82,71,63
157,147,123
87,82,74
115,97,90
127,117,91
115,111,89
107,97,93
141,135,105
73,64,56
157,141,113
121,108,84
140,128,107
88,81,64
127,118,90
115,101,92
98,92,78
116,113,76
148,137,92
170,158,123
132,120,100
133,125,99
72,64,58
152,140,123
116,104,90
111,102,83
139,126,105
112,102,77
160,152,112
129,116,99
175,165,134
129,116,94
99,90,81
109,104,84
125,115,94
150,138,112
144,135,109
109,96,83
155,141,111
103,98,75
87,81,71
91,82,76
139,132,99
149,138,93
143,129,113
80,70,65
128,116,99
121,113,97
104,91,83
126,112,95
108,100,83
148,136,107
155,149,113
81,75,69
134,126,103
124,112,88
105,91,74
133,121,108
129,119,102
91,78,69
127,119,89
98,91,79
108,99,87
88,75,66
88,85,73
149,135,120
129,120,103
103,94,82
89,76,72
191,178,135
107,93,77
146,137,110
131,122,104
141,126,103
