185,459,430,315,155,262,244,189
207,557,537,405,100,165,154,131
253,616,586,402,162,363,344,241
273,661,636,467,132,237,222,162
237,573,532,392,132,269,255,187
232,614,598,435,93,170,164,117
234,628,605,445,136,307,280,215
216,451,426,321,133,262,243,182
245,538,505,355,126,239,224,176
229,568,535,427,95,176,163,132
210,444,414,308,154,344,328,245
230,583,552,407,142,273,256,188
223,500,470,381,119,238,230,152
233,536,510,387,110,192,178,116
247,586,555,401,151,267,248,195
265,659,627,449,136,260,243,189
230,550,521,364,132,236,225,171
257,583,547,379,143,284,261,201
250,640,605,440,134,251,234,162
177,368,341,252,151,322,302,241
241,616,583,437,150,271,252,193
214,475,443,348,136,234,213,161
189,436,410,270,148,297,278,219
204,565,531,411,100,211,198,151
218,467,437,329,106,241,223,169
265,599,568,429,123,204,188,141
209,513,485,363,103,154,140,104
165,360,346,268,129,231,213,160
246,576,545,398,152,283,261,198
235,588,562,405,102,195,188,146
221,478,448,325,104,216,199,142
206,441,416,308,147,344,334,253
204,437,420,292,146,226,216,173
227,536,513,379,158,321,298,225
228,551,525,361,127,246,234,170
226,498,470,341,137,264,245,199
254,632,604,451,143,262,242,188
223,537,510,365,99,193,178,143
253,614,586,418,131,301,286,208
162,293,274,203,122,199,184,142
241,659,627,461,125,251,236,183
282,570,527,366,185,356,338,242
269,682,647,481,117,224,210,170
213,489,452,343,183,328,296,233
246,623,593,476,121,217,195,147
195,480,450,302,138,253,241,168
228,550,521,364,146,238,217,164
145,279,258,215,144,316,289,219
258,596,568,401,121,243,224,179
267,660,627,468,113,181,175,127
258,574,538,378,158,350,330,230
242,643,618,450,117,174,159,130
244,553,522,386,135,229,208,159
171,401,372,252,150,275,251,192
256,613,587,431,153,303,284,230
245,640,602,443,103,165,158,128
264,668,636,476,119,224,203,170
249,580,554,399,130,239,220,145
234,475,445,314,125,251,242,187
229,587,564,392,150,285,266,176
231,551,531,363,101,163,150,133
151,353,333,251,124,221,206,167
220,534,509,367,127,292,277,209
254,660,630,456,157,338,326,234
214,461,434,322,166,371,352,238
241,488,455,328,147,272,250,186
250,633,596,458,144,297,278,204
195,518,496,370,140,253,234,169
270,631,599,425,113,204,192,144
232,532,493,372,107,192,175,138
203,451,434,347,118,171,159,122
244,530,497,374,149,229,220,155
236,564,538,392,135,173,159,134
217,511,482,341,105,190,185,152
181,434,407,277,118,208,192,143
224,580,554,400,130,242,230,159
218,550,529,376,102,190,177,132
217,640,623,437,102,132,122,98
264,712,687,504,160,269,248,192
252,596,567,415,118,234,214,157
291,773,726,535,160,353,328,225
175,373,356,250,151,251,229,181
209,498,472,344,142,261,242,164
238,602,567,416,109,241,228,167
229,621,586,448,178,439,423,334
223,634,594,428,159,298,280,217
152,388,370,243,182,420,393,314
238,538,509,357,130,299,282,190
298,707,659,475,142,315,298,220
209,594,565,404,160,330,312,231
257,652,618,480,131,253,237,173
179,423,398,298,143,266,254,166
219,561,526,370,158,275,257,188
204,473,447,328,139,294,279,215
263,628,607,460,115,208,199,132
205,456,433,313,91,168,152,127
244,565,537,407,118,224,208,144
259,651,618,447,123,232,210,143
243,586,567,441,122,260,240,177
181,355,332,263,111,205,184,142
197,415,387,261,135,291,278,223
170,434,410,279,115,232,218,178
249,526,502,364,131,201,190,145
282,697,660,474,126,243,223,146
235,536,508,376,119,173,158,131
272,687,658,509,135,276,256,187
201,536,508,362,121,260,241,186
245,531,500,367,124,249,231,164
322,726,694,501,93,156,145,119
183,439,416,331,131,252,238,179
139,263,242,167,133,268,252,189
219,534,505,362,129,221,203,161
196,428,408,312,172,338,313,239
220,461,434,316,171,375,347,285
186,396,372,279,132,208,197,144
247,634,601,461,128,259,236,187
269,612,582,437,115,226,213,142
245,647,617,464,134,269,249,202
238,512,487,352,129,235,224,170
193,439,412,309,156,266,251,199
275,648,621,475,101,169,159,101
218,476,446,307,122,183,166,123
256,596,564,412,124,242,230,171
190,457,431,285,144,294,272,195
225,602,574,434,122,237,218,159
245,637,596,446,153,279,259,195
217,577,544,391,145,298,286,218
172,357,338,243,149,230,213,170
212,545,528,359,116,196,182,138
236,657,625,448,128,309,287,228
222,470,444,330,159,328,309,220
220,583,559,404,109,198,183,149
210,508,481,326,134,263,248,200
249,667,629,495,129,243,227,182
188,400,374,274,136,257,246,182
276,717,688,505,99,184,169,132
182,434,409,301,145,289,271,215
194,512,489,343,166,371,357,264
202,506,481,330,129,244,226,173
229,627,592,400,148,344,320,232
235,639,606,445,185,343,326,224
251,605,583,452,138,222,210,142
231,492,467,342,160,309,284,234
215,516,496,322,138,269,257,183
270,571,540,420,127,272,255,200
202,513,481,344,125,269,246,197
250,649,612,469,139,328,312,231
235,621,587,415,128,171,153,127
208,555,531,376,101,204,187,159
224,474,443,331,164,309,288,197
257,672,641,468,137,248,232,183
264,655,627,440,124,271,256,169
232,614,578,413,152,261,248,191
271,630,598,437,173,336,312,232
243,522,495,349,122,227,212,160
205,472,440,319,131,242,226,162
166,370,349,244,102,190,178,138
162,325,303,228,107,217,199,139
284,690,658,467,113,183,172,129
153,359,339,253,127,251,236,171
231,517,491,353,131,237,219,171
240,570,535,401,155,274,258,209
211,526,508,383,164,320,300,229
199,531,507,360,90,176,167,113
224,492,457,333,129,280,266,200
300,760,727,527,127,261,236,176
203,399,374,253,134,304,288,216
303,693,663,477,115,219,205,150
246,570,543,407,125,241,221,164
242,507,480,336,180,349,331,251
241,562,526,394,129,199,179,157
236,490,458,335,122,204,190,138
265,609,581,417,152,343,319,247
171,394,378,288,163,310,295,214
181,394,366,268,168,365,347,251
160,356,335,241,197,376,350,279
200,526,495,380,115,233,217,164
259,594,560,406,154,308,281,219
268,683,657,499,124,259,244,163
270,716,683,488,112,167,154,126
177,471,444,312,137,236,219,144
247,620,575,413,132,226,203,166
204,510,482,347,126,253,233,192
182,435,410,317,119,259,245,187
191,389,361,276,125,205,191,147
185,449,426,307,145,273,256,207
248,549,516,412,135,287,268,200
229,527,505,374,164,356,336,228
194,494,473,344,148,355,340,231
200,478,458,308,128,261,245,171
257,643,608,420,130,301,279,215
199,481,458,365,135,313,297,226
264,639,605,416,151,290,271,205
224,487,455,320,145,238,220,164
189,424,403,293,104,186,170,126
263,674,647,492,165,292,275,213
210,457,438,308,141,281,266,209
254,624,596,442,185,404,382,302
223,567,540,402,143,268,255,180
208,409,392,288,153,340,320,249
306,773,740,550,161,369,352,277
242,656,634,492,151,321,307,201
235,565,542,395,138,296,283,204
270,628,594,430,151,292,275,219
258,645,622,466,156,324,302,221
264,713,687,503,147,265,248,182
246,557,536,390,167,264,242,186
238,563,546,420,112,234,217,174
227,497,473,329,147,287,273,212
258,609,580,420,114,224,210,154
212,431,405,285,106,203,193,133
244,564,534,377,121,217,200,153
240,580,546,414,106,234,219,159
180,396,374,244,178,395,368,284
196,422,397,277,119,226,207,158
227,636,604,460,143,276,262,200
231,521,493,378,151,304,286,208
201,418,401,282,152,291,274,208
261,570,528,427,118,217,200,146
202,461,435,307,126,284,273,221
244,586,554,422,158,350,339,252
288,660,634,479,118,239,229,190
217,472,446,348,151,257,239,183
183,476,446,329,112,221,206,146
207,410,381,259,141,283,261,197
220,598,572,400,140,281,264,204
223,518,495,362,139,270,252,191
249,622,592,426,127,261,244,187
228,532,507,357,133,248,231,181
268,713,677,537,150,338,322,218
205,559,529,429,120,217,202,167
179,372,354,268,136,277,258,173
231,552,522,388,133,246,231,175
218,500,471,329,134,294,275,193
247,538,504,416,130,288,275,215
266,699,680,495,118,240,230,177
217,569,541,403,161,295,276,202
244,509,475,317,141,274,251,186
240,533,496,362,149,358,339,248
277,648,617,458,152,265,239,185
238,579,550,410,133,235,213,153
180,399,373,287,128,270,256,185
202,529,500,346,78,116,105,81
252,610,573,379,100,190,181,125
269,612,601,448,151,251,230,177
206,454,430,337,154,303,281,194
216,571,546,395,94,136,128,102
186,444,430,318,117,244,226,182
215,510,492,314,137,282,265,176
236,641,614,465,158,354,339,253
299,730,700,524,144,254,236,181
200,496,478,356,162,325,299,229
205,527,502,343,147,283,266,192
228,530,497,368,127,227,211,166
225,489,467,330,153,316,301,202
233,514,498,374,172,380,351,254
271,619,590,471,113,242,225,159
261,659,625,468,217,443,421,309
243,612,584,401,107,213,198,158
204,541,520,372,168,311,292,214
151,302,281,201,121,203,187,137
201,405,375,292,123,182,170,133
245,481,457,349,125,263,250,196
228,550,522,369,183,332,308,236
251,594,557,383,106,197,184,137
227,550,521,382,117,215,201,130
215,445,416,276,120,236,215,145
178,429,406,286,115,238,224,154
266,665,644,465,116,198,182,146
294,682,634,466,138,286,262,206
203,491,460,351,127,232,215,165
187,433,405,281,192,390,364,254
221,586,558,389,82,135,120,81
220,499,466,338,154,319,295,229
269,623,592,422,177,339,316,244
268,589,570,409,113,229,214,141
221,511,480,366,130,275,250,179
213,639,612,460,128,258,242,180
183,399,375,261,150,307,288,214
241,645,614,481,170,447,425,326
204,567,544,408,144,294,271,198
237,490,463,338,122,226,211,151
246,577,540,414,119,193,177,153
239,614,591,406,104,190,170,143
259,679,654,466,122,249,234,161
201,453,430,319,141,305,287,228
236,597,559,385,89,169,152,113
255,523,495,343,119,197,186,138
239,596,566,405,130,263,247,183
222,527,498,351,124,222,211,159
254,679,640,470,128,270,261,178
214,467,436,338,148,346,329,262
231,545,524,363,161,327,301,237
198,513,493,375,113,253,237,140
286,676,643,490,167,396,373,271
185,480,463,325,143,276,262,189
242,601,570,407,141,295,280,212
170,331,300,213,113,225,212,166
201,485,470,328,149,241,227,179
155,361,345,261,113,218,206,136
261,632,595,416,112,240,220,168
208,478,450,318,126,229,209,162
289,783,745,548,158,314,290,203
255,619,588,445,168,345,330,245
232,516,490,336,170,356,328,237
186,442,420,327,125,295,276,211
249,559,523,399,106,181,164,125
232,543,518,382,123,258,239,163
183,462,433,327,128,273,258,174
198,432,402,288,118,218,201,155
267,669,640,491,156,297,284,206
179,522,501,353,114,226,204,152
197,493,460,307,142,273,253,203
234,655,630,465,125,287,272,197
232,503,478,332,104,197,183,137
227,548,515,388,114,173,157,134
214,588,557,414,143,269,247,182
201,461,440,332,120,227,212,152
256,544,514,364,152,302,280,210
225,569,546,377,138,328,316,209
222,525,505,371,152,311,287,214
230,556,530,414,141,278,260,186
234,584,556,414,156,263,244,196
222,501,472,355,155,284,268,188
166,421,403,276,143,257,240,168
203,535,507,392,127,326,308,220
183,464,444,320,119,257,235,171
243,600,574,391,131,245,223,168
295,739,707,526,69,116,108,87
274,654,622,447,150,246,234,173
128,336,314,230,83,126,114,79
202,519,494,350,179,334,316,231
255,631,592,463,111,205,189,149
214,549,522,359,164,333,305,235
201,542,519,362,160,372,350,256
246,576,542,411,158,314,293,235
244,590,557,397,167,382,358,289
308,748,706,518,158,311,289,207
226,505,475,367,116,213,205,151
213,473,452,321,151,328,305,224
242,572,540,384,156,333,310,222
225,488,464,344,126,209,197,130
161,377,357,257,125,192,181,131
165,379,360,257,131,258,242,180
214,504,478,351,102,164,153,122
255,594,578,433,121,235,219,140
191,508,488,349,114,199,181,139
281,711,670,503,113,219,205,153
206,463,432,301,141,287,271,206
256,698,662,499,112,192,179,125
228,570,541,414,137,236,216,169
233,513,487,358,101,186,169,120
218,493,464,313,120,268,253,178
191,460,433,312,149,307,291,218
239,620,593,426,157,301,286,210
214,588,560,400,137,220,207,159
235,621,598,432,138,280,260,188
215,524,498,376,108,183,169,130
291,702,665,485,130,235,216,162
246,616,586,454,164,358,321,261
216,475,450,341,105,195,185,133
206,515,492,350,156,289,268,187
216,551,526,396,126,265,251,166
259,639,606,446,108,256,233,168
215,530,493,382,174,328,321,229
255,612,576,427,161,276,260,190
238,579,539,378,170,348,325,263
177,434,403,286,147,314,294,233
255,564,533,400,87,156,140,113
274,643,604,472,109,197,180,130
269,594,561,429,125,261,248,205
242,637,606,451,143,282,266,203
180,448,424,302,147,280,258,189
221,537,501,400,117,250,236,174
187,418,401,272,196,397,368,262
259,644,607,464,128,241,226,157
294,691,651,507,125,198,180,130
247,586,547,413,190,396,368,270
213,507,476,322,147,293,284,209
242,614,592,468,148,284,262,194
165,331,308,225,126,224,212,175
238,602,575,424,149,257,242,183
173,363,346,259,129,284,273,207
255,592,561,387,145,287,265,194
172,451,426,314,101,167,159,129
207,397,372,279,122,230,215,149
227,505,480,342,119,279,267,181
244,577,549,375,114,226,209,160
180,479,455,321,134,297,279,203
204,391,362,262,158,338,312,225
248,573,545,404,105,162,152,118
201,462,438,295,96,164,148,100
290,769,736,551,122,240,226,163
239,585,556,417,110,179,169,126
202,527,505,386,151,291,272,217
264,628,594,430,94,227,209,169
226,608,573,439,125,265,250,181
177,345,325,221,81,147,130,89
216,617,581,415,123,245,227,172
197,477,449,363,169,358,334,260
286,638,602,430,147,259,239,163
188,399,376,264,126,266,251,190
177,376,348,270,180,335,309,233
227,548,527,367,161,346,330,243
270,713,680,501,151,304,285,203
214,567,550,396,195,350,332,243
225,568,548,407,107,214,205,150
224,549,531,391,144,268,258,196
255,578,548,373,135,233,214,168
161,376,356,251,155,332,310,231
233,493,469,332,168,326,314,245
247,639,602,462,93,132,118,104
227,613,588,424,138,301,282,212
229,500,473,343,157,308,285,227
279,697,667,496,120,200,180,125
261,729,692,502,114,199,184,142
258,541,503,381,132,298,281,225
207,579,549,417,150,265,252,184
253,606,568,416,131,287,271,206
269,661,631,456,120,265,249,184
281,673,635,465,158,367,350,255
186,464,444,328,125,231,213,175
191,478,454,289,125,240,224,175
205,491,462,318,143,286,276,205
227,565,530,377,119,220,209,144
161,460,437,313,157,275,258,195
250,612,583,444,110,184,168,126
268,630,596,420,149,270,248,177
265,590,543,410,141,249,235,178
288,655,623,459,148,252,235,187
245,546,519,408,104,194,188,150
207,513,489,355,157,306,281,220
260,628,600,455,133,255,242,191
169,417,393,270,133,228,207,167
232,544,510,378,102,162,152,108
265,610,576,411,153,286,266,196
276,597,558,393,125,262,247,186
227,541,513,359,124,262,248,167
245,568,543,409,114,205,186,144
236,626,591,420,150,303,283,193
240,574,542,391,187,335,313,236
253,659,629,460,135,305,293,201
255,632,594,453,122,322,304,221
187,435,405,282,149,276,256,202
225,498,468,345,135,268,253,202
213,572,549,395,147,344,322,242
295,694,661,466,123,214,206,160
248,494,463,357,114,199,186,135
221,608,575,439,159,305,285,211
213,422,389,289,117,226,207,155
167,348,334,260,122,247,226,183
205,479,453,325,143,312,297,226
221,524,497,377,143,283,263,204
210,506,480,371,120,191,171,135
174,430,406,298,154,308,286,181
257,596,568,399,111,196,183,137
223,544,509,373,129,248,231,169
323,803,767,556,139,271,260,180
166,453,428,306,120,215,194,143
180,373,347,254,147,289,271,173
278,567,532,391,154,288,275,189
236,617,586,437,104,155,137,115
272,620,581,434,126,295,275,216
184,466,430,308,127,220,208,153
264,679,651,465,146,256,229,190
253,647,612,438,138,264,244,171
236,606,569,421,101,157,141,106
181,493,468,326,106,163,153,130
249,662,634,466,110,226,209,176
237,551,522,365,99,169,159,121
243,627,603,441,143,261,243,182
253,577,534,385,125,249,231,171
256,581,546,385,166,328,307,215
209,498,480,361,133,215,196,153
265,646,616,432,110,155,140,113
174,417,389,270,131,238,227,179
239,656,621,449,149,329,310,226
233,535,511,362,120,239,224,181
160,450,428,295,183,395,379,283
238,601,566,400,126,232,220,156
177,418,396,290,130,274,257,192
213,602,588,437,124,191,178,141
206,557,534,395,176,305,287,199
184,484,464,319,126,230,218,163
239,616,592,437,175,295,276,206
237,498,461,332,148,271,260,177
168,420,396,253,161,296,279,227
215,431,399,281,148,286,273,202
233,569,544,394,108,228,207,160
210,551,533,383,143,293,279,193
179,442,418,288,156,348,329,247
284,680,644,468,146,324,297,211
177,422,396,270,126,262,247,182
264,684,648,480,164,291,275,204
214,500,475,343,167,356,336,243
170,435,415,274,124,178,157,133
241,613,588,415,149,274,261,207
305,725,677,501,113,168,154,122
230,492,469,323,162,367,352,253
210,534,508,363,145,254,236,175
240,568,537,421,95,166,155,123
200,494,475,363,123,230,215,164
261,621,588,429,113,227,210,147
245,555,527,396,120,229,217,142
276,646,625,458,137,247,234,167
239,612,573,401,116,206,191,136
162,364,340,210,132,209,189,137
231,515,489,328,95,138,129,98
205,548,531,363,148,229,210,172
236,593,566,392,103,220,209,143
228,542,517,347,151,350,330,247
256,601,570,395,95,153,144,112
261,670,637,462,134,310,300,220
288,614,574,420,118,199,181,143
268,669,637,465,98,145,136,99
249,547,521,390,171,327,298,246
286,614,578,442,121,243,228,169
256,570,541,391,121,204,189,146
284,693,659,477,134,233,221,179
261,587,566,413,142,251,239,182
254,637,610,451,137,301,284,191
253,588,561,419,154,316,295,242
237,515,486,364,98,183,174,129
199,454,431,310,146,292,275,210
212,491,467,330,160,337,323,237
252,654,621,434,127,239,224,164
264,616,579,413,131,231,216,195
248,578,540,384,149,259,243,182
227,632,606,460,120,256,240,179
225,503,481,317,129,245,231,168
229,558,533,396,111,208,188,133
200,466,440,323,149,276,262,195
179,372,352,277,135,215,201,162
263,683,657,481,118,266,251,190
234,570,541,389,186,452,423,316
229,507,481,333,117,172,156,117
215,627,608,437,136,243,226,164
280,591,552,398,145,288,270,208
197,503,474,367,134,245,227,179
228,478,449,344,166,273,258,205
181,475,452,312,76,138,125,102
198,434,409,307,138,261,249,185
168,298,276,200,152,363,350,270
195,459,433,333,119,234,217,174
210,496,470,347,150,253,230,174
281,672,637,460,120,236,221,166
260,651,627,460,178,397,377,264
261,597,566,417,149,286,266,216
265,651,614,442,99,200,186,153
231,661,634,446,151,263,246,175
276,651,615,462,144,263,241,191
219,568,549,405,108,167,158,125
203,473,448,325,110,165,149,114
229,614,585,431,146,318,292,249
239,642,603,458,104,194,175,130
248,588,561,402,128,225,211,148
223,553,532,380,149,309,290,223
251,572,532,397,121,260,248,187
189,418,398,300,120,198,183,131
263,564,532,396,174,324,304,218
223,539,510,379,135,261,243,194
186,442,416,282,150,291,273,200
207,409,390,269,130,238,225,183
232,620,597,472,145,238,223,159
274,647,613,460,124,215,199,157
212,500,480,340,137,261,246,183
217,553,527,402,155,265,256,196
237,547,519,361,145,275,260,169
174,401,385,266,124,268,253,187
240,565,541,394,124,286,273,187
179,407,381,254,136,268,249,178
237,534,501,378,168,320,299,212
260,655,630,459,105,235,224,170
254,522,486,360,133,272,253,191
253,691,663,471,129,270,261,214
169,368,346,234,110,216,198,143
235,597,562,445,118,228,213,146
222,616,588,430,113,186,172,135
208,545,528,368,138,252,237,181
219,562,539,385,122,213,196,128
197,489,463,357,152,334,319,267
261,645,611,440,91,152,139,104
224,627,602,436,122,262,242,188
287,618,585,408,119,233,222,170
212,528,498,344,157,272,257,197
217,566,542,386,174,327,310,224
217,531,494,347,111,182,170,129
216,557,527,395,163,301,282,208
277,629,594,435,131,254,236,171
269,667,638,474,112,165,152,117
275,684,654,492,145,283,263,208
189,401,376,287,101,146,135,105
267,721,686,531,96,183,171,120
220,572,537,359,149,281,262,202
200,476,458,348,129,285,267,212
198,436,412,311,115,208,193,135
243,566,541,359,118,273,250,186
202,579,551,386,142,344,318,240
193,382,365,257,170,319,302,234
286,674,649,493,144,279,259,180
189,392,363,267,142,276,266,208
228,448,425,313,152,298,278,187
210,512,486,353,156,283,270,202
227,576,551,405,139,270,256,198
201,509,481,367,94,179,168,124
225,510,482,313,157,308,286,206
251,562,530,359,130,292,273,193
238,582,545,419,164,351,316,245
220,518,490,379,160,323,299,231
159,429,411,304,135,293,280,199
244,605,579,434,126,271,253,191
241,607,588,438,126,285,269,175
217,532,502,372,99,165,146,124
251,647,618,436,170,302,288,201
196,429,402,296,118,191,173,142
245,604,572,414,127,296,280,211
205,440,409,267,185,323,302,208
242,526,500,373,129,261,246,185
249,655,619,451,145,287,271,216
159,411,388,265,130,252,238,170
271,657,618,473,114,259,238,189
234,498,469,352,141,225,202,159
242,635,607,452,116,160,149,115
182,467,440,321,127,264,247,188
208,505,484,342,151,369,353,263
250,598,571,407,119,229,221,175
157,384,365,266,173,351,335,254
237,615,589,444,106,217,203,162
266,628,589,429,162,353,326,249
212,520,500,365,91,142,131,107
285,659,626,460,138,262,244,178
245,561,530,377,137,275,256,202
160,342,328,253,104,187,170,133
261,668,630,476,125,207,194,156
207,498,479,365,118,240,218,170
205,479,458,338,127,254,232,169
189,429,405,272,175,359,339,261
249,591,556,422,126,197,180,143
274,590,554,381,181,349,330,241
275,665,630,455,153,307,281,226
297,742,708,550,134,257,239,182
267,694,658,484,131,239,226,150
286,655,622,450,137,267,248,192
175,396,365,256,142,273,255,181
215,503,481,334,126,237,226,186
210,479,445,323,159,311,292,205
209,502,487,331,118,220,204,151
260,652,622,488,213,486,457,341
190,436,409,302,125,239,225,156
176,366,349,242,115,213,202,169
292,730,704,530,115,242,220,175
181,375,348,225,111,225,220,170
239,538,514,366,112,206,198,148
257,643,612,443,140,260,238,184
272,554,522,388,138,267,250,184
252,599,572,403,175,326,308,231
199,525,508,341,102,179,166,122
204,456,427,311,195,399,380,283
209,457,428,309,109,166,150,111
206,478,454,330,143,297,279,209
203,550,526,383,165,369,340,270
284,681,652,482,118,252,236,177
161,420,401,300,132,295,277,221
232,546,520,393,120,283,268,166
200,523,501,366,144,281,263,197
214,454,424,294,135,322,307,222
112,302,283,189,115,156,138,109
253,673,645,475,162,342,331,266
255,653,621,462,169,377,354,262
255,625,606,430,188,343,317,244
202,441,417,283,135,281,270,198
190,502,479,387,129,276,257,196
204,447,428,292,129,253,237,175
207,529,507,341,86,126,115,81
259,600,569,395,105,229,212,162
273,779,734,554,109,182,171,124
260,628,589,439,164,310,291,207
192,497,474,350,141,253,228,187
197,552,522,384,132,324,304,214
179,302,285,218,183,409,391,262
159,355,332,272,121,244,221,173
247,539,503,387,129,225,206,151
256,726,688,487,104,176,162,113
192,427,405,297,154,300,282,218
269,627,602,459,136,266,249,208
193,536,509,354,105,162,151,111
161,432,404,264,133,266,247,172
229,606,578,427,139,298,274,189
248,588,552,415,132,304,287,201
209,427,399,305,142,257,243,178
209,527,503,360,111,238,223,161
251,555,520,403,152,321,296,217
269,641,602,456,113,210,196,147
199,469,451,328,113,180,167,118
252,652,617,472,130,274,257,215
157,319,290,196,193,376,358,253
203,435,408,292,157,338,320,229
257,599,571,418,120,211,202,164
210,422,391,279,82,126,114,93
260,602,579,424,139,286,271,216
232,601,567,430,110,219,200,154
209,552,533,393,146,249,231,161
197,383,363,270,134,243,232,155
238,548,521,376,107,194,183,147
199,438,415,298,136,258,233,178
168,467,443,343,92,171,158,136
194,464,437,364,122,168,153,124
201,482,458,342,160,341,322,254
223,540,508,384,126,233,216,162
240,580,554,406,109,155,146,113
242,524,487,357,133,264,252,187
225,529,499,354,173,416,388,283
222,490,461,339,99,173,163,123
231,511,471,340,134,263,248,178
218,570,538,396,110,185,165,123
249,650,622,452,118,196,184,138
232,602,580,440,128,254,248,191
234,612,588,425,143,280,263,214
221,525,500,342,151,319,296,218
194,436,421,332,175,378,356,266
211,499,477,336,183,367,345,258
244,633,610,441,115,197,187,133
217,541,518,376,136,258,237,182
183,498,472,322,101,150,136,108
235,560,533,387,125,200,187,141
222,464,439,323,140,265,246,188
282,642,604,442,129,257,239,181
214,500,469,336,87,203,192,126
234,543,523,390,153,325,312,228
296,659,617,468,86,160,149,113
186,471,448,316,122,187,170,133
166,374,347,280,183,359,343,250
201,525,501,380,132,256,240,184
204,503,480,348,129,272,258,182
253,566,528,371,166,321,300,227
269,730,691,486,121,276,255,193
213,585,551,380,136,280,258,214
217,573,537,424,154,256,242,190
194,486,465,354,119,214,200,143
236,571,552,441,124,227,216,168
241,638,611,441,103,157,149,107
252,714,685,497,115,183,172,130
193,378,366,272,132,252,236,186
199,549,523,389,124,237,224,175
192,458,439,290,139,255,238,173
275,764,731,542,156,275,265,213
191,467,442,307,140,265,248,197
261,637,612,466,121,222,214,161
200,546,520,382,108,193,177,130
186,466,445,314,139,234,221,174
269,634,603,447,115,175,163,130
239,575,553,438,169,381,359,279
246,598,569,383,185,404,383,271
243,669,634,451,161,309,281,197
207,483,457,328,109,241,228,186
236,573,543,405,153,287,269,195
257,559,519,374,121,233,217,152
187,453,425,329,131,264,249,172
277,633,609,440,104,158,148,115
229,523,491,350,139,361,344,267
214,491,471,342,145,276,265,176
232,621,594,421,107,191,181,135
238,603,573,433,173,348,325,246
225,640,618,445,109,193,184,137
211,425,396,271,160,270,250,193
178,394,370,245,172,325,306,206
287,743,709,534,155,315,295,217
227,601,569,443,86,177,164,121
217,501,466,311,157,255,232,181
226,529,498,384,145,325,308,243
196,507,480,352,182,347,317,230
220,554,524,388,97,204,189,146
261,668,636,476,125,229,217,145
186,394,372,265,103,162,148,109
229,561,539,387,118,252,239,161
188,411,378,265,126,256,241,194
185,537,507,368,140,280,257,189
272,675,645,456,172,328,311,239
234,625,601,432,139,275,260,191
155,310,291,229,156,254,231,181
235,576,544,393,125,220,204,152
203,528,495,378,126,238,225,161
238,499,467,315,101,196,191,137
198,429,403,285,131,211,195,158
276,649,611,444,154,303,282,220
197,433,409,311,166,294,277,205
236,568,530,389,150,313,291,230
165,393,371,259,122,221,210,148
283,686,654,522,119,224,212,154
218,471,441,308,130,230,218,160
253,622,579,446,105,169,156,133
205,490,457,336,123,246,232,184
210,513,487,376,91,173,160,123
176,408,385,274,140,282,269,189
247,552,511,368,180,417,401,286
272,656,618,458,120,183,169,124
189,503,476,338,130,204,180,145
246,549,520,370,125,223,204,169
249,615,591,426,114,253,243,178
198,391,368,264,129,268,253,193
183,390,367,266,113,206,186,136
257,540,510,362,157,305,284,202
250,663,627,458,129,253,233,190
197,509,490,334,151,271,257,190
270,664,640,499,193,379,360,266
212,536,513,358,150,302,279,188
241,600,572,407,161,294,270,199
255,563,538,393,179,393,376,270
190,475,455,326,141,302,288,225
196,412,389,290,138,263,244,167
292,761,730,527,116,195,181,141
264,587,557,410,143,266,250,183
263,649,622,458,116,221,203,167
228,495,463,360,154,286,265,215
218,506,482,342,137,275,260,194
261,560,539,424,123,195,179,127
262,764,733,541,114,235,216,160
264,667,635,461,155,333,317,245
224,573,547,392,142,213,192,142
180,458,435,329,126,241,226,155
127,275,262,209,157,267,253,191
173,371,342,256,136,301,277,232
280,636,596,443,136,196,174,141
199,486,462,337,160,387,372,254
163,376,356,250,140,283,266,204
252,558,529,371,102,209,195,125
237,683,659,475,113,215,204,151
256,650,613,443,147,333,312,251
310,728,691,535,104,201,185,132
280,703,666,477,150,294,274,220
211,524,497,357,129,231,206,172
182,433,405,294,124,264,242,162
238,610,576,415,152,249,230,172
231,580,552,384,123,202,189,145
206,501,484,357,142,245,227,163
276,642,611,481,113,247,236,161
195,487,453,351,135,304,288,203
289,707,666,519,86,153,139,110
248,652,620,460,101,201,195,128
171,482,463,360,119,189,176,134
239,582,555,366,115,210,201,133
276,612,578,406,151,312,291,210
232,497,466,344,105,194,182,153
205,402,387,291,138,244,229,176
183,417,387,280,126,271,256,194
244,673,633,483,118,234,210,155
220,516,484,353,124,177,161,142
239,559,541,390,163,352,335,254
206,492,477,356,174,304,283,209
178,475,461,352,123,252,239,162
216,569,540,374,111,222,207,135
159,380,359,261,107,215,202,154
185,451,432,345,96,186,171,132
196,476,451,327,131,221,202,152
213,481,454,339,124,243,232,156
300,735,694,498,157,337,320,238
197,406,381,289,136,284,262,198
216,570,548,389,175,339,320,237
182,453,431,318,118,219,206,163
216,597,563,389,137,274,265,199
242,611,587,433,154,308,292,211
202,531,507,375,140,247,233,158
241,541,510,370,143,321,294,223
184,432,416,294,87,163,151,103
241,615,592,442,141,288,264,200
219,524,501,374,175,353,336,254
259,667,640,457,132,229,213,161
240,559,522,395,99,203,189,131
262,588,547,402,156,338,321,236
278,731,702,531,182,415,394,282
254,592,556,405,106,204,189,145
194,421,394,285,125,231,215,165
174,426,406,269,109,172,160,127
186,427,396,271,114,221,205,157
252,636,606,439,147,281,265,190
171,389,371,295,120,212,197,153
222,550,525,383,129,219,203,158
236,609,579,419,122,234,225,166
205,465,444,300,146,304,288,213
238,532,499,338,98,143,124,102
179,383,358,246,118,245,233,177
258,586,557,406,131,291,275,199
248,712,669,542,146,321,304,227
248,567,542,406,192,372,347,260
248,650,630,454,149,314,300,216
253,600,568,436,189,436,419,309
244,653,620,448,91,157,148,114
235,622,592,452,108,207,201,140
279,699,662,506,118,229,219,175
247,618,591,443,112,230,215,184
231,629,604,474,151,312,289,215
183,413,387,288,120,196,180,148
204,513,483,353,106,174,161,124
249,616,581,414,207,439,410,305
265,655,625,438,119,241,228,183
205,514,494,372,128,289,265,198
188,536,513,367,72,109,99,77
202,434,412,298,132,331,316,253
253,538,504,367,128,264,242,184
207,506,485,316,149,268,251,183
266,714,686,500,144,299,288,211
241,582,551,398,103,178,160,120
284,695,656,461,138,265,249,191
171,350,328,232,79,150,139,109
230,515,491,336,132,273,258,196
253,664,629,488,159,344,323,253
294,701,659,482,178,319,289,226
197,477,453,350,122,209,195,148
203,449,424,319,148,361,337,275
271,657,631,479,128,257,247,164
225,559,536,425,128,252,241,173
211,532,513,356,138,241,220,167
239,585,556,420,124,247,233,162
193,410,383,280,159,293,265,189
176,474,447,347,125,286,271,210
221,583,556,401,105,147,131,100
176,380,365,260,114,197,184,143
189,433,403,292,124,193,179,137
241,551,528,362,149,329,319,237
237,667,643,484,139,279,255,192
211,582,561,384,165,369,355,273
235,518,491,352,112,167,161,129
206,549,530,391,145,246,226,179
252,643,619,466,164,317,296,224
231,592,562,425,176,396,382,289
266,649,614,449,132,249,234,180
214,485,466,341,101,152,140,111
190,410,383,265,101,177,164,138
174,328,311,235,171,372,352,255
201,524,501,346,131,218,205,161
260,626,591,433,107,178,161,137
218,479,447,336,122,238,231,187
261,660,623,458,139,271,256,195
286,725,686,499,118,233,212,159
226,647,621,474,135,276,258,186
198,437,408,301,136,271,251,205
225,571,537,400,113,268,256,190
190,499,478,340,133,276,255,190
238,644,617,437,140,285,267,193
282,660,626,482,163,290,272,200
228,476,448,331,179,381,354,247
260,550,522,374,108,187,168,126
279,632,593,434,94,156,146,108
237,645,612,430,136,230,211,158
202,477,456,310,122,221,200,145
205,525,499,341,101,176,167,117
252,656,624,472,136,259,236,170
251,643,619,471,120,250,234,174
203,473,449,307,121,212,201,147
207,528,498,342,122,225,208,150
229,485,451,314,116,221,204,163
193,576,552,406,155,343,324,232
321,692,651,479,120,224,212,148
247,664,636,484,89,151,144,112
233,506,476,353,141,312,296,220
284,673,638,453,154,331,321,238
196,430,411,306,186,368,345,258
213,515,489,348,98,185,176,138
239,596,575,454,153,275,256,199
230,568,549,412,152,314,291,234
193,515,494,360,124,186,166,136
197,508,485,332,131,229,212,152
172,354,330,234,152,285,268,207
200,478,453,336,95,146,135,99
297,797,764,576,148,277,254,194
218,559,534,379,125,259,247,198
243,577,554,394,103,174,155,122
236,538,510,363,109,255,239,179
277,768,735,582,148,250,231,183
288,682,647,468,136,265,247,187
266,588,550,390,105,239,223,179
181,365,353,243,158,307,280,236
188,463,440,337,130,256,240,172
190,497,473,346,126,240,229,169
215,580,557,396,134,252,236,168
214,485,465,323,112,218,198,156
224,533,505,359,117,222,206,161
203,582,555,390,143,239,213,157
239,547,520,366,139,243,229,155
194,509,487,351,140,234,221,166
216,538,514,353,161,343,316,247
257,623,600,431,136,254,236,179
225,588,556,392,122,211,196,145
180,370,349,256,132,293,277,207
219,493,475,345,116,213,204,133
256,535,499,375,87,153,144,107
185,410,374,248,147,297,279,208
212,458,428,289,123,253,238,183
254,584,551,421,139,286,264,190
293,697,655,472,157,326,314,234
259,590,555,398,150,260,240,179
214,500,483,330,115,229,220,140
272,644,610,450,133,238,221,149
180,429,401,294,98,192,183,144
245,514,486,366,107,191,178,142
204,506,488,345,123,246,228,163
216,499,467,345,128,255,236,175
249,679,653,432,136,290,273,186
195,381,359,261,158,333,311,222
217,537,509,370,94,140,129,104
233,553,525,348,142,252,236,191
255,666,635,458,123,235,220,148
230,527,497,359,127,242,226,167
207,479,449,304,148,335,314,265
281,729,695,513,149,255,232,165
234,563,533,379,133,254,237,163
182,439,418,285,117,246,231,157
205,502,471,335,125,227,218,165
278,637,603,453,148,295,277,202
251,628,598,478,150,321,303,236
211,538,511,354,99,140,120,92
257,522,491,347,168,319,295,222
226,537,509,369,131,287,266,202
234,637,608,450,160,315,297,199
210,544,515,364,119,231,215,160
169,363,338,230,121,218,202,168
172,396,375,276,128,235,220,160
211,459,434,311,148,304,280,206
288,642,602,444,121,237,221,158
194,462,448,299,142,264,249,187
247,605,580,447,149,296,269,215
281,702,663,484,120,248,230,155
313,739,701,525,107,194,187,139
214,529,496,377,157,295,271,219
239,630,599,447,128,276,261,185
246,635,606,431,161,319,293,218
119,241,223,176,114,198,185,143
236,572,540,388,92,169,156,123
270,632,604,496,118,238,222,169
163,337,313,222,119,250,234,174
232,570,549,408,128,280,268,185
205,478,453,308,154,303,281,200
229,560,530,371,138,222,206,150
198,456,429,306,136,306,286,198
188,472,448,316,166,306,280,212
243,668,648,441,145,262,241,176
265,593,549,397,172,359,337,249
258,559,523,366,126,303,283,210
173,518,492,367,114,190,171,145
229,546,510,370,168,301,286,203
216,496,465,354,191,466,447,326
223,526,502,362,115,226,210,166
192,461,429,304,123,271,261,194
204,498,472,346,122,246,234,186
253,596,568,396,95,166,148,119
140,346,325,220,131,246,234,167
265,715,679,498,116,217,202,145
215,503,478,311,153,315,292,213
247,557,529,386,139,305,288,211
247,565,535,397,133,292,284,207
190,431,409,325,74,113,101,89
226,526,491,367,160,292,270,201
244,509,476,349,139,287,268,201
228,527,498,345,177,375,346,255
178,454,436,318,156,285,265,192
254,610,575,434,128,197,187,145
175,464,442,307,153,293,277,205
212,458,430,302,141,268,247,171
170,380,359,270,144,298,274,226
171,346,320,249,130,226,215,175
224,527,496,379,173,366,347,255
211,470,447,323,128,207,189,137
209,456,436,324,148,298,287,210
193,449,420,263,152,301,281,190
286,680,645,491,98,171,160,129
241,581,550,383,157,296,275,206
220,529,500,393,145,267,254,183
228,610,577,412,90,138,129,97
169,415,395,258,154,294,272,222
213,426,409,296,103,213,198,135
242,541,508,367,165,310,284,222
261,612,578,420,122,216,205,137
232,585,551,402,121,205,188,143
281,644,613,456,124,255,240,158
196,415,387,253,112,170,157,123
249,607,568,396,164,335,313,247
205,491,469,333,148,321,307,227
189,484,460,369,137,293,281,219
249,658,618,453,94,183,171,137
202,391,373,280,139,282,270,206
298,724,682,509,148,296,280,198
187,390,367,263,133,263,244,166
275,527,484,380,135,319,306,233
258,617,579,423,114,198,187,148
205,413,397,308,133,237,213,165
223,544,511,405,173,347,324,231
242,648,629,505,138,278,260,204
176,400,381,260,141,263,239,183
256,715,679,505,145,277,262,189
292,720,686,520,105,197,188,160
127,227,212,150,133,218,204,164
184,396,376,255,123,278,260,191
207,532,511,398,112,235,226,169
220,518,477,340,160,335,313,232
224,498,466,312,95,162,153,114
262,626,586,427,159,318,291,231
262,646,617,462,173,363,340,256
198,570,543,392,104,175,158,127
222,629,596,442,138,306,286,186
156,452,429,315,137,201,180,138
258,622,592,408,122,237,222,168
212,545,519,360,137,215,199,154
225,531,508,370,143,281,258,203
237,595,562,413,117,215,200,163
259,599,571,437,115,185,170,131
257,648,608,472,109,240,225,162
201,443,411,297,149,259,238,165
256,629,583,447,134,298,282,190
255,688,659,467,130,187,168,125
243,590,561,422,132,224,211,177
200,512,489,344,126,195,181,134
244,607,574,403,127,274,259,192
203,506,487,327,113,196,181,148
230,574,541,397,136,248,231,172
201,459,435,325,87,119,105,86
194,502,483,345,161,295,277,214
211,505,478,346,121,220,201,151
230,558,531,388,115,229,212,154
262,579,552,410,150,331,310,220
172,345,325,215,137,312,298,211
174,487,471,323,151,303,286,215
196,502,483,351,187,382,366,288
240,523,498,346,122,234,216,150
243,620,597,429,167,325,313,248
264,645,614,454,151,327,305,230
203,483,458,346,101,201,184,141
215,453,424,310,108,221,208,158
223,580,547,361,156,309,295,202
309,746,697,504,129,222,208,155
229,465,435,319,130,281,263,199
183,420,398,280,123,203,193,136
223,538,513,400,143,274,262,184
191,478,456,310,96,137,130,104
210,464,440,319,135,263,245,178
254,729,707,518,112,181,172,142
268,688,655,444,144,269,255,189
158,368,343,246,173,324,303,232
253,576,550,406,136,188,173,127
241,546,510,380,103,163,154,125
254,569,527,424,108,174,166,128
228,586,556,419,116,216,196,161
220,537,514,367,129,294,277,204
242,580,548,387,151,239,221,168
263,610,575,415,110,169,152,135
269,657,629,480,121,209,199,147
216,513,489,348,110,194,179,140
212,527,498,365,159,347,329,237
207,503,468,343,99,177,165,127
213,488,459,338,102,173,163,114
188,414,382,268,105,193,181,138
256,574,543,418,163,308,289,226
214,452,426,325,133,276,262,199
296,718,684,501,138,289,273,223
231,562,530,410,123,209,195,165
209,532,501,355,149,299,282,222
214,473,443,322,132,276,260,207
216,513,483,350,115,180,167,121
278,618,586,437,140,299,275,207
221,598,573,416,90,154,147,110
239,608,580,419,141,251,231,185
188,470,448,317,135,222,206,158
207,604,579,414,162,378,362,281
198,518,487,333,129,281,264,207
239,602,562,395,149,368,344,248
226,563,536,393,107,199,185,142
232,557,522,371,106,217,208,173
300,754,714,533,127,208,191,142
188,492,467,360,117,221,210,164
274,684,652,472,127,220,204,164
203,478,447,326,140,266,245,185
219,493,465,369,115,225,215,163
295,747,702,512,142,262,245,183
281,627,594,427,144,308,286,195
295,669,639,450,123,249,228,172
287,718,679,502,137,236,221,157
234,462,443,296,123,231,218,171
301,709,674,487,170,349,319,241
162,397,375,270,127,309,295,223
216,496,470,344,148,366,341,250
179,416,399,287,183,410,386,307
201,450,416,322,112,193,179,151
235,504,476,333,119,202,192,152
203,522,494,351,126,225,216,174
229,547,527,368,154,358,339,276
245,567,538,386,137,300,280,215
211,421,396,274,129,216,200,143
242,544,510,384,122,242,232,168
236,513,479,333,170,346,323,242
231,570,549,364,159,353,336,259
227,536,507,365,154,297,276,232
212,528,503,367,120,212,197,147
169,432,408,268,102,165,156,122
230,578,549,412,160,318,295,233
217,554,531,388,164,343,328,241
229,518,498,371,117,236,223,170
217,464,444,302,137,322,307,255
190,480,455,322,164,331,307,245
219,610,587,440,145,262,247,184
171,398,372,267,124,245,234,163
215,551,526,388,140,305,291,199
227,527,502,389,107,252,237,167
241,568,539,378,151,259,243,181
203,452,432,317,127,256,238,183
208,490,471,349,116,232,218,187
219,501,474,338,168,362,341,265
170,414,397,285,117,223,205,138
243,576,544,390,141,204,188,145
282,718,685,506,133,254,243,178
225,495,471,352,143,309,295,212
242,616,584,425,141,257,245,184
185,503,483,360,101,195,184,144
231,524,492,364,127,281,260,190
279,670,633,460,170,387,362,261
199,490,465,354,112,212,202,140
223,499,467,358,155,343,326,241
273,732,700,519,124,241,221,160
212,519,492,359,104,180,168,116
214,506,480,352,148,280,254,223
208,470,449,298,140,281,267,192
240,553,520,395,146,237,222,172
241,469,442,318,140,300,283,210
199,546,521,362,154,342,317,229
240,641,619,476,143,224,208,178
233,546,525,367,169,349,322,236
284,690,642,485,150,267,247,171
232,549,526,393,192,402,378,281
244,699,673,456,148,321,309,248
225,598,575,412,128,247,227,172
211,538,524,353,165,295,271,227
242,619,589,414,128,278,267,208
227,584,546,413,129,263,244,194
262,628,596,449,146,332,324,228
172,424,399,296,125,226,206,160
233,590,551,400,119,219,205,167
315,806,764,562,115,222,207,158
259,588,555,397,135,250,234,189
157,413,396,265,109,207,192,148
221,506,474,375,120,206,193,146
279,705,676,500,107,192,179,141
174,410,387,268,145,256,242,188
232,542,515,395,138,264,238,180
197,469,452,354,180,352,331,248
175,409,379,287,144,261,244,177
256,665,639,465,102,174,167,107
245,560,530,390,127,203,183,146
261,562,532,396,152,323,301,245
161,284,256,204,129,332,319,255
250,603,570,408,137,273,256,194
238,592,567,432,72,104,95,78
236,574,550,391,91,150,137,104
220,487,459,347,165,294,271,217
233,535,513,368,98,161,150,117
204,466,442,315,181,373,344,259
197,461,438,321,117,204,192,146
249,599,573,412,146,287,262,204
214,607,588,438,121,254,238,162
254,652,623,462,142,276,258,196
263,590,559,410,153,328,306,229
252,675,644,458,138,241,223,171
256,503,476,330,116,233,221,152
217,558,533,419,191,387,366,267
211,501,479,323,119,180,161,129
242,662,626,457,80,128,122,91
239,557,526,402,138,252,233,186
213,463,429,296,105,166,153,123
251,645,608,447,150,333,310,227
187,478,459,335,155,349,325,230
232,693,668,480,141,294,275,216
197,524,505,361,135,243,225,174
238,487,465,332,144,257,235,191
244,539,512,383,144,339,318,241
207,504,478,345,136,245,228,161
252,593,567,411,114,193,178,149
187,481,442,369,113,188,173,144
152,341,314,245,136,256,234,180
201,516,493,383,102,194,187,151
246,557,520,354,174,388,371,271
208,376,354,262,126,256,247,163
232,525,495,378,134,237,222,172
215,456,429,307,142,238,223,172
252,582,551,424,111,229,216,137
246,589,554,425,163,362,335,239
229,514,492,360,115,199,185,134
252,603,576,410,166,357,348,242
255,706,675,503,119,222,205,146
241,617,587,448,120,223,210,147
196,427,396,288,145,249,236,171
182,428,402,310,136,259,250,195
218,544,519,374,118,195,181,139
171,418,399,297,139,250,231,184
205,494,471,336,139,236,229,167
224,552,529,388,132,355,338,255
181,412,385,286,112,212,197,145
214,553,529,374,133,214,200,148
229,595,561,428,115,192,181,135
230,553,531,416,112,203,187,138
236,622,597,465,157,277,260,188
208,465,445,338,106,177,154,132
225,491,458,331,123,196,179,139
308,700,660,485,120,270,250,198
222,590,563,424,156,268,253,186
185,464,442,330,144,275,250,188
269,715,685,499,141,292,277,202
268,605,570,419,103,165,152,119
268,584,544,381,123,245,231,197
194,453,429,280,129,234,218,181
170,385,366,257,146,292,270,209
199,468,430,309,103,171,155,110
222,494,476,355,169,329,308,253
159,397,371,267,170,336,316,228
212,568,535,387,127,212,199,149
207,555,528,380,88,143,136,103
220,481,454,324,133,224,208,156
289,689,646,486,163,293,274,213
197,494,458,337,162,351,331,241
201,494,475,330,154,348,331,246
221,465,432,299,124,231,219,172
259,608,581,427,168,284,261,195
202,440,415,299,103,221,201,148
210,552,526,360,114,260,245,200
237,572,547,411,104,168,155,123
214,474,447,320,144,265,246,195
266,693,666,511,96,178,163,138
227,530,507,375,148,315,295,221
230,634,605,427,138,299,289,206
247,707,672,483,135,242,225,157
257,571,540,395,176,324,310,237
237,622,596,426,95,179,170,119
212,499,468,333,116,205,187,153
251,602,562,383,103,185,170,128
266,621,584,419,164,307,296,223
215,562,532,399,105,189,174,129
258,656,635,491,152,363,339,250
227,579,551,396,174,371,348,279
188,403,373,302,110,231,215,178
261,602,571,408,119,205,191,121
219,489,461,352,112,195,184,131
259,614,591,422,174,355,341,244
279,624,587,459,122,233,224,177
246,646,625,462,116,211,203,126
256,705,668,510,120,216,206,159
206,468,437,313,169,361,334,251
222,526,499,379,116,275,260,189
246,610,579,425,88,161,151,112
199,436,414,301,191,319,301,232
274,682,649,480,159,315,304,206
283,752,728,540,132,269,251,172
196,479,457,321,131,273,257,194
161,465,443,339,113,231,217,161
163,291,271,212,132,233,216,157
240,663,637,467,118,235,223,155
236,571,540,397,171,335,317,238
200,517,492,343,133,273,256,190
230,550,520,368,156,287,275,194
247,564,531,378,137,231,218,165
229,556,530,379,166,359,341,244
249,630,593,453,156,345,327,238
251,613,579,435,143,246,232,182
197,442,421,284,121,211,193,139
223,605,579,462,151,280,265,205
215,535,512,372,157,382,362,278
198,496,469,358,130,228,212,157
285,704,671,506,121,218,203,148
203,450,422,310,110,190,176,142
204,506,478,335,193,391,368,266
193,499,473,357,116,201,187,143
200,539,513,359,136,212,191,145
191,431,409,290,141,202,187,143
284,607,577,392,118,223,209,153
205,489,465,329,107,186,180,134
258,616,587,443,159,300,283,223
207,558,535,378,109,185,166,139
200,482,462,331,107,208,199,140
192,472,442,319,124,226,214,161
244,651,619,479,96,172,161,139
232,594,572,422,148,287,273,212
247,500,466,362,133,283,266,203
175,466,439,304,160,332,324,256
204,470,445,341,137,252,237,181
184,428,400,290,138,252,230,172
284,687,652,479,134,246,225,179
219,502,468,334,115,215,204,140
201,452,425,299,197,366,344,243
221,487,465,344,118,278,266,180
272,659,632,451,121,202,186,144
262,611,585,429,143,261,245,165
206,455,434,313,133,265,239,203
213,554,526,398,116,241,219,168
230,637,604,444,121,284,269,202
212,484,455,356,117,243,233,151
182,476,447,317,158,321,299,205
195,500,462,364,173,396,370,299
191,454,430,301,172,380,368,278
231,672,646,473,120,203,187,146
173,416,396,287,137,269,247,197
234,563,535,386,139,244,229,167
239,534,510,367,110,215,195,145
196,497,469,333,115,204,192,153
296,715,678,475,121,286,260,179
287,680,651,466,126,265,249,192
259,674,644,498,120,185,175,140
197,490,467,345,122,267,256,188
278,753,716,537,132,330,305,230
194,376,358,255,137,283,265,195
192,419,395,248,132,241,224,165
245,487,449,330,110,164,145,106
239,640,603,429,135,289,279,218
310,713,680,519,141,290,273,203
264,735,711,531,133,328,314,244
269,675,642,471,146,292,275,207
261,575,539,424,122,249,236,185
210,528,511,374,126,315,296,223
176,402,381,286,121,305,284,217
265,708,670,513,147,280,265,183
252,668,634,488,128,260,243,183
264,606,571,402,156,358,329,240
178,462,434,290,175,335,311,241
230,562,534,369,143,323,307,210
266,729,693,513,140,245,229,175
167,456,431,327,112,198,181,127
250,630,595,447,137,277,262,199
245,573,540,418,187,332,319,245
222,488,453,319,122,226,215,150
224,497,461,315,128,235,220,174
247,594,565,416,97,199,192,171
269,604,569,419,138,219,203,157
181,367,348,252,107,194,172,144
249,617,588,453,144,280,269,237
254,641,607,419,109,211,196,155
166,404,381,261,128,238,218,178
211,501,472,331,138,302,290,198
210,598,567,396,132,262,242,192
261,604,567,404,150,271,253,182
198,505,478,331,150,272,249,174
218,534,512,360,136,213,197,152
219,466,431,340,108,190,174,137
243,594,567,402,154,287,263,194
244,582,553,385,161,360,335,239
228,604,574,418,128,236,220,166
215,483,453,340,129,252,240,173
223,527,502,352,153,303,277,212
187,425,403,293,111,224,213,171
205,518,489,350,135,262,249,175
279,754,719,517,139,317,301,224
274,696,674,496,124,249,227,174
220,496,472,353,143,244,224,172
262,626,597,449,125,240,220,171
241,559,530,387,126,247,228,169
234,547,517,382,132,212,193,129
235,602,560,413,140,253,235,196
230,629,597,469,151,357,344,262
232,611,581,428,127,264,241,181
152,417,402,291,161,315,295,237
247,515,484,340,156,345,326,233
221,482,450,319,149,279,268,188
286,662,636,477,152,331,309,244
215,545,520,367,135,273,250,199
231,541,519,395,132,262,245,187
225,565,539,398,175,318,297,244
259,580,557,394,153,294,283,216
189,489,460,341,135,236,222,168
247,629,598,427,111,240,227,162
213,527,494,345,133,328,319,249
236,615,589,410,126,235,226,172
239,611,580,438,142,331,317,213
211,574,552,409,126,297,283,216
188,469,443,348,164,320,298,223
212,561,536,404,141,306,289,201
261,645,613,463,138,244,221,163
233,587,554,436,158,311,296,222
204,485,465,344,152,278,257,203
216,485,455,329,115,213,199,159
280,724,690,497,87,125,117,87
241,553,525,398,166,339,318,267
239,619,596,444,114,252,240,176
196,390,364,257,129,207,193,143
228,593,565,414,146,258,233,183
177,427,401,325,101,162,149,107
225,563,534,382,112,216,210,158
211,598,570,459,146,237,220,156
213,491,456,334,139,272,250,197
202,557,524,374,104,161,143,116
240,524,493,378,116,250,232,183
200,466,448,311,142,232,216,160
240,614,574,408,120,192,179,134
223,583,555,406,116,229,209,137
247,534,508,360,157,365,353,281
233,610,588,440,104,172,161,124
204,451,421,303,114,214,203,161
235,633,604,428,153,296,281,205
299,718,679,498,155,289,272,198
239,561,530,372,145,340,322,238
272,706,677,499,112,241,231,165
275,663,635,473,137,246,230,171
187,373,356,258,111,247,236,161
242,591,564,430,131,248,229,181
211,397,371,254,93,128,117,93
191,439,413,302,125,269,255,203
263,670,639,487,155,299,281,211
226,580,555,407,164,335,316,240
174,392,376,294,138,246,224,186
226,508,491,345,112,177,166,136
172,427,414,305,107,165,148,126
292,702,665,481,124,250,234,184
248,539,496,372,94,133,117,92
189,377,354,257,148,286,261,212
221,500,480,344,137,319,298,219
251,665,638,470,134,267,255,197
206,555,531,373,137,286,275,200
206,517,489,340,112,232,221,171
216,593,566,429,148,271,250,189
251,601,569,416,126,227,215,165
302,781,752,557,129,260,247,190
235,616,582,433,103,161,147,108
219,559,534,412,125,243,224,154
166,392,370,260,163,322,303,212
273,632,601,406,174,389,367,272
253,574,548,408,107,194,181,119
208,507,485,379,137,295,279,219
237,567,539,381,106,204,193,160
229,541,511,382,144,235,215,175
234,607,571,431,137,256,236,179
247,551,525,408,177,386,363,260
270,681,649,495,146,272,256,185
184,370,348,224,122,246,229,161
238,564,535,396,136,263,245,179
178,450,434,326,111,197,190,151
217,531,499,365,139,233,216,162
207,573,548,427,110,240,225,179
287,770,732,559,127,235,215,182
180,455,436,328,152,264,251,205
216,523,501,379,133,277,258,199
209,526,492,374,108,150,141,111
182,463,444,311,124,195,175,130
208,489,452,331,167,302,284,207
144,375,359,271,131,222,205,147
251,587,564,410,119,237,225,169
152,388,372,257,117,230,210,146
243,587,563,393,123,217,197,153
238,552,520,361,131,283,267,183
201,422,389,288,119,247,225,152
240,603,574,427,99,157,146,118
286,602,567,410,120,284,269,175
217,475,442,333,74,129,116,96
239,691,664,517,109,193,174,123
174,423,403,271,150,318,300,220
204,403,375,267,133,290,271,203
241,544,522,389,158,316,291,210
174,449,429,341,167,333,308,230
224,466,444,300,116,203,196,146
184,436,415,288,167,335,315,232
195,408,390,283,177,340,316,228
217,537,509,370,142,284,261,213
216,535,508,362,110,220,203,145
256,655,621,459,133,219,206,159
311,662,633,463,104,180,164,135
237,507,484,353,152,285,273,204
213,456,438,335,98,181,169,135
255,579,546,399,119,207,193,138
236,587,563,390,135,292,278,191
198,377,352,258,110,225,210,147
201,495,472,335,128,257,240,184
206,448,423,332,121,230,208,163
219,487,462,347,140,294,280,192
214,532,499,359,116,213,194,173
254,569,540,382,158,354,337,243
210,641,611,465,125,223,200,151
240,517,480,344,109,216,206,157
224,561,531,394,144,307,288,222
287,657,622,451,147,261,245,172
202,511,489,361,102,198,183,141
277,740,709,527,126,210,198,144
257,557,519,389,157,329,307,216
210,478,448,318,127,258,250,184
250,520,498,342,156,348,323,257
283,688,655,448,111,143,129,100
229,575,548,404,154,323,299,236
228,497,468,387,100,219,205,154
171,350,322,225,138,258,241,177
250,605,579,453,139,216,199,153
179,415,394,297,104,196,179,134
214,488,466,333,166,366,345,266
202,439,415,294,131,285,269,200
225,589,559,402,124,241,227,167
199,521,490,352,165,347,329,244
268,642,610,437,111,221,206,137
140,312,289,191,103,191,175,130
253,601,566,421,137,216,199,149
215,490,464,357,134,260,241,183
209,530,503,343,106,227,213,152
227,526,492,336,104,149,136,108
187,452,436,292,136,282,258,206
275,667,635,438,176,340,314,222
201,514,492,337,114,211,191,151
212,468,444,308,153,356,340,253
254,615,581,441,128,252,239,161
190,468,450,320,166,324,303,224
240,631,593,448,141,322,306,222
245,567,543,379,141,274,260,177
195,441,424,329,157,335,314,225
251,647,612,436,143,300,280,223
244,632,594,437,138,273,257,191
230,568,538,394,160,341,321,242
228,552,531,412,144,291,273,208
226,552,521,361,132,230,211,154
224,517,485,371,106,231,215,163
198,424,409,281,174,295,278,200
246,665,641,470,142,304,284,184
237,679,655,486,103,168,152,130
210,454,429,315,163,357,337,237
246,629,601,452,124,238,223,156
208,584,558,432,102,199,180,138
233,600,563,423,140,281,263,201
192,493,474,344,129,220,208,172
176,425,404,287,120,282,275,214
214,531,504,377,125,251,235,178
215,486,459,348,109,207,193,152
168,372,351,250,104,185,173,128
229,538,507,361,128,306,296,212
256,619,588,429,127,250,238,172
218,538,514,375,129,295,277,219
132,357,339,226,104,225,209,147
224,533,499,332,112,191,179,144
259,680,648,494,111,186,177,140
256,664,633,495,143,243,226,168
260,618,585,421,115,196,179,127
264,641,607,426,113,245,237,168
157,336,315,235,116,207,191,149
195,444,423,313,107,184,174,140
219,526,498,369,92,171,162,111
274,624,588,419,128,260,246,189
233,615,592,434,145,289,274,203
318,689,646,462,130,246,237,179
200,521,495,338,138,221,205,168
208,530,497,362,118,224,207,150
265,691,664,476,163,318,292,220
184,412,390,258,150,318,297,196
266,699,667,486,189,343,320,238
223,553,527,395,140,268,250,189
235,518,484,333,151,340,317,240
224,536,511,374,92,141,130,102
269,601,572,411,123,269,255,198
238,631,602,443,128,267,255,197
242,636,615,474,157,306,286,200
243,639,589,440,124,222,203,157
208,472,454,297,106,252,234,176
266,561,528,386,127,239,228,173
188,464,445,331,157,312,297,226
233,568,538,418,160,302,283,197
165,391,377,262,108,211,203,176
226,573,545,399,94,192,180,144
204,497,475,347,142,292,275,189
262,689,661,501,170,315,300,234
207,520,491,350,158,297,276,221
272,641,596,434,136,254,227,177
251,649,620,439,150,287,268,204
251,540,507,391,135,311,287,195
239,600,562,393,130,292,273,194
192,436,408,333,128,214,195,140
174,400,376,262,133,292,275,200
210,445,413,283,143,309,293,216
265,663,639,457,157,317,294,228
278,653,617,463,99,194,181,145
211,526,504,318,152,282,272,181
180,435,417,284,121,158,139,105
274,728,704,501,159,310,290,226
198,521,493,379,133,248,228,178
195,439,413,294,84,134,124,100
172,395,372,234,158,385,364,289
245,560,529,392,110,194,179,127
235,570,549,399,84,128,115,100
264,671,641,472,127,267,250,189
224,507,483,361,119,260,246,191
184,501,473,361,147,265,245,185
214,481,442,329,109,220,207,127
232,519,491,383,147,271,260,203
267,661,614,454,108,184,168,137
183,490,467,341,118,206,200,154
228,520,496,354,134,230,212,147
239,521,495,367,120,213,192,144
283,745,706,548,138,321,301,219
205,431,406,302,107,202,188,119
261,587,553,414,180,342,327,224
213,533,504,348,127,231,218,148
235,598,566,410,133,231,211,179
236,585,558,412,113,196,178,141
298,792,754,540,123,186,173,129
165,448,428,305,129,260,246,189
255,566,530,411,155,268,255,187
228,533,513,403,116,198,188,136
217,548,513,358,170,304,288,215
248,608,574,401,178,313,289,210
253,635,610,454,146,336,320,251
147,386,367,238,118,197,180,148
253,628,602,439,181,351,330,266
247,551,529,396,119,300,282,196
236,558,528,393,118,229,213,162
183,367,335,226,132,240,224,173
200,463,430,302,130,272,252,187
237,634,601,445,99,170,160,120
262,625,599,428,139,271,253,207
251,637,606,430,133,295,277,206
221,508,486,346,151,312,288,222
259,683,657,447,137,225,211,157
175,398,372,286,132,288,270,201
221,516,489,338,132,272,249,204
263,690,661,480,127,173,162,141
208,494,475,351,126,244,227,175
290,687,648,490,113,204,186,150
215,451,424,320,104,167,160,113
269,688,652,469,126,276,254,192
215,482,457,313,121,233,217,158
206,487,465,358,136,274,255,191
251,606,571,420,135,306,284,201
195,525,498,342,123,184,169,123
238,560,527,394,157,343,321,248
243,527,500,351,110,192,175,136
258,663,629,476,151,317,298,209
237,576,554,389,106,174,167,116
209,539,507,378,103,203,179,136
207,361,341,235,163,333,321,248
183,450,430,317,165,281,257,189
273,692,659,491,172,367,343,274
169,418,396,289,113,216,202,150
229,538,497,358,150,269,247,203
291,654,619,448,100,197,191,136
228,537,501,357,99,166,150,120
221,502,468,363,111,210,196,159
256,631,594,439,162,284,266,183
210,566,545,386,130,196,187,146
211,440,415,275,139,289,271,196
247,649,616,430,113,240,227,172
178,463,444,306,117,174,162,125
231,573,549,406,144,317,297,236
256,591,555,434,154,232,212,170
252,572,540,400,112,209,198,136
277,562,533,362,166,351,330,252
228,496,470,329,124,233,220,166
196,437,414,303,148,289,271,191
253,704,679,496,111,192,177,140
238,590,561,425,122,263,241,179
221,545,518,372,148,265,245,185
259,627,600,418,141,268,247,182
166,442,419,308,118,228,215,149
273,699,672,467,110,204,185,150
232,610,570,422,137,247,235,178
190,455,439,304,119,263,248,181
207,494,466,347,122,246,234,177
243,670,643,480,146,291,280,185
201,453,417,298,113,223,204,144
203,547,519,401,120,266,249,199
295,716,686,516,135,234,217,164
269,673,635,466,163,295,275,205
194,456,438,343,117,252,238,167
213,591,560,421,139,257,241,178
212,504,479,349,142,286,268,199
185,492,465,330,121,242,226,173
231,625,596,443,84,167,153,119
217,489,456,296,142,300,285,238
263,567,540,402,207,364,338,240
227,525,503,348,138,188,169,127
282,669,637,469,135,244,231,172
235,595,557,428,141,258,243,185
270,641,606,441,91,138,125,93
180,486,460,330,155,302,285,209
225,608,586,435,167,317,302,218
269,627,598,425,156,329,308,225
253,621,592,478,130,206,194,136
265,697,657,471,119,256,247,156
191,453,424,308,123,199,181,134
258,599,571,442,128,269,251,192
208,430,407,283,164,328,314,245
169,435,416,305,147,335,313,238
247,644,616,496,144,268,242,180
213,562,544,414,171,308,291,228
249,626,596,427,156,333,318,240
220,522,502,356,173,363,336,264
251,619,582,433,159,297,282,206
214,504,477,383,106,181,162,134
258,649,619,465,157,329,306,236
170,409,379,282,84,117,106,91
242,650,621,464,181,360,335,248
228,597,570,414,128,225,213,165
193,445,427,274,133,266,251,203
255,590,556,412,140,255,239,192
273,665,638,477,190,342,321,234
135,288,275,178,144,275,254,193
247,587,551,391,122,206,186,143
216,468,452,322,173,336,318,228
272,620,590,421,161,348,326,260
243,583,545,381,142,264,239,183
275,670,644,475,120,203,187,129
225,482,456,334,143,252,239,175
264,688,661,489,113,199,186,131
230,553,524,386,118,233,220,161
217,519,495,347,100,227,213,160
247,588,560,417,160,258,232,170
236,618,586,423,124,210,196,150
177,434,420,291,134,314,303,252
213,480,448,322,118,204,189,145
248,688,668,500,97,147,135,113
236,597,569,421,159,335,318,240
224,570,543,392,97,149,137,105
142,288,274,206,143,286,270,204
238,561,534,388,86,163,153,101
216,515,497,365,141,290,273,217
275,686,653,495,155,291,272,203
185,414,394,298,118,220,207,154
232,646,621,461,173,289,273,193
221,546,516,393,123,233,216,160
194,465,429,298,175,357,336,244
225,522,493,372,98,143,131,99
190,414,384,263,146,250,233,175
195,568,539,414,115,191,174,141
249,663,630,471,129,250,234,179
253,504,475,338,127,214,203,155
235,586,558,445,104,203,187,131
231,562,543,391,159,369,348,271
223,526,493,343,137,261,242,185
214,546,519,365,128,226,205,155
191,480,451,337,148,290,271,212
216,601,565,430,173,333,311,225
249,616,581,438,153,295,273,211
222,441,419,278,122,249,234,171
195,593,573,413,155,292,271,217
304,661,631,442,139,253,233,191
216,581,549,372,128,229,209,151
223,561,529,378,156,291,271,193
250,622,595,423,127,254,244,180
211,508,480,325,122,206,190,159
242,608,588,406,122,235,220,154
251,556,528,384,179,354,337,237
187,426,399,282,161,346,328,249
216,643,612,428,154,314,293,223
167,402,380,263,152,345,331,248
173,418,391,252,120,193,173,145
259,627,594,448,134,259,246,192
265,597,565,421,107,200,181,144
234,576,549,375,137,291,278,186
153,360,347,270,183,380,357,283
222,514,486,342,156,303,282,203
183,429,405,296,126,229,212,167
246,439,417,307,155,327,300,234
195,515,491,336,121,256,246,178
281,688,652,501,145,246,225,181
215,493,470,350,113,228,206,144
243,613,588,438,140,271,257,182
243,621,586,447,119,240,226,164
216,571,543,382,111,245,231,178
253,570,534,394,165,327,310,229
299,742,710,525,118,190,174,131
236,558,535,379,147,263,244,174
218,538,505,388,106,196,185,138
208,458,433,331,100,225,210,163
206,508,480,354,128,214,200,154
224,563,541,376,148,332,315,227
194,429,410,292,97,139,128,96
190,480,455,344,101,169,159,119
206,439,415,293,154,326,314,219
279,685,652,492,150,281,258,207
267,611,577,404,134,267,254,196
215,565,545,414,202,399,371,274
246,637,608,448,132,248,237,187
223,435,408,305,120,274,260,199
267,737,713,507,126,189,168,128
259,652,615,447,79,129,115,87
252,605,582,459,117,225,211,149
243,561,533,379,136,244,229,182
254,599,572,434,127,222,206,165
215,543,515,377,157,345,324,240
199,434,410,316,143,270,246,192
203,488,460,341,188,421,401,300
173,447,428,320,129,244,230,168
201,463,439,342,125,234,209,143
293,769,741,540,138,275,257,186
194,511,478,335,106,196,181,135
181,440,416,275,165,294,272,200
236,527,492,361,143,282,266,198
236,543,512,390,117,215,206,137
209,439,410,289,119,228,214,176
232,603,578,437,187,413,390,279
218,596,575,405,150,311,301,228
221,637,601,430,153,293,272,200
235,583,546,396,122,235,222,157
204,465,441,315,173,280,259,179
273,676,639,484,141,237,214,164
208,505,489,342,104,193,176,128
236,527,508,365,122,243,225,174
238,578,554,412,118,209,197,140
217,447,422,302,161,296,279,202
194,500,471,340,148,212,197,153
227,587,554,393,127,272,259,189
226,572,546,427,133,197,184,122
258,557,515,342,212,432,409,317
229,488,455,323,117,235,219,159
240,609,579,423,139,277,255,190
235,609,579,415,140,250,236,170
230,557,529,391,131,236,223,157
207,438,416,311,123,231,216,153
222,532,505,370,142,293,280,200
213,575,550,400,145,291,269,202
248,617,587,415,115,238,219,167
225,538,505,347,150,285,273,201
235,592,575,395,139,272,253,184
232,542,523,383,110,199,192,132
235,586,560,402,141,256,235,193
228,610,579,435,99,190,176,131
183,434,416,288,107,214,204,158
278,702,668,494,161,300,273,213
258,691,658,494,139,313,289,228
305,760,719,534,148,274,255,201
294,655,622,449,119,270,254,174
177,395,374,274,105,198,178,140
216,527,497,354,163,277,257,187
221,544,522,388,201,434,415,315
245,640,612,459,121,175,165,124
256,633,595,439,155,326,309,218
326,767,726,543,134,237,213,176
233,651,625,440,175,312,290,224
243,602,567,427,171,347,327,217
170,383,370,282,152,268,249,196
243,678,644,479,114,233,213,172
218,501,473,381,99,136,126,99
263,598,577,429,116,250,235,159
284,654,620,453,99,164,157,133
202,518,490,345,130,217,206,161
134,260,248,157,100,137,126,106
255,644,610,440,99,221,216,154
210,497,475,336,144,291,280,201
195,507,478,360,112,260,241,170
173,401,385,258,142,299,284,219
290,645,611,485,147,216,196,157
276,691,669,485,135,289,266,198
184,469,442,319,166,275,267,183
222,521,492,357,103,165,151,117
247,606,584,442,90,174,162,130
252,684,660,462,135,287,270,208
227,642,608,433,109,216,202,136
216,497,473,375,135,287,266,225
291,719,688,509,147,246,228,163
225,470,444,302,106,233,222,147
252,597,567,422,127,268,258,198
247,560,524,381,137,279,257,187
181,431,405,286,95,175,163,131
130,263,244,169,151,305,290,226
185,425,397,324,156,290,272,219
184,418,387,285,157,273,259,189
276,674,645,495,151,281,264,208
248,513,484,347,181,380,354,260
193,415,388,286,145,306,286,203
218,469,447,323,130,236,221,158
213,523,490,374,126,215,199,147
222,607,585,435,110,211,191,128
234,583,546,402,115,237,226,155
232,635,615,450,105,232,218,165
252,634,602,478,153,350,330,255
235,538,515,393,156,321,309,212
264,626,604,453,119,258,242,188
272,582,550,414,144,292,273,206
242,647,619,460,110,209,191,146
234,576,550,386,129,252,229,175
272,664,626,451,154,306,286,216
218,532,510,356,203,418,386,293
193,504,482,359,181,409,390,301
211,542,511,380,137,326,313,244
230,616,592,465,154,350,329,267
274,707,671,481,141,311,293,236
206,457,425,327,159,291,271,183
269,722,680,506,113,192,177,135
209,548,520,371,152,287,263,210
259,650,620,465,156,300,283,221
168,476,455,308,120,199,189,145
206,469,434,319,162,353,333,263
260,675,647,497,127,240,224,181
116,259,237,158,159,264,246,170
215,555,522,403,146,262,243,179
239,520,489,364,144,303,289,220
233,616,582,411,120,210,197,149
252,702,660,500,114,192,176,141
188,466,439,312,129,288,268,206
221,586,567,422,164,297,280,203
203,549,528,379,153,270,249,189
234,510,485,357,111,196,184,146
258,588,552,397,137,249,228,191
211,532,501,355,128,241,217,162
209,497,472,370,146,275,265,173
280,707,658,477,109,193,177,126
192,414,396,276,113,210,193,148
236,476,454,328,130,230,216,161
236,536,510,370,132,294,285,230
223,599,581,408,126,211,199,163
195,482,460,343,125,178,160,131
264,636,607,417,145,302,285,194
190,427,397,277,138,263,251,198
204,499,469,333,131,252,235,157
229,594,567,397,150,303,285,203
102,238,229,166,124,233,219,163
239,678,649,470,154,306,291,232
241,525,489,347,151,290,272,188
252,634,605,454,119,234,221,160
