224,564,540,403,155,358,337,263
256,606,573,421,153,317,296,209
231,586,556,409,165,340,322,247
152,321,296,234,152,316,297,216
217,564,534,385,159,334,313,222
215,548,524,397,179,370,340,250
287,694,646,479,160,350,334,245
245,533,508,352,206,412,382,290
298,731,698,507,137,219,201,150
180,450,412,306,160,410,392,309
253,670,632,488,162,361,340,246
248,590,556,406,180,386,369,268
196,476,456,340,217,488,460,356
228,548,523,371,150,316,287,206
259,706,673,507,181,397,375,284
206,437,416,305,186,422,396,275
250,514,493,334,154,304,289,215
251,689,656,466,192,453,434,328
281,668,641,486,123,253,234,188
267,626,603,430,144,292,267,193
229,487,455,362,129,266,250,189
235,574,547,373,147,253,236,187
253,638,599,455,149,319,299,205
186,449,420,310,104,165,149,126
221,517,493,353,141,290,265,204
252,575,547,395,129,256,242,200
183,423,397,281,201,439,414,313
282,674,637,465,189,375,354,258
182,411,389,292,140,291,272,222
252,579,555,393,169,393,377,284
181,445,423,280,153,321,298,222
289,618,576,398,145,297,282,224
250,624,600,417,165,385,359,235
229,537,503,359,203,488,462,331
223,529,504,363,177,405,385,310
235,598,576,409,177,364,338,250
253,588,543,399,194,453,420,312
237,528,499,383,161,360,338,238
229,505,470,326,189,445,423,317
222,614,593,426,204,463,442,344
244,540,511,394,166,388,367,269
236,566,541,375,164,337,320,254
181,354,337,235,155,375,365,260
290,677,641,467,144,288,271,197
185,438,414,319,110,179,164,135
167,417,404,260,173,341,325,256
209,498,475,388,133,321,300,212
232,563,522,378,215,451,423,323
209,466,444,318,156,325,302,233
203,490,459,337,169,424,409,306
243,572,540,362,170,376,353,282
261,630,597,462,210,547,520,361
210,538,514,379,199,449,422,311
202,502,470,321,135,316,299,200
178,412,390,270,172,364,344,247
232,576,548,436,136,294,280,196
241,565,530,378,177,446,419,330
268,664,633,446,184,428,404,291
198,436,415,304,222,515,500,374
184,489,456,327,178,360,333,264
246,683,649,469,200,432,404,307
187,514,493,359,214,466,439,323
235,576,549,402,145,290,265,203
219,590,563,423,185,349,330,250
279,613,585,422,144,265,243,191
282,653,618,449,189,403,386,266
208,456,429,320,195,504,483,350
251,608,572,414,160,328,306,226
280,747,714,527,193,396,372,275
261,595,563,420,120,215,203,174
220,565,540,396,174,409,389,274
233,526,500,380,168,325,300,228
217,605,576,435,132,285,268,195
204,473,450,323,206,478,447,320
219,494,459,326,181,475,459,342
252,660,635,442,137,272,253,185
211,491,468,355,175,339,318,229
232,538,513,373,167,397,378,273
272,658,629,447,184,372,349,241
273,626,592,439,186,458,435,309
258,591,551,391,187,372,355,272
238,575,553,401,204,464,440,302
222,579,553,404,182,428,400,325
251,689,655,487,157,313,290,203
248,689,659,474,193,386,357,256
210,416,387,304,145,296,272,210
262,620,587,424,139,346,329,256
189,412,387,330,184,373,346,277
237,597,556,423,177,441,428,288
280,676,634,469,239,462,432,346
222,546,514,360,154,337,319,221
203,502,470,339,206,431,404,304
254,577,552,397,174,369,350,245
211,494,473,304,176,380,361,292
213,458,426,310,179,323,307,231
181,466,442,302,166,329,311,233
203,482,458,320,161,365,343,250
252,600,576,435,122,232,211,159
199,515,485,362,112,240,226,171
262,716,682,485,179,390,370,276
287,714,675,492,167,366,339,274
216,451,426,335,146,385,363,257
222,580,558,401,166,372,346,262
290,621,591,430,158,321,298,210
242,591,561,409,144,309,289,228
286,658,625,469,199,479,448,334
178,437,414,315,181,440,422,300
197,467,447,318,195,455,433,305
244,659,634,466,116,236,224,152
230,656,633,484,175,373,352,258
239,600,566,440,143,347,328,231
176,391,373,272,154,297,278,208
311,733,697,507,169,349,319,245
210,486,456,364,156,336,319,232
164,383,361,242,195,407,387,309
280,699,658,469,154,308,294,242
271,593,558,409,176,409,386,287
246,658,640,457,186,340,320,220
190,404,376,288,185,401,380,293
220,529,500,410,155,371,348,251
216,533,506,371,122,198,184,142
167,387,362,245,170,363,346,248
315,700,664,477,200,506,478,368
222,561,537,363,155,363,346,242
213,559,526,387,152,320,288,224
235,532,505,369,196,447,425,316
279,716,681,500,228,544,524,367
233,570,538,370,127,311,296,234
281,612,579,427,154,308,295,203
250,589,561,412,173,377,355,256
176,414,391,278,174,378,354,249
189,457,436,316,138,249,234,164
206,467,451,325,170,367,349,239
263,686,660,480,198,359,338,239
247,620,593,430,153,324,302,215
229,560,529,368,173,372,360,269
239,639,613,431,212,432,414,316
206,485,458,339,200,416,393,269
230,542,515,338,165,323,313,226
200,521,504,362,203,414,396,291
274,682,650,495,161,325,305,241
199,474,449,341,126,329,310,229
251,636,604,417,163,333,309,236
212,494,466,313,149,312,294,232
224,532,505,365,134,263,249,192
305,741,706,511,159,364,344,238
211,577,555,389,124,255,241,168
220,547,526,376,186,385,368,280
199,567,546,403,188,427,401,282
202,491,466,334,196,453,418,317
208,554,525,364,185,393,370,278
252,644,619,468,141,299,281,203
210,453,415,314,152,325,307,238
161,309,289,231,150,378,361,304
256,559,526,401,159,345,325,226
233,548,524,371,157,280,259,186
177,419,399,290,187,381,365,259
257,686,650,501,155,369,346,247
281,628,601,446,225,467,443,318
245,672,631,480,179,369,345,255
259,563,537,385,174,396,374,281
212,471,450,332,195,490,465,341
257,553,525,374,139,291,277,197
272,623,591,458,156,344,321,229
295,656,625,465,173,375,348,262
192,514,492,362,147,297,273,197
262,697,668,505,185,391,368,272
259,658,622,446,122,199,182,152
207,567,532,387,157,268,250,186
231,544,513,360,145,310,293,233
264,658,634,456,148,323,305,242
286,578,538,394,177,357,348,260
279,660,625,460,210,476,450,333
190,441,417,326,174,428,401,285
277,610,580,416,145,294,273,207
187,444,421,296,171,397,361,270
236,562,548,369,164,347,317,252
212,455,433,298,178,368,339,262
261,619,594,445,162,360,342,221
204,502,468,350,199,452,428,326
244,608,578,384,223,413,388,275
175,393,371,267,162,365,346,270
219,539,507,376,211,477,459,313
197,457,424,323,172,295,276,214
212,516,489,357,178,318,299,186
230,576,545,391,156,351,326,230
217,520,486,381,143,366,351,244
257,501,475,323,182,355,332,225
249,548,514,336,208,492,462,341
221,560,533,375,192,407,375,281
293,703,676,491,158,336,315,212
221,474,447,343,157,361,338,263
242,616,590,434,170,361,341,270
187,432,410,317,137,280,265,194
183,404,379,256,174,347,331,233
180,535,515,339,158,363,342,248
274,590,551,385,164,314,294,233
262,569,545,435,171,315,292,203
172,434,412,283,222,444,419,319
206,524,495,355,142,266,248,182
232,625,591,443,245,500,472,347
260,644,616,457,181,377,355,259
297,636,597,447,190,460,440,309
242,618,583,427,163,316,298,219
218,487,468,326,226,460,435,320
223,553,521,384,211,510,480,366
254,692,659,497,175,395,375,255
249,638,607,473,177,409,390,286
252,637,598,430,144,329,315,226
219,526,498,369,166,387,371,258
211,474,444,318,175,373,352,277
196,459,445,339,145,320,294,235
242,610,575,406,221,481,451,337
306,719,674,492,193,536,512,381
247,564,544,387,162,392,382,279
258,604,575,440,150,300,282,232
241,616,580,385,143,352,327,242
201,486,460,324,138,303,283,188
272,716,686,468,197,398,373,277
244,541,517,375,191,484,462,340
252,572,533,414,129,283,265,204
241,588,565,436,243,497,465,368
232,567,536,405,171,393,376,287
179,459,426,297,170,425,401,294
231,531,505,359,206,444,417,312
267,711,684,499,147,319,307,208
213,601,575,422,121,265,248,163
234,576,546,425,167,320,308,228
194,498,476,312,200,474,453,338
204,447,428,298,195,493,466,337
246,587,554,391,175,361,344,239
229,571,545,417,211,469,440,327
231,597,566,424,129,227,214,149
241,616,584,432,158,307,288,222
217,512,494,375,152,358,330,240
216,472,443,315,134,308,291,208
291,725,685,512,204,409,385,281
281,635,599,434,139,267,244,166
164,364,342,218,205,435,408,305
217,562,533,404,154,308,289,203
220,628,602,445,164,421,405,289
255,641,602,447,168,349,324,248
230,568,538,402,201,429,406,311
206,490,461,350,149,339,316,242
172,308,281,199,178,347,324,251
211,437,408,316,158,314,294,204
257,623,595,463,159,363,341,262
207,447,422,316,206,383,373,257
236,548,516,374,89,192,181,126
235,573,541,404,187,388,366,293
172,305,280,210,139,280,264,208
232,593,565,417,139,237,219,171
271,671,637,483,183,437,410,314
198,479,449,331,142,241,225,174
240,615,586,411,164,324,309,205
226,484,448,325,182,400,381,294
267,616,579,406,207,446,415,299
273,652,620,464,116,225,204,157
231,622,590,438,165,286,276,199
230,583,556,393,160,345,326,230
199,490,467,314,202,500,479,340
246,637,614,431,149,328,307,234
242,541,509,338,201,496,468,342
277,704,672,496,175,356,332,232
261,612,571,414,134,277,265,175
233,561,540,431,112,212,203,161
210,516,492,354,162,354,333,230
184,446,421,299,153,382,357,257
225,646,619,443,158,291,274,225
216,603,574,439,158,335,318,230
204,443,415,322,166,394,366,277
239,555,528,364,178,373,340,274
248,633,592,437,213,447,430,297
198,481,459,332,182,461,436,333
161,388,369,250,145,336,314,254
194,460,441,324,175,394,375,269
215,506,478,338,113,223,204,152
162,404,384,271,143,323,311,214
218,530,499,342,128,293,275,191
177,426,399,301,191,427,407,259
261,651,624,422,156,343,316,247
168,382,358,270,157,377,363,269
181,393,377,272,151,239,218,173
250,642,603,440,179,381,353,273
278,639,613,450,161,351,338,210
210,490,461,323,186,452,425,334
239,650,623,454,156,344,326,243
239,604,571,419,159,334,314,218
196,540,518,352,218,485,453,326
218,482,454,316,185,360,338,281
282,582,552,391,179,394,373,267
248,606,580,437,134,301,283,203
163,355,334,224,161,380,364,272
219,429,402,310,107,184,166,115
231,521,483,352,126,221,203,159
246,579,554,373,172,331,313,232
238,607,576,442,185,407,385,287
285,757,725,539,142,229,218,147
235,568,536,391,169,407,384,288
246,526,492,360,185,379,353,255
225,621,596,432,137,278,268,191
258,622,585,426,180,406,387,281
217,444,414,301,186,422,394,295
206,514,486,353,172,368,351,261
208,434,400,305,191,460,435,333
222,562,538,398,139,262,245,187
238,500,472,313,173,438,420,313
222,647,613,476,214,499,476,370
263,701,668,504,143,266,244,164
239,611,590,438,221,479,448,309
203,491,465,342,163,352,342,244
259,573,545,417,169,278,257,185
267,604,580,399,198,442,419,298
254,670,631,475,179,429,397,286
225,539,515,399,150,279,261,211
215,549,528,376,163,318,300,224
231,457,436,340,163,337,315,224
250,632,610,424,133,287,269,212
221,525,493,339,159,333,315,228
228,562,536,383,199,400,381,298
267,701,677,500,135,260,240,180
275,762,728,534,144,298,287,184
324,749,715,504,173,390,366,280
203,487,467,337,159,359,335,239
163,422,397,279,211,452,422,318
197,401,381,289,146,263,244,185
277,591,566,408,161,357,340,238
296,727,692,533,148,318,300,218
200,510,485,359,131,263,242,161
248,584,556,410,148,331,315,223
269,636,603,446,169,338,319,254
230,603,562,401,203,491,471,335
306,768,750,550,190,427,404,295
183,424,403,278,161,310,290,232
235,499,471,323,178,370,348,257
246,637,603,423,185,420,400,300
258,603,569,419,156,358,334,268
223,571,547,391,209,476,444,329
254,700,664,486,143,283,263,193
292,650,622,464,195,423,409,303
202,499,475,346,145,296,274,191
137,265,247,155,153,309,293,238
233,586,552,372,139,302,285,216
279,668,641,460,164,364,347,246
272,669,629,489,158,346,327,258
304,767,728,553,132,351,335,223
235,563,525,381,162,377,351,258
217,518,493,332,184,377,357,253
237,610,580,439,182,368,347,244
197,430,402,308,206,447,427,302
242,586,551,402,191,406,374,276
204,447,429,301,187,431,413,295
249,640,602,441,134,286,265,210
180,394,370,272,166,345,320,250
286,772,746,536,169,338,320,226
234,555,517,348,151,324,302,218
290,742,701,514,198,447,421,327
252,619,589,453,176,360,349,269
280,693,663,491,163,354,338,255
233,495,463,357,133,264,245,179
257,634,600,441,142,255,234,166
207,424,395,284,180,380,358,244
233,504,485,341,165,358,336,233
253,670,633,475,189,419,392,301
218,521,502,355,186,373,349,240
187,533,511,370,213,577,555,427
248,595,566,401,166,340,318,252
221,499,464,349,207,481,466,343
258,566,530,393,211,455,439,310
239,558,528,378,239,600,563,417
272,697,667,491,147,298,284,207
246,584,556,397,172,398,377,272
275,630,602,430,147,363,341,255
234,498,460,309,191,405,389,282
276,641,623,466,113,235,218,141
177,319,296,190,181,403,382,286
210,650,620,481,207,516,493,365
152,358,338,231,147,305,285,227
187,435,418,293,152,337,317,228
193,418,400,300,185,392,364,269
220,525,492,352,164,345,324,222
233,544,501,364,134,270,253,168
221,542,511,400,137,235,211,162
197,468,443,311,147,341,324,228
250,642,599,430,199,459,436,313
202,448,424,337,215,500,471,345
235,591,568,419,121,250,234,176
171,484,465,335,138,296,285,181
233,590,566,434,170,400,378,264
211,533,502,353,136,285,264,183
262,617,592,473,175,408,387,294
150,291,275,198,214,452,428,302
237,621,585,417,113,215,194,157
209,446,420,309,184,388,371,269
219,518,481,346,218,478,456,323
248,560,537,387,149,321,299,210
228,538,503,355,133,236,223,166
208,525,501,391,164,296,277,196
235,641,607,450,223,521,490,372
180,433,410,301,204,411,384,274
274,685,655,470,171,406,388,285
234,615,598,451,185,439,422,295
282,650,616,447,154,326,303,212
204,419,397,290,204,492,473,376
195,489,458,310,142,308,288,192
229,541,513,352,141,313,291,200
263,631,598,433,201,434,406,286
236,586,551,388,162,318,301,204
243,538,511,352,174,353,327,220
276,683,651,493,198,419,392,292
235,564,540,388,193,407,383,277
256,594,570,435,151,366,347,238
234,574,548,416,190,443,416,312
273,656,628,448,143,294,283,215
225,514,487,337,160,322,307,213
225,587,558,428,143,283,263,174
252,591,556,396,166,412,391,294
208,550,531,381,140,275,258,202
241,578,559,419,171,406,387,281
207,517,477,377,179,396,376,274
240,531,504,363,164,325,300,204
237,512,488,365,152,273,254,197
253,628,584,437,179,408,384,299
201,474,453,326,150,339,323,255
231,519,487,348,165,328,309,226
269,656,625,479,203,416,391,270
157,349,327,224,125,307,287,203
277,710,679,492,130,202,187,138
287,694,667,496,194,401,380,276
208,471,442,324,194,457,440,329
206,571,543,415,119,262,254,181
278,718,690,520,174,362,344,244
189,469,449,306,151,318,297,236
178,437,423,300,179,474,452,333
236,514,489,362,181,414,385,283
268,665,638,481,165,376,356,263
254,481,450,334,166,394,376,272
227,472,456,319,193,394,377,279
208,407,378,280,231,497,469,354
198,452,436,310,106,211,198,135
203,573,549,386,102,192,179,129
220,589,556,423,160,361,343,258
318,643,610,425,151,320,299,203
266,694,666,473,181,407,379,271
209,526,491,367,196,473,457,356
246,654,629,433,171,435,419,294
111,190,177,140,158,357,338,270
234,539,515,348,172,324,308,228
214,553,522,352,200,467,447,318
180,370,348,251,144,308,290,212
269,661,626,473,203,417,393,313
191,509,485,353,179,362,337,258
206,512,489,368,210,445,420,320
252,584,555,403,177,356,342,257
251,607,584,416,158,314,296,216
161,353,339,252,188,430,406,274
214,525,497,349,182,382,358,238
177,420,395,313,186,336,311,228
210,470,446,324,171,359,334,244
178,460,442,318,129,315,296,217
269,639,604,420,211,488,465,345
283,703,669,479,134,344,323,227
204,490,467,320,170,401,382,284
226,555,520,377,148,296,280,192
209,424,402,276,220,462,437,325
206,479,457,331,177,372,354,243
243,676,634,474,175,391,364,264
247,557,533,420,136,262,239,167
201,582,559,418,154,325,307,240
270,651,624,460,157,306,285,198
262,565,540,380,188,467,441,323
238,594,570,378,195,489,460,339
250,538,508,366,158,326,307,234
180,400,371,298,189,442,427,289
254,656,612,444,215,499,473,358
228,464,433,314,168,417,390,307
183,424,403,302,174,381,352,271
250,582,550,385,200,450,420,326
254,678,639,482,128,272,258,191
276,621,588,426,178,413,388,276
218,436,414,299,171,381,370,253
181,367,347,233,176,320,292,229
169,438,408,316,185,432,411,305
238,664,627,451,182,401,379,282
264,604,576,411,204,550,521,370
251,609,585,466,118,244,230,170
247,702,676,502,146,310,297,219
251,463,434,323,161,354,333,233
264,678,638,467,186,489,464,363
208,404,383,286,229,445,420,294
214,514,481,354,181,372,350,267
200,474,450,338,195,337,324,244
229,542,518,358,237,503,476,371
202,480,457,320,146,320,304,218
251,561,528,376,187,432,407,301
224,527,497,339,174,416,396,288
252,590,566,429,202,495,469,385
245,608,574,448,169,325,305,222
269,691,657,486,185,420,400,290
265,582,554,438,163,386,358,263
139,409,396,257,192,397,374,277
252,549,526,385,114,242,224,159
212,453,427,296,164,368,352,249
174,459,433,280,142,345,325,245
203,530,504,371,181,341,320,232
219,610,577,431,208,484,455,331
237,602,570,412,178,421,394,301
228,653,615,485,165,360,345,250
243,631,606,432,161,343,323,218
215,611,588,432,169,338,317,217
180,427,407,309,171,363,348,264
239,602,576,446,169,374,358,274
174,391,371,283,181,396,377,276
256,643,619,478,163,374,357,278
203,406,391,270,152,324,313,246
262,685,656,481,184,406,383,273
228,518,503,349,180,396,375,252
264,657,625,463,200,425,402,284
211,514,480,405,227,540,521,359
242,631,604,404,131,318,302,224
237,570,542,405,127,263,245,172
241,626,596,425,200,455,438,332
210,489,460,333,176,357,335,241
195,430,409,300,161,361,341,238
230,513,490,384,139,299,288,212
253,611,575,459,164,359,333,239
258,644,625,478,183,449,421,320
224,575,541,397,162,345,318,230
231,563,524,395,181,432,407,311
258,684,646,491,170,402,384,265
246,630,599,444,174,432,413,279
233,492,462,312,166,339,317,244
195,466,440,320,206,450,421,332
218,518,494,382,158,338,320,231
240,561,536,378,192,439,415,307
273,660,625,446,192,455,429,322
266,589,552,392,210,450,417,312
211,512,495,378,153,354,340,221
303,728,693,504,202,426,401,323
220,499,470,339,185,412,392,291
287,722,684,505,188,463,441,329
287,678,643,474,177,403,377,286
270,580,546,393,194,416,391,277
218,560,525,398,186,370,344,251
232,529,498,347,167,399,381,305
206,533,508,368,200,411,382,294
218,532,504,397,137,311,296,221
200,500,473,343,138,295,275,198
242,554,523,376,167,335,309,226
207,526,504,387,169,358,338,240
198,506,479,330,215,538,515,388
216,620,588,433,159,319,297,235
206,504,480,375,143,305,283,197
234,557,521,402,127,194,173,138
237,576,552,400,128,289,275,197
241,587,559,403,140,262,240,181
177,468,441,331,205,433,412,312
254,630,597,440,147,292,268,188
223,583,553,378,119,231,217,173
205,467,446,362,137,268,245,191
211,451,433,304,137,239,227,162
256,614,586,417,150,281,266,204
225,561,534,374,147,265,246,183
191,407,381,265,148,315,302,215
218,495,459,327,202,452,431,318
196,459,432,313,191,383,361,273
250,578,547,411,214,461,430,313
218,566,541,370,182,431,408,285
262,698,668,486,145,288,269,202
219,572,548,394,151,329,305,214
318,773,736,574,168,320,300,210
178,361,338,253,133,258,249,163
212,455,429,302,203,415,389,274
271,625,590,422,173,367,340,246
187,487,466,349,206,455,434,336
211,511,484,362,230,572,551,411
315,815,777,548,153,324,304,241
248,525,492,369,144,298,282,226
205,512,483,330,184,406,377,288
192,494,472,362,182,380,357,282
263,534,509,396,151,310,290,210
229,559,532,376,169,338,313,246
225,526,486,372,192,456,436,318
242,607,584,449,129,290,274,214
220,489,461,320,201,491,461,369
209,517,493,369,179,379,356,273
265,600,553,392,140,268,255,194
268,598,567,392,166,371,350,260
268,603,578,427,210,502,470,358
244,596,562,400,164,374,346,250
205,521,488,353,188,420,398,291
254,626,599,412,131,199,187,146
203,478,449,308,189,348,329,244
171,372,353,255,116,230,218,169
190,472,448,343,158,457,437,328
161,416,395,279,156,307,291,234
250,555,525,406,167,331,312,223
162,375,359,257,189,474,457,353
177,382,359,237,145,353,336,240
182,499,477,341,143,300,286,198
209,519,492,328,185,431,412,324
213,517,490,344,160,324,306,222
155,367,352,231,155,266,244,199
276,652,631,462,171,347,325,234
208,497,463,368,170,331,312,231
194,450,426,312,161,361,339,240
226,560,534,373,157,260,238,185
219,499,478,335,180,374,350,249
215,529,507,362,188,465,440,320
225,543,523,360,229,623,601,450
146,325,312,223,178,397,376,300
277,649,620,479,164,330,313,234
193,417,392,306,180,326,296,225
217,547,521,348,147,308,294,212
184,437,416,287,183,394,370,270
163,428,401,267,128,264,247,180
290,683,656,476,177,422,397,286
217,577,554,397,144,266,249,174
298,627,600,428,183,363,344,249
237,626,597,416,178,441,414,313
208,502,479,325,214,461,436,340
195,445,415,275,152,398,374,289
175,374,353,240,150,286,267,214
227,558,524,406,172,375,355,256
200,454,441,313,208,487,471,338
279,719,690,497,177,342,322,233
246,544,520,377,129,252,235,175
250,651,625,474,216,474,449,359
274,682,648,451,156,366,343,239
240,632,593,431,107,252,235,156
217,554,525,374,108,168,157,129
198,529,504,343,188,430,403,297
221,522,480,353,206,402,378,287
241,588,556,399,140,295,279,218
228,514,478,363,148,313,293,212
255,627,598,433,126,230,221,172
198,461,442,313,199,453,432,342
251,567,551,414,146,261,245,186
272,729,693,523,188,402,370,260
272,716,685,516,188,428,401,306
299,739,706,500,163,306,286,219
232,503,476,345,173,387,367,278
253,619,593,439,154,303,281,205
221,528,507,375,183,410,389,255
210,488,468,319,149,321,303,231
181,444,411,305,153,274,256,183
248,537,510,396,118,238,213,175
282,660,626,466,191,456,439,324
230,605,578,433,169,350,331,251
242,594,566,413,247,598,566,404
271,646,615,457,201,436,416,298
269,581,539,424,212,422,388,288
175,472,450,349,146,325,304,230
250,605,576,430,195,433,404,293
246,602,577,429,131,334,321,236
215,513,496,348,116,214,202,161
240,646,613,437,205,491,468,347
235,521,489,337,120,225,210,153
212,528,504,401,212,426,407,297
224,538,512,381,164,395,370,281
194,423,400,291,136,349,337,210
243,617,597,446,161,337,320,216
209,465,429,327,162,327,303,243
245,502,465,330,135,271,250,189
232,597,570,432,191,512,485,343
212,542,515,382,147,303,289,222
186,419,394,285,163,365,348,242
176,424,400,275,153,322,295,232
178,443,426,287,181,417,401,275
240,491,472,324,127,286,261,181
233,598,568,413,145,306,279,200
280,595,558,402,137,313,302,211
314,825,794,570,115,212,200,145
220,616,582,447,169,368,342,277
283,696,666,493,146,344,325,243
260,645,612,455,174,389,365,272
245,566,534,384,169,367,345,278
231,505,475,360,224,565,539,417
234,553,522,397,186,457,439,303
188,414,390,292,215,484,460,321
210,532,506,380,169,454,428,318
203,422,403,293,184,414,396,286
275,642,603,459,203,453,431,344
219,527,500,350,195,456,432,321
226,497,467,336,172,393,370,278
197,468,436,313,139,281,264,191
218,512,480,378,192,448,431,328
214,492,468,355,186,377,357,255
199,494,469,314,159,370,354,288
247,613,588,420,137,267,252,189
190,443,416,300,144,322,303,242
286,740,707,498,134,247,233,163
290,641,606,465,155,292,271,230
250,668,638,469,142,283,258,206
179,427,408,293,182,421,395,294
264,618,584,439,188,454,431,306
217,518,497,342,194,381,362,257
170,415,387,281,127,283,267,186
218,527,501,377,164,314,298,213
185,353,335,226,136,314,294,213
167,329,311,200,181,376,360,284
244,587,553,408,154,305,284,223
253,625,596,438,169,375,351,241
221,486,458,301,214,458,435,338
251,628,605,469,200,431,404,277
214,567,541,416,166,333,303,220
246,516,479,332,169,298,268,204
250,589,555,426,153,332,316,208
266,654,625,506,186,463,440,334
217,540,512,355,194,438,413,306
240,626,600,444,148,314,299,238
172,398,370,241,169,362,346,256
249,570,535,368,158,322,306,229
242,582,549,412,169,434,410,325
163,376,362,258,204,459,434,317
243,625,604,452,136,313,296,227
263,672,633,493,139,281,263,194
236,543,515,365,128,218,204,162
300,681,652,462,153,368,345,230
198,484,457,340,176,351,329,234
269,613,581,424,116,246,229,164
241,514,484,327,161,305,288,212
305,704,670,463,246,503,480,374
238,608,577,426,154,352,327,254
278,680,650,477,163,341,321,245
189,423,402,313,150,299,282,206
248,622,593,404,124,260,240,183
290,678,635,442,196,405,378,298
162,463,440,311,168,328,300,237
192,424,413,297,155,304,286,204
240,654,619,488,167,384,360,267
232,530,506,371,140,237,220,164
220,528,505,351,140,262,249,178
269,665,634,473,156,400,378,290
283,755,724,529,198,492,461,342
159,352,334,274,170,311,285,205
238,559,527,399,148,308,287,210
251,571,545,413,205,440,414,295
212,533,508,351,206,469,433,330
223,501,476,331,211,495,461,321
237,580,547,410,138,270,257,192
211,529,500,352,226,515,489,350
236,549,527,422,140,426,404,279
215,417,388,295,154,362,335,246
195,484,449,313,185,375,358,271
269,619,584,437,167,399,379,287
231,590,559,416,153,370,354,247
204,530,504,346,192,448,421,312
278,668,639,461,168,339,312,212
277,645,598,426,218,436,415,331
219,538,515,370,162,362,345,268
232,540,517,385,159,371,353,253
197,472,447,306,162,345,320,244
212,524,491,373,242,550,519,392
173,422,395,294,174,403,385,268
266,608,581,423,141,258,243,175
209,525,493,356,149,323,311,231
287,808,781,598,134,294,279,228
286,692,665,494,190,469,445,357
242,575,554,404,176,456,435,335
215,504,474,342,178,439,416,323
265,644,610,442,157,342,319,246
246,660,638,447,209,403,384,285
191,476,457,312,132,268,254,169
230,627,591,408,122,278,259,203
257,644,625,455,172,385,368,286
225,582,553,407,195,502,478,372
215,585,558,434,156,325,304,227
258,650,615,457,130,271,259,167
182,476,453,320,171,318,291,235
181,417,386,262,164,362,342,247
171,412,395,256,157,338,319,230
208,455,423,288,189,468,443,347
226,565,533,394,181,380,355,250
242,643,614,442,195,437,416,329
228,686,659,463,153,323,303,212
271,675,653,485,192,380,354,251
217,575,550,420,175,400,383,284
211,558,534,391,155,363,342,238
269,599,572,421,109,197,183,147
183,434,412,267,174,380,351,243
192,531,511,369,118,228,215,164
269,633,608,451,204,497,476,338
262,656,623,441,152,303,279,210
212,455,424,292,163,343,320,232
246,607,584,442,181,331,308,228
212,582,553,416,190,468,430,322
196,511,482,342,218,517,492,354
212,509,480,342,231,512,483,362
257,564,530,380,134,314,301,222
235,565,527,405,173,330,306,230
295,634,601,466,187,437,412,295
228,527,500,341,182,385,373,261
195,507,484,341,167,313,295,216
149,345,324,227,201,403,376,283
201,460,435,307,174,314,295,215
218,556,524,371,171,366,337,240
201,585,550,404,202,359,341,252
261,672,636,483,129,248,238,183
234,556,530,393,186,348,326,234
216,520,495,370,164,391,370,264
208,526,501,341,158,309,289,219
244,648,604,436,162,336,320,231
257,684,646,505,184,422,400,288
236,507,477,375,193,408,387,276
228,579,546,407,182,470,454,335
230,644,614,437,100,252,238,156
228,472,447,315,162,320,299,226
270,712,685,480,138,266,244,192
192,450,429,310,183,385,366,269
183,420,398,302,127,312,301,211
207,499,470,337,165,416,396,293
220,483,450,340,166,362,343,268
209,480,457,307,199,450,423,305
280,663,635,451,151,321,309,228
274,631,594,438,205,440,421,314
217,535,504,356,222,507,485,336
185,534,512,360,186,391,362,265
228,556,528,358,172,363,340,258
243,627,604,432,122,316,295,204
267,553,518,391,120,230,215,168
280,695,668,467,132,259,246,167
214,526,504,354,210,494,467,360
251,661,626,472,187,445,429,323
252,569,538,413,174,363,341,262
259,673,645,495,175,375,358,253
266,637,607,432,123,236,222,152
202,464,443,309,151,261,242,175
204,426,399,284,151,299,284,192
201,477,458,336,182,330,303,222
251,562,531,379,144,214,198,153
266,601,567,414,189,360,336,237
191,455,428,308,127,294,277,195
212,522,492,370,146,311,294,224
209,529,503,387,189,368,343,260
219,542,514,373,138,319,298,224
220,453,431,297,196,384,364,274
255,663,632,460,139,309,289,196
250,695,672,464,122,315,296,238
196,474,442,308,151,324,302,223
221,550,527,398,160,363,337,271
193,492,458,327,186,368,345,252
204,522,498,353,171,342,324,230
236,575,548,400,205,438,421,313
184,428,398,312,152,277,257,198
253,572,544,407,150,286,270,196
249,530,494,371,174,391,367,280
205,466,436,326,155,383,364,253
255,529,507,391,180,316,295,203
236,529,496,367,159,379,358,281
255,667,636,481,166,415,395,310
293,624,587,453,142,275,261,206
263,718,698,541,128,266,249,174
173,447,425,305,228,520,495,377
257,625,589,425,136,332,309,219
216,471,445,347,212,467,443,319
200,492,469,327,154,301,289,207
229,553,528,370,162,284,269,205
278,710,680,507,128,228,217,140
280,700,665,463,175,429,413,281
275,761,733,564,136,264,249,181
248,617,582,420,152,319,295,198
184,383,353,257,175,403,386,312
210,500,475,334,199,478,455,342
158,353,333,264,188,432,404,315
213,561,546,405,146,299,281,208
244,519,489,365,143,269,250,198
234,572,539,363,133,219,204,149
285,650,605,466,128,234,220,169
219,626,598,457,221,523,513,374
205,577,551,405,128,293,278,192
211,418,397,270,128,296,276,191
236,535,513,392,194,391,372,289
206,455,424,336,179,332,310,250
248,571,549,399,138,279,264,188
278,667,626,470,191,399,369,272
267,674,645,485,181,413,398,276
246,573,540,415,178,319,302,207
220,542,513,362,129,230,211,158
231,564,536,397,157,318,296,217
257,718,690,491,181,333,309,230
252,623,593,444,174,340,317,235
232,623,588,469,122,238,216,145
211,562,542,405,151,306,285,203
244,546,515,359,161,325,302,202
232,529,506,383,107,213,201,146
254,645,615,451,174,389,369,253
227,517,491,361,171,409,389,286
198,493,469,324,189,423,404,290
228,534,507,370,165,297,277,209
221,571,548,430,176,407,383,294
215,503,481,345,217,401,377,273
257,612,565,430,170,371,354,243
189,423,403,303,129,230,216,153
216,559,530,412,224,529,503,384
188,435,414,284,135,244,223,160
232,464,449,297,169,319,298,226
235,584,555,406,150,335,313,215
230,514,488,376,206,427,404,280
246,573,542,383,126,320,300,203
199,420,388,288,136,227,205,159
261,624,589,437,171,386,367,271
167,412,396,271,154,338,316,223
205,511,476,366,183,384,364,241
244,662,633,489,133,262,241,160
211,634,611,443,215,494,471,356
260,585,558,409,112,263,250,173
218,434,405,292,165,337,314,229
192,506,479,324,122,246,236,149
282,727,688,486,181,398,384,295
262,594,558,400,154,360,341,242
274,753,716,504,92,203,194,148
247,527,493,362,173,343,330,263
220,539,509,357,179,379,361,266
214,557,535,376,176,399,375,281
256,685,662,471,165,353,326,252
235,592,570,410,146,303,277,208
222,561,527,367,164,348,323,241
247,675,642,485,142,262,245,203
267,702,674,509,168,344,325,216
217,614,581,442,161,290,272,191
159,448,428,298,152,241,214,155
232,534,508,360,172,378,359,257
279,710,686,497,168,416,393,300
252,499,473,375,151,331,305,226
257,612,588,409,168,368,348,237
247,672,642,463,176,428,405,316
209,515,487,345,154,328,307,239
218,467,443,341,168,378,352,254
175,513,492,345,144,317,306,258
240,568,538,357,164,363,343,253
224,529,502,398,189,402,388,286
263,574,537,395,144,331,307,216
221,585,556,400,166,324,301,218
235,537,513,370,174,428,405,258
235,549,521,361,190,416,388,290
238,553,527,364,163,320,302,198
221,517,493,370,151,297,279,184
215,659,633,450,102,157,147,117
280,632,596,448,176,422,404,307
271,632,615,459,143,274,255,187
198,449,423,315,180,415,393,278
256,614,585,418,138,322,305,227
225,580,558,441,182,357,335,243
295,674,634,462,174,312,293,218
221,524,501,382,160,344,328,237
245,599,552,406,165,322,301,217
232,592,563,378,131,269,251,191
195,489,465,313,212,453,426,342
221,545,509,375,186,419,393,295
215,518,490,328,192,394,365,283
156,378,363,275,212,502,464,343
174,448,430,316,143,240,218,155
261,570,532,383,167,295,269,206
147,293,278,204,183,415,390,270
245,619,574,442,142,277,261,184
156,346,322,217,168,310,286,218
252,688,659,477,210,468,447,327
236,566,523,420,122,204,186,146
209,556,511,412,148,302,288,204
287,660,633,459,167,390,370,285
252,702,680,546,213,473,451,344
248,575,543,426,165,356,345,234
219,492,466,328,188,436,417,305
266,566,533,405,172,364,343,261
188,434,399,286,204,448,421,326
177,413,395,302,134,232,214,158
266,666,629,468,167,333,318,249
240,557,530,406,194,413,393,282
188,504,478,341,160,307,289,197
204,519,499,341,166,413,403,316
197,468,448,325,117,245,232,173
273,717,684,509,195,399,380,247
237,587,552,394,157,346,329,236
251,581,547,406,214,502,477,344
227,559,531,402,215,492,461,328
253,587,561,394,133,226,216,166
232,663,625,458,182,432,407,279
223,594,567,432,176,393,364,289
234,538,508,361,162,328,314,216
298,720,686,523,160,300,283,227
205,600,571,454,163,450,426,327
203,541,514,371,184,435,415,295
245,579,546,419,145,339,323,209
221,525,494,358,181,433,419,315
228,552,533,397,189,423,399,288
246,613,589,441,185,389,357,272
249,663,629,460,179,377,349,281
183,475,446,325,122,215,194,164
266,615,579,424,160,330,303,196
234,516,487,331,164,335,315,255
270,672,630,462,142,292,280,205
229,589,566,388,126,244,229,166
188,468,444,323,192,404,377,280
234,514,482,322,164,337,319,245
223,570,543,416,185,436,413,295
170,402,378,259,160,343,324,239
234,617,573,410,201,424,403,304
245,558,525,406,115,190,172,124
246,596,563,389,252,483,449,331
240,559,525,387,127,260,244,182
303,761,720,526,158,356,331,236
230,529,495,383,210,497,473,345
162,386,368,256,159,348,335,268
210,440,420,311,163,389,371,291
261,693,664,467,196,434,405,299
159,358,337,262,207,466,446,326
195,422,397,280,152,313,293,207
248,685,650,478,171,419,391,304
253,645,615,473,163,427,402,290
182,399,376,281,127,246,228,169
250,591,566,420,125,232,221,173
321,739,702,489,195,475,447,346
182,460,430,307,157,438,412,296
206,423,405,287,240,473,441,340
295,609,579,408,189,409,386,292
189,367,343,265,175,422,402,326
262,562,524,383,139,314,298,226
188,466,449,319,131,295,277,189
152,318,295,214,218,504,480,334
250,600,562,425,142,286,267,199
210,548,519,386,185,389,363,278
243,526,494,378,125,208,196,131
165,473,449,309,112,228,216,159
295,735,698,536,177,394,367,261
270,766,738,545,132,320,297,227
220,470,437,302,252,540,515,376
213,448,420,309,206,414,389,276
208,540,509,381,196,427,407,300
271,708,686,509,163,329,314,242
241,682,657,467,164,349,333,250
125,322,303,210,219,472,447,342
250,585,554,427,162,355,333,252
263,656,629,443,189,422,397,290
189,407,386,279,125,274,255,163
253,569,530,410,110,154,141,109
225,496,469,340,187,396,371,278
249,579,549,415,155,343,323,273
202,453,427,313,116,283,270,208
206,490,465,315,164,401,379,270
251,593,552,422,201,481,457,356
173,382,366,243,203,419,394,268
282,683,642,473,195,407,381,274
292,672,636,477,160,337,318,221
172,499,482,341,143,284,266,202
274,723,692,511,223,497,480,342
267,762,736,536,176,371,351,239
252,615,587,428,193,472,453,318
264,630,588,427,153,333,317,221
202,363,342,249,207,439,423,311
280,630,594,432,130,277,266,196
229,564,532,385,191,434,410,308
215,480,464,332,181,459,443,333
267,637,611,456,157,284,258,213
243,599,574,399,160,324,303,223
237,584,558,436,165,374,358,262
261,626,597,438,217,533,506,387
233,562,532,395,154,355,340,259
241,550,525,346,153,382,362,263
204,488,459,336,210,439,415,321
299,679,650,466,193,435,411,290
241,646,617,461,171,318,295,222
180,374,347,246,168,298,277,217
274,617,580,436,158,355,333,257
208,478,454,309,182,369,347,247
241,572,539,365,134,335,309,246
219,559,529,409,180,324,305,229
204,535,511,409,168,393,368,284
221,533,501,383,216,525,496,378
297,710,679,520,155,330,314,222
211,477,447,328,151,351,331,241
177,403,370,268,212,555,531,406
258,549,518,391,114,228,205,138
182,446,429,295,135,275,262,201
252,602,573,409,161,308,283,200
216,432,410,312,134,342,327,226
200,426,402,297,147,313,295,229
240,601,578,438,165,332,315,242
207,580,552,425,158,325,306,233
232,560,519,375,108,270,254,179
240,521,501,351,169,358,338,260
247,628,599,416,167,312,291,221
217,571,553,398,143,311,292,213
243,636,601,458,197,392,369,263
192,581,552,411,159,276,255,192
210,595,569,403,157,316,292,202
210,458,435,299,183,396,370,287
261,674,646,483,199,454,427,328
248,630,597,445,151,333,311,235
251,680,651,487,178,345,329,258
215,473,454,320,185,426,399,287
222,479,454,307,131,266,246,200
203,496,461,355,135,213,197,152
213,482,447,308,213,451,422,319
265,588,557,414,157,322,305,219
230,464,434,340,177,369,339,269
212,494,465,360,199,386,357,266
217,594,567,419,184,403,381,295
254,592,554,392,162,354,338,239
240,568,539,398,195,440,418,289
218,525,505,349,133,334,312,227
216,503,482,337,167,405,385,267
254,768,724,530,203,433,411,284
256,649,620,447,196,436,415,301
210,423,395,276,160,305,286,200
263,707,672,504,126,273,258,172
185,430,406,303,172,417,391,283
207,498,471,306,175,353,328,226
199,440,417,305,183,352,326,255
248,554,527,347,212,476,450,348
237,575,548,398,176,374,343,263
208,415,389,298,171,375,343,232
241,588,554,401,221,532,512,344
230,532,511,391,181,404,385,302
222,582,556,408,179,397,368,282
286,702,665,503,240,581,555,402
214,535,501,386,205,440,409,280
241,606,576,430,124,231,217,168
218,535,507,384,165,368,353,260
285,682,648,472,162,380,356,261
236,580,553,415,128,233,224,169
213,480,454,335,238,525,493,373
174,382,352,274,219,475,446,308
244,474,454,353,150,312,295,218
221,552,523,384,141,318,308,216
203,463,434,306,166,349,330,239
200,524,493,355,160,395,376,254
159,346,328,212,167,328,302,219
284,747,703,518,191,401,383,294
220,484,458,331,173,432,409,302
259,644,613,441,132,289,269,196
222,622,595,458,138,306,285,197
219,523,502,378,145,250,235,176
249,578,542,399,138,327,313,246
234,563,530,415,178,444,422,293
232,506,469,318,190,381,362,253
198,448,421,320,176,361,348,268
255,673,649,474,186,365,339,261
217,572,546,400,171,324,307,245
254,613,576,405,205,409,383,267
291,651,627,495,136,285,270,183
254,622,593,441,132,275,257,186
244,604,570,416,160,315,297,227
276,667,637,509,182,410,383,305
172,422,401,276,182,422,400,303
261,596,565,417,205,440,405,296
235,528,499,350,233,476,455,315
249,575,543,389,196,397,379,265
255,685,668,486,128,273,256,198
200,431,402,320,204,483,455,372
254,601,576,422,160,368,347,224
228,608,575,426,167,350,333,240
257,603,570,403,182,393,361,240
237,542,518,378,206,463,437,328
328,757,724,509,188,466,444,334
250,579,543,380,158,310,293,218
245,634,614,456,181,390,370,262
220,492,471,342,165,337,317,253
261,583,545,393,177,349,331,233
250,651,620,443,175,358,335,263
247,613,587,470,133,275,261,190
247,523,496,335,175,343,327,243
258,598,574,425,166,346,324,237
258,509,479,341,126,294,285,195
203,510,493,355,174,380,352,264
204,462,441,307,180,390,367,265
204,443,420,323,225,511,482,335
270,678,645,508,203,433,408,293
232,629,598,412,244,578,549,398
193,465,439,341,202,483,451,333
204,469,445,325,132,223,206,158
253,610,575,433,117,220,211,138
195,507,492,319,180,397,374,277
199,553,525,365,216,412,387,295
235,650,610,448,138,242,226,178
265,705,682,475,182,400,375,270
174,408,375,288,199,448,426,332
283,691,652,458,189,400,381,309
278,604,566,448,180,413,384,283
236,586,556,424,144,321,297,200
208,507,485,345,198,444,426,308
237,547,521,380,140,320,299,207
267,630,599,446,224,463,436,323
206,536,510,414,180,368,346,248
192,518,488,363,193,449,430,295
265,719,690,505,223,471,449,333
180,424,400,269,207,417,399,296
204,464,433,295,138,304,280,204
212,502,480,370,138,206,185,155
220,599,575,429,195,394,369,270
229,641,609,439,149,343,332,252
202,452,418,286,204,458,430,329
250,558,531,347,160,327,303,244
240,553,522,369,183,443,421,324
228,599,576,418,157,295,273,217
273,638,596,423,167,338,316,234
222,539,510,379,183,444,426,329
214,441,412,288,111,196,178,146
174,441,421,303,138,282,267,204
165,426,400,303,148,294,278,183
188,464,439,316,188,454,426,304
260,641,612,430,160,331,316,223
183,471,447,308,137,263,242,186
186,494,479,345,136,329,309,205
179,450,432,301,111,250,238,164
192,517,492,338,163,319,297,224
245,571,543,406,151,296,274,213
265,652,621,466,207,485,464,343
233,603,566,442,178,407,382,293
251,593,566,403,222,465,440,319
245,583,555,405,126,242,229,186
230,514,484,364,162,390,371,281
210,482,455,327,182,370,349,250
283,666,627,437,160,282,263,211
234,587,565,421,168,394,376,276
222,485,455,314,162,324,303,223
241,638,607,447,182,394,371,275
281,798,776,597,168,268,251,188
181,464,438,345,160,349,326,247
227,639,615,472,137,251,234,172
225,591,563,395,136,324,312,237
192,478,455,299,181,438,415,318
201,392,375,305,195,383,362,264
223,559,529,394,188,439,413,305
241,633,603,443,147,330,310,232
263,668,637,456,196,406,386,291
239,639,605,424,168,362,337,236
206,516,485,352,157,303,285,210
297,702,667,504,207,418,393,302
279,705,676,488,147,291,271,181
216,498,476,343,121,245,230,175
189,442,418,317,210,452,422,306
233,613,590,440,171,355,333,250
297,662,635,452,161,346,326,268
238,577,546,400,179,327,302,229
287,612,572,423,138,285,270,196
245,659,616,432,195,406,384,274
250,583,557,423,161,294,271,193
272,717,682,503,140,329,319,215
245,685,651,474,162,322,308,234
267,713,674,514,164,358,335,232
167,334,317,258,167,299,275,196
240,592,557,407,160,348,333,253
256,601,568,408,140,313,292,212
255,622,592,408,185,358,336,243
277,619,581,441,197,431,411,296
223,594,570,409,210,434,411,310
226,614,585,446,189,371,354,249
272,685,655,497,131,239,217,152
268,738,708,513,169,359,337,232
267,690,653,508,171,330,305,230
219,490,462,328,173,396,377,296
259,625,591,429,140,253,239,164
229,604,559,417,153,318,297,209
205,436,409,291,183,386,366,266
271,639,618,431,197,417,395,307
254,576,550,365,161,373,355,285
259,606,576,429,191,401,375,297
262,674,646,470,284,608,580,432
193,412,395,286,199,415,389,280
181,438,411,325,137,281,268,197
223,596,569,413,165,373,349,268
241,550,520,352,144,242,227,165
221,589,564,403,148,333,315,235
141,256,241,171,150,259,248,186
267,600,567,441,122,214,197,154
195,485,465,337,175,410,379,272
252,552,522,400,169,366,347,246
198,381,362,279,172,330,310,236
241,560,527,396,210,518,486,375
206,526,503,362,201,389,368,274
253,632,603,433,167,342,322,219
258,648,614,471,150,276,257,176
237,560,532,401,207,424,403,293
206,431,413,282,121,268,253,190
245,643,611,455,114,190,175,127
208,498,467,347,211,465,437,347
252,578,547,381,183,400,376,270
245,641,615,452,164,325,305,251
270,683,646,467,188,387,366,274
227,552,522,365,187,390,361,255
249,651,620,446,177,407,383,296
197,525,503,331,153,326,302,237
217,484,453,320,198,410,393,301
173,405,380,286,174,412,384,269
270,708,681,499,189,359,324,243
248,637,595,429,213,452,422,320
189,537,514,323,171,380,352,241
228,543,518,371,175,409,386,310
237,566,537,377,165,396,379,264
264,602,569,404,127,211,202,164
212,525,495,393,170,377,359,269
256,604,579,438,144,305,285,194
190,490,470,329,156,309,288,200
237,589,552,401,177,322,301,234
234,586,558,409,196,479,454,349
233,546,513,333,204,497,465,347
240,624,598,422,179,369,342,243
237,546,518,373,173,449,429,311
244,664,636,493,213,416,389,293
220,591,566,423,188,361,339,259
237,538,503,362,164,318,296,218
250,596,566,418,159,361,343,241
232,619,581,459,151,314,300,217
207,490,464,331,162,301,286,216
252,606,577,443,147,309,295,224
225,633,608,451,250,510,480,347
202,459,422,285,179,385,358,279
259,569,533,390,156,307,291,216
265,569,539,400,144,268,250,174
200,452,424,305,225,475,446,350
227,520,500,346,169,358,336,254
169,381,353,245,151,389,360,267
224,639,605,444,195,412,390,273
228,519,495,359,175,394,367,276
254,698,667,472,166,294,279,214
253,616,581,464,152,350,329,218
236,497,460,332,164,395,379,261
301,702,671,468,110,231,210,149
216,498,475,338,149,346,328,251
237,614,584,424,181,416,393,265
290,729,701,513,157,341,327,264
241,531,497,352,158,335,305,224
204,545,512,341,191,358,333,254
236,578,555,425,176,401,374,274
272,696,670,499,242,500,463,348
187,522,495,339,144,346,323,230
219,523,505,377,148,260,245,181
240,564,544,405,184,425,402,305
239,594,573,416,169,344,325,235
215,570,548,383,213,534,502,392
165,321,300,232,185,346,320,235
218,510,488,328,199,472,447,341
215,534,505,389,148,358,338,228
236,580,554,411,141,311,290,233
212,600,585,414,253,488,459,341
245,586,563,409,110,192,184,135
203,496,471,324,154,322,308,226
194,563,539,400,176,385,359,277
195,362,336,238,184,456,434,306
164,418,396,255,164,319,301,221
245,608,585,448,193,446,416,295
280,712,670,493,141,269,253,195
257,572,532,378,166,328,312,249
185,424,406,292,158,317,302,222
260,630,600,437,218,508,485,351
220,599,574,455,136,283,266,182
244,627,595,440,179,403,384,290
195,494,466,341,146,349,334,244
296,765,723,534,161,301,285,200
205,626,601,458,141,296,284,203
209,511,478,339,150,287,260,211
193,478,457,308,175,375,347,263
193,423,393,259,183,477,455,332
192,422,400,283,194,410,388,312
168,313,292,216,226,577,551,413
232,598,567,412,203,445,426,326
178,437,409,294,154,287,265,179
233,553,518,368,200,437,412,294
252,581,543,404,195,390,359,261
195,418,394,285,185,408,388,282
188,434,414,308,177,336,307,221
219,532,499,365,162,311,294,242
184,482,461,322,199,432,409,291
186,421,398,290,167,378,357,262
232,486,456,331,204,436,414,323
221,578,552,408,224,473,444,321
270,659,622,459,257,528,495,363
195,450,422,320,170,385,366,276
223,635,610,436,171,363,344,263
158,336,318,249,196,426,401,312
266,665,640,481,140,252,232,173
215,495,473,363,175,381,355,277
246,549,519,410,155,282,257,190
199,573,548,407,193,420,409,287
213,522,494,367,197,380,354,250
279,699,666,469,130,263,250,178
241,586,561,411,213,496,473,356
179,430,408,274,190,411,387,291
244,649,619,443,170,332,312,249
225,562,534,370,159,368,351,264
302,706,667,490,156,313,297,233
211,442,417,317,157,355,330,271
235,530,503,344,133,248,221,155
177,387,366,294,143,280,260,195
229,588,563,419,180,453,429,314
291,661,630,488,147,309,281,219
186,484,458,333,161,332,305,249
260,657,626,453,179,428,407,291
215,537,506,337,190,384,359,257
255,683,643,490,169,351,325,239
261,641,607,444,190,451,427,325
229,580,548,434,169,380,358,273
207,440,414,322,171,350,324,242
243,530,506,386,150,328,308,250
228,596,566,414,202,457,424,323
238,533,508,348,230,508,483,342
205,480,461,320,154,354,335,238
241,569,536,376,172,419,412,288
277,671,626,453,97,193,185,139
149,278,265,198,130,284,266,196
199,507,476,360,210,504,482,355
278,732,708,517,200,461,440,299
288,712,680,506,162,398,375,265
193,451,427,304,172,321,301,229
217,574,542,369,161,331,311,221
192,471,441,290,112,256,240,175
249,687,653,485,201,479,463,348
263,674,633,477,212,479,445,309
241,592,567,407,187,447,430,317
253,588,565,407,133,246,231,158
210,523,491,351,189,414,394,310
204,457,433,334,159,357,334,260
213,524,496,351,180,410,389,316
181,404,381,272,183,415,395,295
279,764,733,536,127,276,259,187
250,587,559,400,201,411,389,283
237,558,532,430,158,272,260,192
226,549,529,385,156,291,271,185
299,692,657,478,148,345,332,226
193,491,469,330,187,391,368,278
216,535,512,424,134,316,304,225
177,369,345,238,182,412,392,303
220,510,480,340,165,337,308,236
226,523,501,342,175,348,324,261
211,547,530,387,154,340,322,237
236,548,516,389,152,331,316,242
252,576,547,409,179,450,429,326
208,482,461,327,178,429,412,321
204,466,433,315,138,250,229,163
221,533,492,394,215,477,442,322
190,470,440,323,189,473,448,328
251,593,557,435,135,213,201,150
329,786,743,545,114,217,201,165
239,595,569,412,150,331,313,211
227,484,459,309,256,574,544,416
232,642,617,441,158,329,317,211
209,425,396,322,118,210,193,134
254,699,666,479,165,331,312,241
234,540,511,392,189,392,370,291
220,467,449,310,189,384,365,282
191,465,442,310,150,315,296,224
292,655,629,433,177,333,314,249
182,394,372,265,129,294,284,230
330,760,727,530,157,336,318,228
184,413,386,270,154,350,332,240
259,628,600,412,215,414,392,267
201,515,491,352,179,337,321,265
222,536,507,378,172,340,317,235
184,500,475,350,189,400,372,261
292,634,594,435,147,307,287,213
207,468,446,297,160,318,303,224
192,486,458,318,191,486,469,360
205,508,477,346,182,418,393,261
204,484,461,333,184,511,486,367
251,579,550,391,193,371,343,260
132,308,287,194,133,264,247,198
200,471,446,369,158,342,317,238
260,684,653,470,147,309,289,204
181,429,401,285,131,308,295,206
245,651,618,478,165,349,329,229
219,509,482,353,190,402,385,314
246,563,533,390,129,272,253,174
161,424,400,314,153,286,268,206
233,656,626,487,159,305,285,225
256,613,581,441,201,392,363,290
239,605,582,412,152,300,283,207
234,534,505,361,180,397,373,261
249,624,605,430,181,418,399,295
218,500,472,346,190,379,358,249
171,314,298,231,165,363,338,273
243,650,615,464,195,402,380,272
246,639,615,489,171,331,313,231
158,343,317,215,210,465,446,299
285,695,662,494,137,333,314,259
251,560,523,373,145,312,289,218
247,579,549,412,129,243,232,162
227,470,441,345,178,367,343,235
199,444,415,309,142,242,221,183
210,445,419,314,152,344,321,228
190,417,388,281,202,468,449,333
136,336,317,219,178,348,322,213
202,434,412,284,171,349,327,235
224,557,523,377,148,369,348,261
214,578,552,401,181,435,414,306
194,481,461,333,216,450,412,318
267,615,581,458,178,421,408,297
177,429,411,311,112,209,197,140
222,534,502,346,136,314,299,227
167,344,325,236,204,463,444,331
207,493,467,319,122,258,245,185
243,580,562,417,193,388,367,281
298,661,619,450,162,366,345,231
244,572,542,414,149,308,292,217
225,453,427,309,204,532,509,378
273,679,636,506,161,327,308,216
258,584,551,384,193,403,381,276
172,334,306,222,132,320,295,224
252,595,568,422,160,290,267,200
219,453,423,299,141,325,308,227
160,323,297,233,152,317,301,230
237,524,499,390,187,372,352,260
197,452,432,272,166,411,392,283
260,697,671,477,227,447,419,293
256,656,628,469,237,534,504,376
199,484,462,336,181,419,400,297
213,501,472,356,199,446,417,318
260,612,578,421,175,436,420,291
266,660,627,459,138,330,307,216
223,558,536,374,134,282,267,201
217,542,518,356,139,293,272,191
284,741,705,517,154,300,281,206
233,604,575,405,180,403,381,302
184,403,380,278,180,405,382,279
273,701,674,500,203,472,447,340
286,694,656,475,187,391,375,266
229,507,483,322,159,362,340,251
212,553,529,396,196,383,361,258
154,392,371,253,160,336,318,243
212,477,457,314,170,414,388,283
186,447,425,292,170,359,336,239
255,640,613,477,124,225,212,166
230,581,551,381,153,314,295,222
178,419,396,285,149,352,332,243
246,496,458,318,202,459,431,301
228,555,523,364,175,378,353,279
225,581,553,382,164,288,271,197
173,404,381,258,168,348,328,253
278,730,697,486,174,383,362,291
228,504,479,347,194,357,330,243
216,509,490,385,192,472,458,342
147,326,312,223,191,398,371,276
167,331,313,217,112,224,199,158
213,515,492,341,123,243,227,178
234,631,599,435,163,370,355,251
207,525,496,393,219,540,512,395
305,748,714,516,218,458,433,327
239,595,576,419,157,305,278,197
235,518,500,364,196,426,396,287
220,638,611,427,167,346,319,216
230,573,544,401,207,430,413,306
261,565,535,374,149,355,335,246
296,697,661,491,156,393,377,286
201,490,459,318,196,449,429,322
200,493,466,327,157,304,286,200
234,589,555,405,164,382,363,246
207,533,510,363,168,378,358,253
145,305,286,190,224,423,400,310
237,554,528,374,123,279,258,199
202,460,432,322,157,363,340,215
182,346,312,229,123,209,195,167
192,493,463,337,165,324,302,210
212,437,407,289,179,464,440,322
243,614,579,403,139,281,263,180
253,606,580,433,191,360,341,270
226,618,585,438,168,296,282,199
232,447,428,298,135,221,203,159
224,457,433,312,185,392,370,280
166,384,358,245,188,415,389,269
215,550,516,357,174,388,370,255
238,670,643,476,185,412,392,275
236,677,653,485,177,342,323,243
263,685,661,503,225,506,476,376
201,471,447,315,124,210,193,145
214,551,530,402,162,392,368,258
188,457,431,289,155,371,353,246
184,477,456,333,187,390,365,290
244,575,553,415,138,299,276,212
256,659,627,467,203,452,429,301
211,536,505,371,140,289,267,201
227,511,485,371,99,202,195,131
255,583,560,402,190,375,351,253
259,646,607,458,109,226,214,152
293,716,673,505,172,371,346,249
206,549,524,401,157,375,350,253
229,595,561,439,159,366,342,235
271,628,599,424,146,263,244,197
228,577,555,430,147,346,327,237
207,612,583,444,166,323,304,225
276,660,622,472,211,507,482,369
241,639,603,446,116,226,210,179
217,581,559,412,162,404,382,258
250,579,546,365,156,397,378,303
190,424,398,301,153,355,343,257
196,416,390,294,136,252,234,178
264,669,638,473,169,376,359,267
185,417,384,260,119,231,206,149
243,594,557,382,184,443,419,296
246,589,546,398,220,461,431,315
259,597,560,410,163,370,351,275
219,675,660,505,153,358,339,269
260,609,577,430,140,314,296,240
248,595,566,430,167,386,361,260
293,729,689,514,175,435,417,327
284,687,657,484,211,436,399,297
224,545,522,388,130,249,231,158
211,427,398,258,217,451,431,321
222,564,535,386,200,439,408,311
235,511,479,366,161,313,293,204
220,607,581,413,178,395,374,253
249,580,556,378,183,310,286,217
232,568,549,390,155,332,310,224
201,512,484,328,176,305,282,222
229,580,541,389,145,299,283,206
206,461,437,306,152,330,308,207
207,460,437,301,135,219,200,159
298,676,628,459,128,282,262,188
261,632,594,439,141,301,282,198
172,360,340,278,162,292,276,204
192,499,476,355,169,378,355,257
251,552,524,356,155,317,298,223
216,541,515,352,181,424,402,276
284,644,609,416,159,321,304,221
203,513,497,370,198,476,453,344
184,433,416,302,137,249,238,173
221,533,504,362,180,355,332,253
175,415,387,261,168,408,388,279
170,422,399,255,157,349,320,257
231,537,515,376,151,320,295,213
263,688,655,476,186,420,394,296
173,378,352,223,178,302,286,212
197,458,435,323,152,315,289,204
206,548,521,358,167,377,359,259
243,619,587,426,182,411,386,284
235,528,498,362,144,310,288,205
241,622,588,455,161,362,331,248
245,605,578,433,117,272,258,181
224,515,489,401,157,304,281,201
276,724,688,536,162,309,289,200
189,376,355,263,192,430,410,297
192,480,458,314,218,506,477,362
171,384,360,233,167,328,307,217
209,516,496,348,156,341,315,241
237,562,529,435,169,381,365,260
251,598,565,415,118,212,192,152
265,700,664,523,132,263,244,169
232,665,629,467,202,486,465,355
152,329,306,239,154,323,303,216
274,687,650,487,180,366,332,232
218,582,556,408,181,479,455,353
227,539,509,378,209,457,439,303
266,654,620,461,112,206,187,157
216,541,515,358,180,451,429,334
216,556,530,394,171,324,310,239
214,455,428,292,210,459,436,307
204,507,474,336,188,376,358,254
242,538,510,371,101,217,198,158
250,601,571,418,188,463,437,309
236,543,514,345,164,381,363,286
220,608,581,452,188,374,357,263
182,446,432,301,153,300,276,212
229,521,489,345,161,332,314,249
231,635,614,429,160,351,330,246
205,430,400,262,224,506,484,345
250,656,604,436,142,283,271,183
236,546,513,406,144,288,269,207
254,485,457,325,219,487,469,367
257,566,538,394,179,359,338,239
244,586,549,430,183,409,387,279
278,717,685,493,186,382,361,243
256,669,640,475,129,250,238,174
187,430,407,269,123,257,246,183
185,415,396,291,131,257,242,169
236,625,594,454,144,304,290,227
285,733,694,536,160,302,280,212
218,495,476,337,151,268,255,186
268,633,605,458,188,372,352,251
201,430,398,303,185,390,367,260
239,594,569,414,195,435,415,313
285,684,659,476,183,372,353,252
180,488,467,331,171,281,259,192
253,605,573,418,176,382,363,253
204,463,446,321,207,491,468,344
215,542,516,361,196,456,436,312
188,449,426,343,160,328,307,234
200,541,512,361,118,239,222,166
259,565,526,394,171,354,330,247
298,757,721,534,188,388,365,269
222,575,550,407,216,448,422,303
167,341,318,226,206,397,377,300
252,665,639,467,143,302,278,198
216,486,453,351,224,493,472,340
211,470,448,323,228,573,548,400
237,647,624,442,121,251,239,150
271,613,583,417,167,328,313,207
207,553,523,376,221,452,415,307
290,637,600,411,214,450,426,327
273,587,544,420,121,272,251,192
205,474,452,319,142,277,256,186
258,619,587,462,185,413,385,276
259,625,594,416,207,453,426,325
187,493,464,338,205,488,455,336
219,570,531,388,198,508,487,336
213,513,485,354,163,399,382,272
259,535,506,387,187,434,409,290
242,603,569,400,156,345,327,246
251,640,606,462,199,472,451,360
213,466,438,308,188,387,366,255
270,616,592,420,164,348,332,218
207,496,466,352,164,337,311,226
208,485,460,321,177,349,318,252
209,553,523,400,144,297,277,186
210,534,507,393,202,472,447,324
222,531,510,356,155,353,336,258
194,427,402,290,143,343,323,240
239,579,556,417,139,290,275,193
259,690,665,491,157,332,303,230
239,594,562,431,204,513,494,367
260,630,602,437,206,515,488,365
191,407,385,283,196,409,385,270
181,367,346,243,162,337,315,226
236,650,623,472,212,459,429,333
290,678,638,482,211,547,522,376
180,435,417,321,143,292,265,200
240,642,609,440,150,287,271,227
245,554,522,366,157,299,275,200
268,636,607,440,184,334,320,248
245,632,599,420,157,323,296,224
265,636,598,442,190,380,364,276
238,586,554,407,113,200,183,135
203,532,499,366,167,371,347,268
249,603,577,432,168,421,406,316
230,531,501,353,149,305,288,226
187,422,397,286,218,492,463,336
281,647,600,462,153,329,308,226
266,598,571,430,147,348,332,227
253,635,602,437,141,324,303,222
204,510,488,343,163,372,351,272
198,467,442,333,158,335,317,263
184,429,410,276,157,345,325,231
210,519,493,349,127,245,232,170
267,575,533,403,124,224,204,138
279,697,672,481,175,352,334,262
255,647,618,436,197,424,400,289
218,558,535,357,149,302,285,221
228,641,610,436,185,448,424,328
290,684,644,463,129,260,249,186
184,510,480,330,194,430,403,322
275,599,565,412,158,343,324,237
158,404,390,275,147,368,352,236
248,710,679,491,127,266,252,201
182,482,453,285,179,391,372,280
219,539,516,387,184,377,358,254
255,674,642,465,185,454,430,347
220,534,508,376,90,147,132,108
215,539,519,402,211,455,437,311
251,638,601,453,120,217,201,147
248,580,556,399,181,383,359,269
248,603,563,417,129,279,266,196
273,700,669,501,181,331,308,231
191,502,477,345,143,272,254,178
248,614,590,429,137,266,251,169
222,521,494,345,167,370,351,259
197,481,460,305,151,396,381,276
205,490,457,330,195,436,415,303
184,451,420,319,218,440,409,309
214,441,414,317,170,395,371,285
326,775,732,542,184,379,361,256
264,652,623,458,132,263,249,191
244,603,568,399,166,338,320,238
207,511,486,339,176,377,358,280
235,560,531,421,187,470,448,347
197,470,445,336,132,319,299,218
196,516,494,378,162,358,340,232
196,434,406,275,144,305,285,196
208,546,515,381,151,305,289,220
273,662,631,457,159,346,317,228
222,492,467,350,179,348,326,238
236,617,588,438,161,279,259,195
277,673,641,472,154,332,315,214
291,761,725,510,174,369,346,262
245,516,492,347,169,392,363,266
244,634,611,434,164,397,377,318
250,627,597,438,199,448,423,310
229,548,513,357,189,368,345,251
237,613,584,440,188,445,434,327
266,688,659,497,135,337,317,225
233,518,488,323,154,357,342,227
260,652,627,460,135,219,200,143
251,653,618,467,212,415,399,288
263,629,601,444,139,260,241,200
237,601,576,437,152,268,247,175
252,654,616,449,141,282,258,194
249,580,543,424,165,373,356,269
180,472,439,295,145,290,273,215
240,549,520,368,227,469,446,334
251,627,591,451,169,430,408,305
252,598,576,456,182,402,376,279
213,548,526,403,198,462,441,363
284,674,643,477,161,288,269,212
217,529,498,332,192,397,370,286
223,687,658,489,193,453,430,343
202,476,458,327,160,252,236,175
195,445,416,298,168,316,293,238
244,683,658,448,144,301,275,209
281,645,610,448,160,307,281,238
253,635,607,458,143,289,272,198
285,665,635,442,133,252,240,171
261,562,529,399,174,366,345,252
171,411,392,258,142,319,305,221
235,543,522,384,168,330,308,229
209,480,451,317,139,256,240,193
212,396,374,281,140,335,316,238
202,485,458,316,156,314,283,204
181,450,428,301,134,217,203,158
252,672,643,471,189,416,398,287
218,532,511,364,212,515,486,359
231,514,488,366,176,333,311,237
225,581,556,422,170,388,375,292
296,689,648,476,200,427,410,291
191,536,509,361,229,476,448,354
251,635,607,438,190,416,393,292
201,411,391,274,182,411,389,282
263,574,543,363,162,315,291,227
207,454,435,327,167,349,323,228
249,622,591,422,257,533,514,362
214,465,444,332,153,398,380,264
244,570,535,371,185,414,398,316
244,638,611,451,175,348,323,250
211,524,502,356,174,415,389,308
162,366,350,272,201,453,435,332
233,539,516,378,192,499,480,360
224,622,592,431,168,342,320,214
279,609,577,423,146,320,299,212
208,521,499,360,175,412,388,292
226,551,519,367,197,479,452,332
166,448,425,290,194,385,361,281
149,348,328,234,156,358,343,252
155,366,342,240,206,490,461,350
231,628,601,438,140,245,228,173
250,522,486,365,201,449,431,302
297,699,663,484,130,329,315,226
215,495,462,343,165,370,343,229
233,526,495,384,168,385,355,258
209,499,472,326,145,271,249,200
195,587,557,424,178,440,423,304
176,432,419,313,144,283,264,187
267,583,546,408,147,340,313,238
259,630,603,468,158,339,321,237
167,372,355,254,153,256,241,177
252,568,531,425,203,437,411,318
231,539,525,363,194,410,386,293
260,645,612,443,198,417,387,311
244,587,557,415,172,350,325,244
221,536,513,386,155,307,284,201
204,428,400,292,165,277,256,212
199,391,367,251,205,511,482,355
241,553,533,375,158,327,312,240
265,584,562,427,158,263,248,188
176,356,332,238,186,430,402,285
242,632,601,463,146,360,342,245
218,535,509,361,203,435,412,321
244,607,574,388,195,398,372,269
215,414,386,248,145,339,321,229
205,545,512,359,120,230,216,148
202,414,396,297,134,320,303,223
238,528,514,363,176,360,333,235
209,517,494,344,161,385,371,262
276,646,601,432,162,343,318,230
273,627,591,441,189,346,325,238
212,428,396,311,179,377,361,267
171,427,403,274,110,208,196,159
292,646,603,454,229,454,431,315
282,657,616,439,185,444,419,324
199,492,470,320,163,341,315,246
233,559,526,376,151,356,338,287
246,452,418,320,205,528,510,390
218,454,427,317,141,311,289,207
209,467,434,318,203,454,433,304
187,467,445,334,145,284,270,217
213,547,515,369,201,494,471,359
290,671,637,478,176,429,404,311
288,739,707,532,132,235,227,178
239,620,594,436,138,310,294,230
249,593,565,408,191,406,382,288
285,689,654,462,138,300,285,195
214,431,397,292,192,432,406,282
260,626,597,455,133,260,244,182
271,598,562,413,197,415,393,293
296,686,654,491,169,419,391,293
207,488,455,323,227,404,378,294
230,625,601,449,201,465,442,339
216,573,543,407,153,346,323,243
293,604,565,415,118,220,206,142
168,380,365,243,116,201,186,129
161,348,324,216,182,338,316,243
255,638,610,434,167,312,290,222
172,420,402,303,161,379,357,267
251,641,607,443,155,380,354,253
177,408,381,293,184,341,326,252
264,636,611,452,218,494,468,326
212,540,505,378,249,457,430,316
231,525,488,357,138,289,276,201
179,459,432,312,159,372,344,244
229,576,554,354,212,535,504,386
256,613,573,456,138,298,286,202
247,609,576,432,173,400,384,280
201,480,458,317,149,381,362,254
214,458,441,302,179,335,316,237
266,652,612,454,201,497,472,372
228,567,544,374,161,335,311,252
276,719,688,496,208,477,453,368
201,477,450,323,157,284,261,194
243,517,489,367,121,245,226,175
265,706,683,493,122,284,268,191
187,414,388,287,130,308,289,222
192,485,460,320,190,381,356,265
192,490,462,323,245,632,604,448
206,459,437,302,187,350,328,239
203,479,449,305,143,273,256,191
200,447,424,295,193,476,451,348
187,410,390,279,165,347,327,230
210,477,443,314,208,477,456,345
217,444,416,299,133,232,214,153
150,327,306,239,239,550,524,384
223,632,597,457,174,410,388,314
224,619,592,437,226,487,459,327
255,607,580,405,161,363,341,258
292,670,648,457,195,386,358,259
246,634,596,421,150,321,309,210
221,541,514,398,114,235,220,168
210,614,587,444,149,348,334,235
258,637,600,458,163,364,346,246
203,490,472,329,148,289,268,219
271,624,583,440,168,334,312,244
234,596,567,448,182,375,349,273
220,484,456,311,148,290,271,202
229,601,574,385,130,222,209,153
205,497,472,352,179,392,368,276
179,409,384,286,145,376,352,267
207,459,429,322,148,275,252,193
226,606,575,419,171,350,329,229
272,727,693,526,198,397,368,277
213,509,482,341,181,419,399,281
227,621,597,428,118,291,276,182
253,632,609,456,169,349,317,229
196,471,445,340,165,314,288,195
201,432,406,301,127,250,231,169
186,394,368,274,195,452,438,323
209,422,398,271,194,441,419,283
208,573,550,424,200,467,441,333
204,441,417,286,122,226,212,161
205,547,526,373,149,354,332,233
194,573,545,384,169,395,377,259
225,509,478,329,184,403,378,274
278,634,610,449,179,344,327,239
266,638,612,459,152,299,274,197
229,463,442,288,155,319,306,226
179,445,421,314,154,301,281,235
194,492,467,324,178,366,345,255
273,726,692,474,141,331,313,227
233,498,478,339,100,165,151,114
175,467,453,316,188,460,443,317
210,493,471,309,171,353,331,241
211,559,531,405,168,398,373,267
181,509,481,343,156,344,318,245
249,627,602,426,194,436,413,304
154,388,367,258,155,306,288,201
222,439,414,294,172,387,357,258
285,759,727,546,134,267,249,163
248,616,583,440,167,428,410,280
268,690,648,469,132,295,275,187
251,635,600,468,254,547,520,370
267,626,587,430,162,372,354,233
237,521,498,363,150,333,308,235
240,575,549,403,156,285,269,206
253,624,600,442,131,306,289,194
256,608,569,415,199,452,429,326
191,429,401,289,183,324,295,225
182,384,360,268,168,375,347,271
291,782,750,542,166,358,333,280
197,523,505,389,180,437,417,314
208,548,511,380,160,347,324,261
212,553,535,371,136,230,212,166
265,708,675,480,168,300,281,198
203,468,449,316,175,350,325,234
202,470,438,311,104,178,161,122
191,419,393,289,147,321,301,225
173,338,321,217,126,278,260,184
173,455,433,298,165,412,391,265
151,373,354,255,131,217,198,140
234,602,569,414,149,272,261,206
252,593,557,433,130,268,250,208
178,364,345,279,137,277,260,203
188,380,355,222,170,367,340,257
235,613,574,418,168,369,345,257
164,352,330,269,186,402,383,292
250,662,634,439,142,303,284,210
274,703,676,500,155,338,321,256
255,571,536,382,162,327,302,223
164,429,404,279,169,325,302,232
246,680,655,467,156,333,310,219
254,620,594,418,205,461,434,330
231,521,489,370,199,448,431,342
178,418,403,252,146,281,259,198
275,748,711,506,172,323,300,237
136,266,250,188,184,423,400,293
209,451,431,306,124,284,269,232
269,656,615,459,176,403,377,266
275,623,592,414,150,381,366,267
