230,645,614,467,210,464,439,314
233,562,529,358,167,373,352,246
222,500,470,338,148,267,255,202
250,542,510,385,138,283,272,191
254,619,587,446,140,344,330,239
196,502,485,334,141,318,298,191
195,490,467,314,150,327,307,217
175,454,438,310,186,302,291,222
227,554,530,389,150,366,348,257
198,463,437,293,172,364,344,284
202,468,449,318,116,233,213,149
194,437,412,300,187,357,333,251
224,617,600,451,170,364,342,231
220,546,517,366,148,340,316,237
178,498,479,359,139,310,291,210
193,476,449,304,158,354,336,250
231,537,506,371,134,239,217,163
246,625,596,411,163,313,290,203
219,523,502,370,147,292,280,192
255,609,570,428,140,280,260,195
270,662,627,455,89,128,116,87
189,469,439,321,171,296,276,205
177,435,412,272,172,299,281,191
260,586,553,401,155,301,287,194
283,646,611,466,164,389,370,282
194,485,460,326,206,432,407,301
238,531,495,356,159,285,267,192
226,583,545,403,129,260,242,166
195,451,421,276,140,316,294,210
250,651,613,477,189,383,360,295
237,631,612,469,134,248,230,183
223,570,543,365,141,297,283,224
256,658,632,441,143,298,277,197
303,700,662,491,135,292,273,197
209,445,421,307,120,272,262,203
215,504,480,336,99,216,202,141
238,609,578,413,136,252,233,179
209,539,514,368,142,295,277,203
209,574,556,370,192,441,419,310
237,574,544,398,200,401,373,270
224,555,520,378,170,366,349,265
261,697,656,483,184,403,377,290
260,630,587,431,157,313,289,216
205,447,428,316,130,290,270,206
219,495,462,355,137,251,236,187
278,615,578,424,134,325,310,237
189,505,486,351,159,316,299,212
242,664,646,493,129,282,263,207
275,671,644,477,166,270,246,177
229,588,569,409,156,340,322,243
226,502,469,330,190,369,348,263
211,582,550,406,141,317,298,220
298,707,674,492,179,307,279,209
238,528,491,373,167,344,324,235
210,498,474,373,136,268,253,186
202,518,493,371,139,267,248,179
235,666,635,497,122,266,252,196
208,430,411,307,135,276,257,211
194,427,406,302,126,280,261,200
257,680,644,475,107,267,250,156
287,686,655,491,139,324,308,214
236,602,570,429,117,177,167,136
220,528,490,343,142,281,263,191
254,577,547,414,162,382,366,274
243,589,563,394,137,238,225,163
239,631,605,441,119,244,234,179
247,591,560,395,134,297,281,188
193,477,449,316,179,439,414,308
202,494,477,348,200,400,373,296
209,528,494,358,152,326,302,214
259,649,617,456,171,372,348,278
190,473,452,322,163,342,322,266
169,369,352,244,127,258,245,181
240,488,466,336,154,362,349,262
190,483,458,319,123,238,222,156
218,504,478,344,197,442,416,303
248,667,632,469,151,334,323,231
235,576,537,405,159,367,341,229
263,630,594,422,163,369,346,267
262,665,636,474,148,305,284,212
261,640,612,432,138,239,219,172
199,443,416,304,132,235,226,173
256,680,647,467,137,286,269,221
189,442,416,294,153,312,293,218
182,446,421,290,127,266,256,175
230,567,538,383,143,289,268,199
188,436,416,323,161,260,238,173
181,408,387,278,179,325,310,219
209,557,534,346,158,313,290,228
218,495,477,355,117,259,245,175
165,423,403,302,167,315,298,240
201,481,459,349,108,222,211,156
286,720,691,512,155,368,350,274
198,553,524,394,170,443,419,340
219,486,458,333,135,250,230,180
185,404,379,290,119,223,202,146
157,281,268,193,149,326,309,232
236,575,560,433,158,281,264,202
228,586,553,406,103,154,142,111
273,627,588,437,134,264,249,193
223,532,508,398,167,374,356,247
208,480,465,331,178,378,360,257
146,383,364,241,193,319,303,235
178,448,426,278,123,253,236,164
242,681,650,476,147,310,285,220
197,549,527,372,175,343,323,244
246,600,566,430,169,276,251,190
258,671,629,464,149,276,261,194
302,706,672,485,161,381,359,267
302,760,727,548,64,134,121,91
225,545,524,416,191,374,348,256
233,642,601,460,170,350,326,231
200,487,450,325,165,276,257,196
231,525,494,350,177,357,339,247
238,518,494,345,158,330,308,223
279,652,616,467,132,220,205,157
259,646,607,443,103,139,123,109
245,545,519,389,127,268,252,194
274,654,634,457,127,230,208,145
273,682,650,478,108,242,230,166
218,520,491,330,136,264,237,170
248,562,534,401,155,284,266,189
212,425,399,307,147,258,244,173
243,631,597,447,143,255,238,179
251,583,549,405,151,290,264,209
274,666,624,462,133,296,278,197
188,436,412,275,181,386,368,286
225,504,482,349,105,158,144,118
218,521,492,371,179,386,372,259
281,710,674,509,176,352,331,253
295,630,585,425,143,277,255,191
267,668,630,438,160,338,321,216
245,554,530,400,122,253,234,187
264,597,572,417,179,374,350,263
249,531,501,369,146,314,294,223
226,606,569,435,139,321,306,217
227,568,539,389,174,358,336,257
222,480,449,314,134,274,255,190
223,536,510,388,189,371,344,258
226,577,549,433,161,325,311,236
222,569,539,386,127,241,223,172
201,491,464,333,106,216,201,157
190,441,420,309,150,284,259,200
243,596,570,441,143,327,311,230
204,497,474,340,122,204,185,154
254,622,585,433,155,392,371,278
304,616,589,445,169,359,336,248
186,474,447,314,169,406,388,295
211,492,473,361,118,228,210,146
203,490,461,329,156,361,340,243
264,638,611,453,192,384,367,286
202,497,471,326,130,242,230,160
250,677,641,480,149,254,233,175
268,585,548,395,176,358,330,238
249,516,487,353,175,374,358,271
203,501,475,350,166,346,326,226
218,568,531,395,118,217,202,149
250,601,558,452,195,424,395,297
272,574,540,394,140,289,277,212
177,396,374,296,144,306,285,227
253,624,600,445,110,252,242,168
229,489,453,333,138,310,290,179
194,367,350,226,159,341,323,232
254,616,582,418,145,284,266,204
244,585,556,429,138,258,241,189
257,609,581,445,107,320,303,213
248,590,569,408,155,304,289,225
211,530,517,394,120,286,272,189
293,702,661,486,138,231,221,144
209,506,478,358,119,215,201,156
268,739,710,557,138,285,271,198
200,446,426,305,191,457,432,337
224,540,514,400,126,274,250,206
224,480,448,329,141,271,255,191
276,714,685,496,137,258,246,177
212,464,436,340,112,211,197,162
217,558,532,393,110,160,147,118
258,557,532,365,133,252,238,181
210,554,529,404,171,308,291,221
255,633,598,433,152,330,307,229
229,598,574,446,107,231,224,163
247,673,647,464,158,323,300,216
199,467,439,329,187,321,297,201
225,598,572,407,156,249,234,187
294,701,662,473,159,369,348,286
169,391,364,264,127,228,213,154
172,388,366,256,145,341,323,224
259,658,614,459,168,332,313,221
268,668,635,460,155,330,309,229
231,521,499,346,124,238,221,157
187,518,491,341,148,300,282,237
217,461,424,330,186,415,391,301
182,552,529,391,201,451,427,299
232,509,476,333,157,364,337,236
245,566,530,392,157,297,282,197
246,579,548,385,171,360,340,254
185,411,376,277,172,353,333,233
214,479,458,313,125,277,260,200
190,425,399,307,173,385,361,246
158,308,288,199,149,245,227,183
225,562,534,388,159,348,326,222
269,677,638,444,186,360,336,242
277,658,620,446,125,264,251,170
206,539,511,381,141,258,245,187
242,614,584,417,99,159,145,108
267,650,621,441,157,340,322,241
223,580,549,389,140,272,254,187
147,348,325,240,148,309,295,236
274,644,611,435,115,182,167,134
257,617,587,443,128,237,223,172
157,436,423,298,150,310,293,204
186,470,447,315,124,212,193,143
260,673,640,466,168,422,395,264
202,486,458,329,141,286,267,207
244,513,484,371,158,337,322,254
216,511,488,325,102,164,150,105
237,625,608,469,166,406,385,286
280,688,653,500,141,236,222,178
251,630,601,441,186,400,383,307
215,418,390,285,139,275,257,158
237,576,549,380,132,300,284,196
207,497,477,339,102,190,176,135
236,646,623,454,155,300,281,200
155,370,349,272,142,278,258,203
281,664,629,452,136,305,285,205
309,696,660,488,188,371,348,248
224,530,507,395,144,285,266,191
232,631,601,440,187,360,334,266
247,626,587,444,197,445,422,300
222,549,516,364,150,363,346,283
284,635,596,429,155,304,287,215
284,711,671,508,139,265,246,183
303,722,695,517,146,380,363,259
207,492,469,333,205,387,357,277
197,468,441,315,215,445,420,309
212,487,459,332,144,300,282,220
275,652,621,480,179,312,292,218
198,428,405,297,162,313,289,219
228,534,507,409,132,257,236,170
267,705,670,474,135,260,235,170
222,562,542,370,144,271,252,188
299,715,675,514,120,219,206,155
264,646,605,442,119,237,213,166
222,509,481,340,160,270,251,193
227,509,474,371,206,422,402,291
285,663,630,473,202,418,397,302
232,574,547,399,191,404,388,266
225,571,534,406,168,376,357,265
252,644,616,429,139,257,238,181
226,509,482,373,110,234,217,171
267,618,587,433,180,417,392,280
206,427,402,285,192,435,418,303
225,542,510,399,177,337,313,234
154,421,405,292,218,540,509,402
227,606,579,452,147,322,298,198
227,579,551,410,151,321,299,233
233,649,609,450,158,268,252,205
217,520,504,353,152,314,297,201
226,492,468,351,165,339,321,254
284,717,683,494,166,320,295,227
253,621,574,446,135,281,260,189
203,452,423,297,167,269,244,198
209,555,529,370,168,374,357,266
182,426,405,282,156,295,274,216
277,634,600,400,148,311,295,221
270,660,622,498,112,198,178,122
248,559,528,375,149,272,249,199
275,668,644,465,136,257,236,157
224,526,493,346,187,354,334,237
246,577,547,414,161,356,338,263
178,450,429,313,143,288,269,195
213,482,452,346,202,426,400,295
226,596,570,412,125,261,253,170
162,406,377,255,145,282,263,189
295,730,705,503,118,241,231,182
188,401,378,269,157,312,294,216
239,553,528,379,158,313,290,218
195,534,504,384,163,358,341,272
199,415,386,274,122,223,210,141
167,351,329,234,172,388,372,262
281,693,668,514,147,296,275,214
252,614,586,429,157,304,284,228
157,351,331,233,152,296,273,202
194,485,460,348,114,231,214,178
252,542,515,407,156,374,347,253
281,652,616,443,113,253,232,177
224,536,508,368,153,329,306,238
216,598,567,419,169,290,272,212
158,387,367,264,162,307,284,207
224,546,514,370,165,365,352,278
239,671,637,498,145,310,286,213
222,522,489,356,164,310,288,205
214,476,451,366,148,351,332,259
154,313,293,202,169,347,326,241
186,496,465,331,199,458,439,352
263,582,549,405,108,160,138,102
276,695,654,473,153,281,268,193
266,685,666,490,140,263,240,166
330,730,695,497,136,305,282,217
209,499,461,313,146,286,271,195
204,396,373,264,140,306,289,218
257,635,610,457,190,336,315,234
250,639,614,435,158,310,284,235
249,685,653,471,152,283,260,195
255,595,566,416,177,303,283,220
156,351,339,225,111,229,222,157
213,546,525,373,95,157,147,119
223,494,462,344,121,216,205,157
241,580,551,397,151,338,321,230
181,442,424,306,155,321,303,220
194,540,515,395,133,268,249,185
200,516,484,356,100,215,204,155
199,522,493,343,136,279,260,187
267,640,605,455,148,337,319,215
204,465,431,316,145,364,344,253
229,583,553,427,158,338,317,226
227,549,518,382,149,321,296,233
252,609,579,417,138,260,247,175
206,500,480,340,164,287,269,197
210,500,484,348,161,417,399,284
228,563,539,386,114,193,178,137
271,595,557,403,131,240,226,169
196,523,495,349,160,375,342,254
199,485,457,354,180,485,469,359
285,758,713,538,163,359,340,253
296,651,613,447,161,360,337,237
201,400,370,269,147,303,283,223
246,648,624,480,142,287,269,215
217,547,511,381,129,222,206,153
238,598,575,428,123,229,220,166
229,577,549,401,137,300,280,188
300,706,666,469,154,249,234,173
310,763,732,539,146,322,304,203
295,754,719,571,140,393,377,269
232,498,475,331,166,301,281,225
204,464,439,321,169,345,323,265
247,560,529,355,144,247,231,188
243,577,546,405,166,320,307,213
247,601,568,412,153,294,272,213
219,487,465,332,168,371,350,273
287,679,628,489,135,272,253,180
243,541,512,374,156,402,386,284
209,485,453,343,145,274,253,188
244,632,606,444,134,223,213,163
274,721,677,498,184,426,411,303
229,522,490,340,149,310,290,213
209,434,409,323,217,484,455,318
239,628,592,412,215,444,417,304
224,605,578,438,157,296,274,199
215,584,559,428,141,339,318,212
289,692,660,499,118,204,188,131
243,679,641,472,111,233,221,149
222,513,474,327,139,257,243,183
204,484,459,320,177,336,312,240
240,527,500,385,178,391,366,289
258,580,554,434,177,325,296,222
227,454,428,304,124,264,243,205
175,480,452,314,165,340,318,235
246,567,544,403,124,258,239,174
188,494,471,325,139,264,245,174
272,657,629,461,138,283,269,185
204,502,484,341,119,207,191,147
199,476,457,309,174,337,322,244
252,677,649,462,163,298,285,217
313,696,660,491,152,287,267,182
226,492,467,326,144,249,227,172
276,649,610,446,140,303,286,233
222,491,466,303,141,309,293,219
202,482,460,344,152,281,259,195
256,634,596,457,125,247,233,180
167,377,362,246,179,367,343,264
248,646,621,462,116,257,242,172
267,620,597,418,133,269,256,194
283,698,667,496,155,335,321,250
257,619,585,427,166,311,289,203
230,521,495,384,211,466,442,324
236,515,491,340,154,320,295,222
221,524,489,338,214,430,413,302
241,641,600,431,147,352,341,223
269,654,620,477,99,194,177,153
226,526,494,348,145,316,299,205
246,609,577,442,162,287,270,201
252,631,600,471,114,262,240,155
233,558,532,385,174,331,306,218
198,491,461,331,144,252,229,182
205,488,456,351,191,424,407,300
238,582,548,404,150,279,259,179
231,534,506,351,135,285,264,208
244,509,487,360,127,190,175,139
198,425,406,302,177,356,339,235
186,398,377,276,165,311,290,199
245,575,555,387,142,275,254,165
208,502,473,359,133,314,293,213
221,484,447,339,139,237,221,153
246,583,549,400,156,405,388,283
237,561,533,371,112,196,184,138
280,713,675,516,142,274,251,196
224,566,541,400,167,392,370,293
194,486,463,338,138,259,238,158
208,560,536,379,145,300,285,199
253,642,603,438,132,261,237,180
253,540,516,402,127,211,195,140
195,464,432,302,184,399,380,255
242,580,553,415,168,321,297,234
226,487,461,333,153,281,263,197
265,605,570,445,159,298,280,209
189,493,460,345,116,253,235,161
209,465,433,322,125,261,245,179
258,712,683,501,128,250,230,156
269,613,576,435,111,213,192,158
259,551,511,368,194,410,378,263
275,656,622,452,165,330,315,203
254,662,633,464,133,322,301,224
253,664,638,467,132,285,271,208
267,559,534,406,164,391,372,283
225,545,521,387,199,390,369,278
273,648,611,462,194,388,363,281
215,491,464,355,112,206,196,153
266,590,561,424,165,396,383,286
213,486,454,311,101,182,172,123
246,718,682,522,166,364,342,259
227,538,507,367,155,306,284,220
256,570,529,388,141,288,270,189
208,532,506,372,141,260,236,163
284,646,613,449,156,317,296,213
182,463,433,316,143,281,259,205
227,587,562,410,146,265,247,182
171,345,324,220,175,402,379,271
286,660,625,443,157,336,320,234
226,625,594,408,179,351,330,252
172,469,451,310,144,292,271,217
213,494,467,333,87,145,129,97
255,626,580,401,136,260,238,191
205,559,531,380,117,204,187,145
211,535,506,364,120,258,241,156
282,675,638,490,156,305,280,211
244,532,502,342,118,180,167,115
187,395,377,291,181,394,369,282
255,569,531,396,190,369,345,273
228,570,545,417,181,414,386,297
185,408,388,266,140,302,284,214
248,675,648,501,139,247,223,174
210,481,465,312,156,365,351,266
235,595,564,441,141,294,275,198
258,680,656,489,136,245,225,154
173,364,343,229,170,385,364,276
135,283,261,175,147,263,244,184
198,462,433,301,135,300,292,220
265,712,684,495,184,380,359,260
205,551,523,369,145,273,259,197
197,428,404,291,152,306,289,205
208,451,425,312,122,227,211,162
255,648,622,455,144,296,276,227
243,577,553,402,129,238,217,166
253,642,605,465,159,317,303,240
186,463,439,349,134,231,215,166
290,704,669,508,129,271,257,183
245,647,615,466,115,271,257,184
246,657,637,458,119,215,197,157
221,537,498,366,170,318,299,226
211,474,444,312,124,211,192,152
219,456,433,287,171,357,332,240
249,622,585,436,107,234,216,176
266,672,649,503,167,328,307,251
157,337,318,212,163,368,342,265
148,343,325,224,155,282,266,198
211,513,481,332,149,356,332,263
236,546,522,410,172,356,331,247
229,542,501,378,176,382,353,278
191,461,438,289,165,398,375,314
218,525,482,346,153,350,328,243
252,615,579,425,134,292,270,212
258,640,609,448,131,291,268,203
244,531,506,342,103,206,197,146
233,546,518,400,141,289,275,208
244,586,561,395,159,305,285,196
198,437,408,293,181,406,389,295
274,680,640,439,192,387,360,265
301,789,750,557,170,362,337,286
230,497,473,369,181,368,343,239
262,601,578,460,143,265,246,180
217,443,424,317,78,104,99,64
250,637,601,457,133,278,260,173
285,700,673,472,136,320,297,212
227,604,572,410,174,363,348,240
240,550,520,347,112,221,206,144
243,554,522,381,137,318,298,212
267,639,606,458,146,314,291,211
195,445,415,298,147,252,236,188
270,659,630,489,123,222,209,159
233,601,571,404,171,368,344,239
214,478,461,351,118,299,282,221
269,669,643,472,121,269,253,178
232,481,454,337,151,307,295,200
248,528,495,377,164,349,333,243
270,547,513,385,140,303,287,203
255,708,681,509,117,235,224,174
221,615,586,459,145,317,299,212
236,555,524,389,133,243,222,164
245,639,612,476,145,273,256,189
283,705,664,488,206,456,433,331
216,425,405,294,172,367,340,234
192,486,463,330,125,207,196,126
205,482,456,330,124,200,181,140
244,563,534,368,131,258,243,203
157,360,349,234,120,206,195,134
243,619,596,447,137,247,234,174
189,543,515,406,174,383,367,257
253,668,636,445,150,237,224,163
212,468,442,347,112,193,175,118
264,654,613,450,149,312,292,206
212,535,502,393,171,381,356,281
299,698,657,498,151,329,315,227
220,533,509,394,184,374,351,272
244,599,567,420,190,418,398,282
209,507,481,366,123,214,197,161
248,528,502,363,106,163,147,115
201,475,449,322,122,220,208,163
181,478,463,367,160,282,268,208
273,615,582,422,147,271,244,186
221,465,431,302,137,254,239,189
253,661,629,445,183,392,372,274
242,560,532,364,173,325,306,225
266,665,634,465,150,300,272,205
263,678,648,475,187,361,341,250
219,573,549,408,126,271,257,193
248,608,581,416,176,339,312,240
233,607,574,430,167,342,315,247
218,590,560,436,176,371,354,250
230,516,493,374,133,320,306,220
249,634,596,472,166,372,350,265
236,648,620,451,119,233,216,185
151,363,339,243,124,273,266,186
223,492,459,344,129,237,212,167
285,712,676,510,151,267,250,179
270,662,620,436,192,395,375,273
228,575,545,407,193,419,392,294
250,656,625,468,109,198,183,120
184,399,378,298,138,262,247,190
300,761,726,527,174,351,327,270
181,406,375,262,153,305,279,209
263,710,667,478,165,300,287,195
237,517,491,362,133,263,256,186
231,541,501,348,146,253,236,192
292,750,725,522,179,332,310,239
271,704,666,483,207,482,446,344
298,656,622,452,136,248,227,175
198,382,355,256,165,366,351,277
220,427,399,286,160,320,300,220
216,559,524,392,190,381,360,273
167,451,423,288,106,289,277,188
180,420,400,267,155,273,256,204
187,404,381,274,145,271,249,179
259,549,524,400,140,238,221,168
280,673,645,508,158,345,328,242
217,538,521,353,135,227,214,165
252,654,621,465,181,345,319,231
227,605,574,429,205,400,378,261
208,501,472,343,130,282,266,208
247,598,567,379,148,316,298,240
223,586,559,429,108,226,216,171
260,592,566,386,147,335,318,247
234,563,536,414,141,284,269,186
239,612,577,439,143,293,275,206
222,489,459,344,143,241,220,166
228,528,502,353,141,259,233,173
300,716,674,526,207,438,416,300
243,549,529,367,159,351,327,254
251,597,570,419,155,325,306,237
256,609,571,419,175,401,372,278
167,409,383,312,122,257,237,180
183,436,414,292,121,212,193,142
177,438,417,322,174,355,335,256
239,614,587,455,122,284,270,206
212,523,504,405,196,432,404,296
246,639,614,455,124,199,181,140
258,683,662,511,174,336,316,234
197,409,388,292,149,284,269,189
242,578,553,380,119,248,238,164
231,585,561,394,185,352,335,266
236,588,563,419,155,355,341,233
233,600,567,428,151,308,289,217
160,383,367,245,169,374,349,265
227,545,525,375,129,216,202,168
221,549,521,387,142,295,281,197
267,718,689,505,138,305,291,209
241,509,482,354,196,434,413,315
262,592,557,434,169,346,324,252
258,586,561,410,110,193,182,134
242,563,532,398,144,311,297,235
155,344,329,239,149,281,260,204
190,441,411,288,156,303,284,214
244,567,544,425,164,356,337,237
230,580,554,409,151,325,306,211
171,404,386,273,118,202,177,132
303,703,663,490,140,288,265,182
229,530,495,362,171,349,328,234
225,572,542,403,150,244,223,163
241,599,567,414,139,324,308,217
191,497,472,342,155,334,314,245
219,500,471,360,117,225,208,137
242,621,603,432,140,224,209,159
214,506,486,342,140,301,286,215
219,520,500,341,181,377,357,281
261,575,537,400,175,412,390,296
186,392,365,246,157,372,352,232
202,549,528,381,142,308,288,230
216,537,516,373,157,343,334,240
258,598,567,414,165,316,304,224
226,489,459,339,179,356,335,269
260,709,665,494,135,249,230,167
250,600,571,420,148,248,231,151
207,463,439,331,184,353,329,245
232,503,485,352,151,255,235,189
267,689,662,482,204,425,399,287
153,317,302,249,120,212,200,161
245,659,626,474,167,383,359,265
239,479,444,309,150,366,349,269
294,666,647,470,108,214,196,149
214,524,494,392,120,220,205,161
256,637,600,451,177,359,331,247
244,578,551,385,128,268,254,168
163,397,374,286,184,366,343,254
212,559,530,388,136,281,265,193
207,449,416,310,176,346,329,245
272,606,571,391,193,415,387,294
258,605,568,403,194,419,400,268
235,595,568,408,127,275,259,197
244,650,606,414,184,378,352,257
282,705,676,495,137,285,259,212
255,636,600,444,145,316,302,226
228,528,496,347,144,294,282,204
242,568,540,401,147,277,254,191
227,475,457,343,178,378,357,276
289,746,718,517,141,270,258,209
187,454,442,314,153,366,344,245
229,487,464,334,173,394,374,263
255,599,569,414,155,274,252,194
244,552,529,403,110,138,126,98
242,637,614,441,116,227,213,146
254,705,674,466,110,180,168,116
280,709,678,526,196,440,415,299
250,653,624,452,187,389,369,289
202,526,504,376,155,362,339,247
267,605,570,441,113,195,179,121
237,532,509,369,168,349,327,247
272,655,621,466,157,332,322,226
226,578,550,439,145,266,249,187
226,529,508,363,150,288,275,171
259,693,648,451,110,190,177,144
222,533,504,364,151,291,270,201
268,674,641,481,124,230,213,160
213,508,478,337,150,313,296,226
191,404,382,305,180,405,391,273
196,440,415,309,196,446,427,335
213,482,458,351,168,316,297,224
241,591,555,383,162,295,276,199
228,544,508,422,183,399,377,275
231,508,480,335,200,462,438,312
257,583,557,411,166,337,324,243
247,608,577,419,167,294,277,207
208,403,375,262,158,349,331,246
241,493,462,345,160,281,260,185
274,721,699,504,116,219,202,145
236,622,592,435,127,301,281,211
313,754,728,535,188,377,365,257
222,554,524,363,162,369,352,257
190,456,436,298,147,350,333,263
212,561,540,404,152,335,318,231
249,562,525,379,160,312,297,207
225,537,512,393,174,362,336,241
192,410,383,297,136,283,267,215
307,700,662,516,112,194,180,122
200,544,521,374,135,263,246,193
251,568,549,399,150,319,295,194
206,537,509,364,150,233,210,153
247,613,586,419,159,322,296,212
234,604,571,398,167,327,310,224
227,509,481,360,157,319,298,221
252,643,621,483,169,386,363,271
210,505,471,338,174,407,383,284
189,464,431,319,139,301,288,219
232,553,516,395,137,306,286,200
187,452,431,322,128,259,240,161
274,597,565,430,135,255,234,163
282,672,633,458,164,313,295,227
228,581,551,432,96,175,159,116
250,523,486,341,156,294,270,203
202,571,548,411,153,324,300,231
201,535,513,368,166,388,371,252
277,703,670,498,135,269,255,190
239,553,519,363,177,356,338,261
153,305,292,179,145,299,280,209
260,609,583,413,135,246,223,164
185,551,535,417,171,348,334,248
223,483,457,321,152,347,328,232
196,480,457,312,172,324,303,229
215,518,489,361,167,304,286,221
245,559,517,383,163,300,280,218
226,522,505,356,177,373,355,259
217,472,441,308,129,341,324,253
236,568,537,399,143,281,262,200
234,631,611,458,125,285,266,199
201,598,574,413,122,225,201,144
232,588,563,442,111,209,195,150
245,570,539,410,160,349,337,235
226,577,549,403,178,320,296,229
189,497,470,356,138,239,224,159
205,488,466,332,155,347,329,229
212,448,423,311,172,365,335,248
264,659,630,468,203,506,487,360
265,638,608,450,115,188,173,125
251,624,590,426,139,272,256,202
266,708,671,495,145,317,307,212
182,373,354,251,211,445,428,312
239,580,552,395,155,362,345,232
262,639,619,436,209,411,385,290
260,534,497,358,160,369,345,246
240,597,571,413,149,341,319,241
203,499,483,343,140,323,312,252
252,655,621,429,165,367,346,241
273,704,671,491,200,447,422,300
226,514,489,337,128,222,203,148
236,545,517,375,181,327,306,213
201,452,426,296,161,383,366,245
209,499,469,364,119,242,224,170
165,398,375,249,166,333,310,246
216,540,514,396,111,194,182,138
244,520,487,352,191,401,377,272
281,714,681,508,170,362,344,263
220,566,541,403,113,244,228,170
269,630,594,457,132,293,273,207
260,730,705,504,182,433,411,296
277,671,645,446,156,318,298,219
192,587,566,410,151,356,341,267
179,458,432,316,184,411,387,270
273,673,646,492,139,337,318,227
240,564,529,405,151,259,239,179
186,385,366,240,127,282,264,196
210,491,473,338,168,312,293,224
198,451,420,312,178,368,342,255
239,569,541,405,164,352,327,246
248,640,604,446,200,450,420,299
246,525,507,361,127,231,207,164
180,468,446,304,158,372,349,270
257,671,643,473,149,291,275,199
224,531,499,354,123,180,161,135
213,498,479,333,92,157,142,122
223,538,506,356,132,249,237,182
248,548,532,433,180,376,353,267
248,609,575,417,194,402,371,272
190,408,379,263,148,268,254,196
196,456,430,300,154,347,327,241
196,404,383,269,145,274,258,182
217,659,629,458,150,337,318,235
236,578,548,414,182,430,409,317
216,535,505,349,119,240,220,168
168,437,412,252,134,321,308,244
265,594,561,395,180,383,364,259
195,461,439,310,170,324,297,224
255,716,684,493,132,249,231,183
199,473,450,320,186,415,400,262
227,591,566,425,189,444,416,325
235,563,531,388,155,274,256,205
249,610,573,428,150,293,270,208
193,399,377,269,170,293,275,203
257,564,534,385,169,354,341,253
168,367,352,217,148,282,267,195
205,418,387,285,159,374,360,266
201,462,432,307,182,381,362,271
268,640,603,469,141,273,252,173
218,521,494,344,189,466,445,332
258,594,553,410,180,395,372,261
215,594,560,392,133,252,242,152
173,399,370,260,144,238,214,157
259,604,570,430,148,315,299,219
111,157,143,104,134,272,256,175
205,496,475,321,143,303,284,225
183,445,417,286,153,363,345,267
236,624,597,425,148,275,260,182
216,459,433,331,164,315,307,252
249,674,653,465,133,290,274,186
203,461,436,300,176,337,314,246
179,422,400,278,130,235,222,168
194,484,458,304,168,330,308,235
220,498,469,316,150,350,332,249
235,495,473,365,160,305,286,197
201,470,439,306,210,435,413,275
249,580,548,419,179,326,308,224
211,488,462,341,215,453,417,306
221,574,546,441,111,206,191,147
197,536,517,403,132,266,243,162
271,632,608,448,124,216,203,153
239,518,496,349,101,205,191,143
250,599,565,436,168,315,303,229
194,467,433,298,149,289,272,215
232,660,633,473,144,289,274,210
214,523,490,380,122,318,299,225
244,536,503,397,177,377,356,268
203,504,480,352,166,360,334,245
239,466,439,325,124,219,203,140
253,672,646,462,177,422,404,310
201,592,561,444,180,344,319,244
213,476,441,311,172,363,336,233
294,715,665,498,167,396,372,267
223,504,481,336,136,252,229,185
253,602,573,414,177,332,315,221
157,422,403,291,138,257,233,164
220,566,554,377,143,281,263,203
234,576,532,412,140,275,261,183
206,459,420,317,146,318,300,220
205,505,472,324,111,189,176,109
257,643,606,431,141,262,241,200
220,608,584,401,168,339,317,241
175,448,430,307,171,371,344,273
273,682,649,476,106,209,200,138
247,633,600,443,175,377,357,274
226,509,477,333,141,292,273,200
264,637,601,429,152,317,302,214
220,497,477,344,161,336,316,224
253,511,482,346,149,338,322,260
260,630,595,446,148,350,330,252
171,425,398,299,195,372,357,265
185,470,443,303,147,280,262,195
223,569,544,435,202,384,363,263
194,483,456,356,151,342,317,224
273,669,636,429,184,364,341,253
231,525,494,339,155,342,319,225
226,619,589,426,122,273,258,195
182,388,366,251,177,359,340,242
188,478,451,329,146,290,269,207
215,459,436,326,186,359,340,233
194,469,450,327,190,400,374,309
255,577,541,395,145,354,328,253
183,474,452,365,168,338,314,239
191,513,486,348,194,387,373,279
176,405,391,309,104,185,173,122
189,435,416,320,173,395,371,259
214,465,445,319,157,318,298,209
190,436,414,311,128,238,224,151
198,440,419,292,153,313,291,207
301,736,699,559,141,301,282,202
185,516,493,345,170,390,365,269
233,611,578,434,183,387,362,289
180,426,400,269,115,275,262,176
248,620,590,452,148,273,254,196
288,701,663,488,158,278,252,199
206,510,486,354,152,313,292,203
219,546,516,342,122,271,255,184
203,466,438,292,206,434,420,321
229,545,520,371,128,256,230,153
218,555,526,372,134,242,230,182
233,496,458,362,168,367,354,280
208,489,463,333,191,434,413,266
211,501,475,353,160,402,382,287
234,653,627,475,96,163,152,136
271,710,682,482,146,332,312,251
202,495,467,326,155,281,254,182
262,614,586,412,142,275,261,202
205,478,447,329,146,371,355,287
271,570,531,407,141,331,312,230
253,607,577,441,130,310,286,189
268,626,598,462,129,290,275,183
280,617,588,433,193,401,384,297
206,513,487,327,175,400,380,285
273,656,624,451,144,254,236,178
195,501,467,330,168,326,305,235
222,548,521,376,140,258,246,197
260,611,577,410,149,330,314,239
214,554,533,385,166,284,271,207
263,673,646,460,168,351,324,267
245,538,520,365,156,382,362,265
260,686,648,489,204,451,425,317
262,732,696,501,145,297,278,205
275,584,552,410,151,328,310,220
164,364,340,222,159,322,301,242
230,550,524,399,118,224,208,160
231,592,563,391,127,272,254,166
224,588,565,441,175,325,297,225
237,560,539,427,111,253,236,171
251,614,581,445,157,369,345,239
284,736,702,506,152,309,285,211
247,576,543,393,113,197,178,134
191,428,401,282,176,345,321,234
306,731,684,511,172,345,323,236
215,511,483,334,162,384,363,268
260,710,676,521,128,277,259,197
258,666,642,492,129,251,235,176
194,411,384,305,142,302,281,204
197,529,497,381,169,432,404,305
238,586,554,429,159,308,294,208
230,657,629,436,137,259,229,171
150,378,358,258,144,275,256,180
248,571,548,407,123,226,211,167
225,527,496,351,137,277,260,180
242,498,472,321,120,184,169,121
202,473,453,318,163,334,314,235
217,440,411,282,157,317,287,221
247,600,573,400,137,283,262,194
179,442,427,303,140,264,251,187
203,448,418,305,169,337,319,242
278,771,729,552,146,296,277,207
246,565,545,404,139,290,274,207
242,508,474,351,173,422,392,298
254,552,530,371,164,397,377,272
214,528,498,331,145,270,260,181
273,626,590,422,151,280,261,188
172,401,384,284,103,194,181,141
244,603,575,426,162,388,368,264
265,584,556,397,156,316,299,206
221,574,547,403,184,429,400,290
151,418,406,293,132,257,239,178
151,384,358,250,104,238,223,183
248,565,529,406,115,229,213,149
254,683,647,472,156,263,251,158
285,634,603,423,112,214,201,155
212,527,506,353,122,223,205,172
193,415,391,274,163,304,288,208
232,496,468,324,127,247,231,173
228,537,507,369,145,311,297,229
194,493,468,346,130,219,199,161
256,585,548,431,156,364,342,269
190,481,453,319,161,359,340,257
242,635,609,441,115,216,202,143
261,636,604,443,112,204,190,148
234,517,486,347,147,261,247,183
264,572,544,405,135,277,256,196
199,493,472,327,101,156,142,103
216,498,471,341,145,303,281,206
194,520,495,361,153,286,267,206
154,332,310,203,127,311,298,207
285,724,683,512,125,243,225,163
244,602,578,405,183,406,390,307
146,320,300,218,172,365,346,264
177,372,346,240,239,494,463,337
194,453,434,317,154,319,300,207
262,580,544,406,148,330,311,230
231,586,549,409,175,375,357,264
179,359,334,240,121,234,219,166
192,429,396,292,155,346,322,225
267,632,597,445,140,249,231,160
168,446,431,306,126,278,260,190
223,625,591,485,122,188,171,136
221,509,474,351,143,299,273,216
167,413,395,291,130,214,196,144
207,472,446,317,140,254,236,156
282,626,598,447,186,440,415,323
221,545,525,357,155,315,301,219
180,420,402,281,186,407,384,295
206,588,568,408,184,376,352,253
198,524,501,373,143,250,231,171
199,454,426,304,154,289,270,221
221,524,492,356,154,293,278,213
305,670,630,435,126,259,244,168
174,450,429,318,200,408,391,295
253,605,568,419,169,375,355,269
212,524,485,354,164,345,329,223
229,607,578,431,182,406,382,314
253,570,545,379,124,226,205,164
222,585,556,413,160,335,312,231
221,509,479,336,108,213,199,167
196,557,529,406,131,239,222,169
256,582,553,393,178,417,389,292
298,667,631,429,155,311,290,212
207,413,396,299,103,239,227,170
244,635,608,435,140,300,280,195
163,450,426,285,130,265,250,181
275,745,710,508,112,217,196,147
139,317,296,218,168,374,347,240
253,619,590,471,153,356,335,237
267,689,653,499,114,247,232,190
204,520,494,334,175,351,333,241
229,638,607,474,171,300,274,213
243,577,543,423,117,238,224,155
182,484,465,336,120,252,237,164
224,612,578,459,139,283,266,206
173,408,388,244,110,256,243,208
240,563,535,391,116,237,222,168
250,607,580,425,165,282,264,199
230,499,466,315,147,280,264,199
208,519,500,387,163,346,329,227
261,569,530,370,142,271,249,175
218,522,490,356,154,298,285,193
239,517,497,375,143,293,282,200
222,538,513,358,163,311,293,214
217,475,453,331,175,356,331,265
297,663,626,443,183,431,410,282
210,448,423,311,110,226,206,150
223,604,577,407,151,270,256,193
228,504,474,320,161,362,340,271
215,520,490,371,137,299,281,219
195,414,383,260,122,278,256,175
204,421,393,281,155,337,316,238
222,582,550,379,134,277,259,216
206,566,528,384,161,296,279,208
229,555,527,383,185,449,428,316
195,410,388,302,209,467,440,312
217,488,459,323,127,263,248,186
232,562,530,371,147,311,291,209
225,510,490,358,114,241,228,167
215,548,521,414,110,220,203,152
251,588,560,417,123,294,276,202
226,577,554,404,144,273,249,182
285,687,650,475,116,247,236,170
205,443,416,292,154,294,276,209
197,444,421,304,131,204,188,130
235,629,600,427,159,318,299,236
176,411,386,287,124,289,272,198
219,491,462,328,129,243,223,183
222,576,540,409,145,247,229,176
261,656,635,474,131,243,228,151
184,510,491,358,152,258,238,195
190,444,418,314,142,286,259,184
214,512,482,322,154,354,335,271
192,481,463,334,128,207,195,132
207,484,460,324,145,283,263,195
255,574,544,422,154,291,264,203
150,359,334,230,127,273,263,207
227,526,500,388,159,289,266,221
175,443,428,335,157,331,312,214
227,553,524,392,133,284,269,193
174,392,375,241,180,340,312,223
250,619,577,419,157,262,238,182
238,616,590,442,148,304,286,187
246,607,576,438,175,423,397,298
290,697,663,491,146,286,269,188
175,376,348,236,137,294,274,224
258,701,669,484,192,478,456,328
249,679,635,483,157,333,314,243
300,743,711,536,158,301,283,224
233,547,518,388,175,369,347,245
220,631,608,450,101,176,165,126
187,427,401,280,152,332,316,238
280,708,675,500,124,180,163,125
216,531,512,345,170,335,308,240
206,565,534,397,166,348,326,243
182,397,376,233,160,324,304,228
248,604,571,432,134,293,279,218
206,437,411,307,182,363,344,241
204,571,543,398,159,318,296,229
248,606,577,409,151,298,280,223
303,770,739,533,147,313,302,211
258,646,620,466,147,306,292,221
208,496,466,343,210,453,441,311
198,422,395,296,137,260,244,179
278,712,672,484,102,227,215,155
161,422,396,266,152,347,320,242
232,566,534,397,189,383,362,281
195,482,453,310,120,256,242,168
182,463,442,307,138,298,279,240
249,668,640,480,122,253,234,184
232,621,601,462,135,304,288,210
232,570,538,387,157,373,349,258
215,513,486,315,151,401,373,276
170,373,354,233,110,192,178,148
199,504,479,369,144,265,247,199
151,384,356,252,106,197,182,132
253,510,481,353,142,286,266,199
209,528,497,381,147,229,210,162
256,662,632,490,142,296,275,182
226,609,585,429,145,273,259,203
174,421,397,300,150,260,247,175
215,372,349,277,123,306,294,216
255,693,666,509,157,328,307,224
244,703,667,497,171,354,338,258
266,592,555,421,126,256,243,179
221,463,445,331,152,336,321,214
272,666,638,449,110,173,158,129
182,385,364,285,145,256,243,178
187,455,430,311,148,292,273,227
203,544,525,379,198,433,413,289
228,547,515,385,180,355,327,237
242,643,617,445,105,209,197,136
243,676,649,460,158,338,326,226
191,431,403,276,120,271,259,176
270,646,607,444,160,293,271,204
266,638,606,476,182,353,329,250
239,611,574,433,134,243,222,179
277,645,622,454,178,389,369,264
199,498,477,392,159,334,313,228
259,662,638,466,106,187,177,140
247,591,562,395,162,280,265,216
248,614,587,421,138,267,252,189
253,665,630,467,106,206,191,127
259,669,637,458,117,201,186,124
228,639,609,447,149,319,307,231
206,448,417,283,157,341,319,244
222,543,515,381,142,302,280,218
234,513,487,369,161,317,297,222
229,487,465,353,122,266,242,175
189,453,433,309,131,241,229,156
241,576,537,396,153,277,262,195
223,559,531,402,167,344,322,241
211,514,495,388,118,206,191,151
232,583,555,406,143,302,286,200
278,656,614,451,165,300,273,210
219,522,494,357,130,218,209,151
222,572,533,389,131,247,232,190
266,600,577,420,130,234,213,163
201,517,498,360,199,447,421,320
295,682,636,458,198,420,398,286
260,547,524,393,129,320,298,220
248,658,627,430,148,289,267,204
180,407,382,259,176,416,404,295
203,450,426,308,118,206,192,146
189,389,365,250,210,405,385,276
231,538,507,374,157,300,282,211
232,590,559,435,102,243,228,156
244,551,517,390,171,343,324,238
220,574,549,400,158,330,315,238
273,691,664,485,176,433,412,320
191,486,465,321,122,189,179,143
244,562,523,379,176,378,359,290
237,559,537,402,121,246,227,167
184,465,434,324,141,253,238,196
268,576,556,396,175,316,293,223
291,730,701,510,151,325,311,241
241,572,537,386,157,326,308,221
232,552,525,370,152,321,304,225
183,414,390,272,125,236,219,173
185,499,477,332,145,261,240,177
200,488,467,333,138,333,315,231
260,651,628,446,174,381,364,267
181,446,425,306,147,279,252,207
311,685,638,472,176,347,316,241
225,466,441,294,186,443,425,316
255,670,646,467,168,344,328,260
154,321,304,190,128,226,208,137
238,542,511,390,155,304,285,191
194,464,437,292,201,382,357,255
242,716,686,511,164,353,328,234
287,641,607,439,196,403,385,267
208,488,457,319,149,315,297,219
209,469,446,360,143,290,275,201
249,527,491,356,133,269,249,172
254,522,498,359,171,392,365,241
208,430,407,296,169,382,363,259
222,489,464,314,142,234,219,160
232,587,566,445,147,288,273,217
134,316,299,215,156,336,314,231
248,604,579,414,133,215,199,154
171,440,412,306,151,301,285,225
229,491,468,327,171,342,314,249
225,675,643,473,149,297,277,221
274,572,543,413,187,396,365,269
228,522,493,357,128,306,292,222
249,618,590,435,160,349,327,239
276,599,565,427,128,242,232,191
196,498,474,360,181,379,360,274
248,692,663,479,183,455,436,331
206,500,475,355,132,272,251,190
263,590,563,417,187,435,412,314
250,630,599,448,172,336,316,228
270,609,574,405,148,278,262,190
250,636,609,438,189,437,416,304
247,563,539,374,163,328,299,219
269,668,637,475,192,436,416,313
183,517,490,371,160,403,387,298
255,646,622,440,142,282,265,200
271,626,593,452,170,327,308,221
263,605,566,408,178,413,394,291
253,568,532,372,184,374,352,257
252,569,545,397,169,399,385,296
255,671,638,468,158,347,329,267
228,533,511,347,131,228,219,178
272,702,673,497,134,364,348,269
192,390,367,253,131,270,255,198
199,603,578,384,196,483,456,344
208,450,421,312,128,251,238,190
278,661,630,471,163,296,287,194
280,611,579,433,163,368,354,248
201,478,456,317,144,310,285,203
207,548,520,378,147,254,235,186
231,508,474,325,197,407,386,263
243,579,551,386,169,342,327,232
301,737,706,525,197,438,416,328
255,605,581,440,144,353,330,244
287,735,693,524,105,197,180,144
224,516,486,342,76,136,120,96
228,580,551,442,157,346,321,226
242,596,567,422,158,304,283,217
270,649,610,447,170,363,341,263
231,629,595,439,152,317,297,242
274,607,571,413,132,239,226,162
163,336,311,213,170,434,410,313
209,532,501,369,170,343,320,241
292,683,635,472,163,323,305,212
169,399,377,263,178,361,347,255
224,580,552,408,157,318,293,242
236,555,511,386,179,413,402,311
205,467,442,325,135,348,336,235
240,584,555,439,91,160,145,114
227,603,570,429,127,217,203,153
283,646,614,465,144,334,320,251
233,595,571,461,152,258,235,162
276,683,650,483,154,319,296,199
216,535,509,385,134,228,212,165
248,666,639,474,117,180,163,129
185,453,433,327,182,357,339,257
332,741,703,515,176,382,356,254
243,562,539,375,128,260,244,190
182,385,366,268,147,304,292,211
236,607,574,418,149,292,277,196
218,531,516,381,134,265,248,195
196,450,425,303,136,345,327,248
250,631,590,437,119,286,269,195
196,436,410,304,188,296,268,205
218,550,517,386,112,210,198,145
227,571,542,395,100,239,228,182
195,429,406,280,144,325,309,215
255,650,617,456,194,386,363,275
256,648,612,416,177,362,337,242
259,569,540,407,143,333,314,209
197,511,478,369,127,199,188,149
288,671,636,430,170,317,296,231
210,403,380,268,166,275,258,177
193,446,414,296,90,145,126,107
250,633,592,450,171,318,287,214
173,401,371,270,136,274,254,205
176,418,394,255,173,326,307,242
197,426,406,287,164,354,338,242
246,641,615,424,209,458,429,307
180,380,360,260,135,247,233,139
243,564,542,400,163,365,343,236
193,454,425,323,90,153,130,100
233,586,558,422,134,257,242,166
258,711,680,521,137,295,274,193
268,629,583,405,100,159,143,127
283,721,694,529,148,313,293,239
208,526,503,362,147,326,309,243
148,352,332,228,171,371,355,270
212,509,483,336,126,213,204,140
301,663,628,490,129,260,237,185
187,449,427,333,178,395,373,274
224,533,504,399,190,394,372,275
171,377,344,256,103,178,166,122
236,508,480,394,115,201,181,135
211,455,425,316,149,298,286,219
266,641,615,449,111,225,210,136
233,593,567,444,145,334,315,220
245,670,642,460,212,403,376,287
279,742,706,524,169,366,348,245
254,632,604,451,176,393,370,271
225,592,570,428,159,347,334,249
229,594,564,409,157,323,307,199
211,624,597,456,160,258,241,188
253,604,573,419,144,319,300,244
247,633,598,453,173,380,354,272
202,468,442,303,190,402,377,284
305,707,682,522,168,403,372,286
274,753,717,547,208,412,377,280
240,612,583,417,136,278,257,185
211,570,547,375,143,253,235,162
277,699,673,487,133,229,212,174
234,568,533,400,133,259,236,177
278,669,641,480,113,192,179,137
215,482,451,349,190,429,403,284
245,543,514,350,109,162,148,113
234,499,476,345,135,274,252,188
216,561,536,378,141,252,241,181
271,685,651,471,134,243,229,165
224,620,585,441,165,348,326,254
200,442,418,315,148,267,247,181
240,563,535,402,137,276,263,190
262,539,508,368,162,325,306,224
257,624,596,442,151,353,333,222
215,570,545,383,141,223,200,153
187,423,406,309,161,280,262,199
256,584,555,396,97,146,131,117
177,445,430,290,166,381,352,240
254,609,580,447,122,254,235,166
202,531,505,350,159,291,276,203
270,698,660,463,146,329,310,228
197,488,470,312,148,271,254,182
254,504,457,341,140,255,241,183
177,491,462,306,146,249,233,177
198,455,427,317,186,332,315,233
220,569,542,402,112,214,203,166
203,550,527,409,170,313,298,208
213,562,532,402,157,319,299,206
260,569,540,374,208,430,413,305
264,645,613,438,127,274,262,189
216,577,549,393,168,352,330,252
183,507,477,386,136,237,221,153
221,548,523,393,115,275,258,182
261,638,608,460,156,374,357,252
272,650,619,460,119,278,263,194
221,556,530,411,155,327,307,240
144,291,278,199,157,335,311,237
255,750,718,556,128,212,198,146
273,641,613,449,152,324,306,241
261,632,602,464,214,432,403,317
276,628,594,426,151,319,295,227
209,572,536,385,116,249,233,180
207,483,448,356,163,389,364,266
241,601,567,449,178,425,401,300
238,652,625,479,172,380,362,273
228,501,469,333,150,288,267,203
260,646,619,458,142,310,294,194
210,567,541,413,186,444,422,318
225,569,542,392,185,397,381,288
206,477,456,346,158,307,281,225
259,681,654,469,130,264,243,161
295,706,680,506,121,248,233,178
169,377,362,266,116,216,206,155
190,371,349,260,163,350,334,251
251,568,539,386,183,396,377,264
229,518,492,343,164,356,344,259
217,544,514,373,93,168,162,115
182,414,392,305,133,208,194,129
271,598,574,418,139,323,307,214
207,516,481,352,183,385,366,277
274,630,599,445,201,443,421,300
239,673,634,457,140,268,241,179
180,407,382,257,94,183,171,133
231,562,536,392,157,316,302,210
267,696,666,503,180,369,348,250
182,406,381,291,127,330,311,233
235,579,550,394,155,389,369,275
244,619,586,426,172,311,289,221
256,585,555,403,159,339,313,237
296,680,649,504,230,468,441,306
252,531,503,382,140,295,279,212
228,551,526,392,115,245,234,183
245,570,538,400,208,429,402,299
244,526,484,366,173,338,318,220
255,607,564,419,147,339,323,239
223,554,536,396,213,466,441,321
167,360,344,282,100,231,222,144
233,587,556,422,154,287,268,177
271,671,650,463,157,285,275,211
210,571,543,425,170,327,304,215
218,468,441,297,129,269,255,203
226,665,647,478,141,288,268,193
170,402,388,258,127,201,185,145
216,488,466,325,139,295,278,222
171,384,361,268,195,409,390,310
220,574,554,415,183,398,375,275
251,545,522,387,180,426,397,321
221,584,548,419,196,403,373,276
180,391,363,240,161,330,312,216
213,563,538,445,148,329,312,240
277,699,651,482,176,391,368,279
214,554,527,377,166,390,372,253
221,540,510,346,178,331,318,209
218,542,514,377,154,339,321,218
138,322,302,222,153,291,269,228
179,428,400,276,115,205,188,149
267,625,593,437,126,242,231,176
158,381,366,243,153,363,349,244
230,638,608,472,167,313,293,233
227,554,520,347,168,414,399,284
212,540,508,367,192,484,463,314
300,707,678,481,149,306,289,212
226,603,571,414,147,225,201,178
222,477,448,307,130,337,322,236
234,635,612,459,211,500,471,366
218,563,533,383,176,416,391,288
262,557,533,403,115,237,228,173
246,590,557,429,166,364,337,229
216,556,531,390,152,318,302,229
242,565,531,372,143,281,255,209
269,616,581,415,120,257,242,194
209,517,498,353,140,314,295,194
156,323,303,219,129,286,273,191
206,541,521,367,127,270,249,177
212,520,497,334,149,258,235,189
261,614,588,467,158,346,317,234
262,676,638,446,148,344,330,248
264,586,562,383,147,309,290,188
184,512,499,391,164,400,374,271
185,384,363,236,191,407,382,254
218,548,512,366,146,239,216,158
251,603,573,441,189,360,342,263
248,614,590,455,173,391,373,262
200,441,415,303,153,284,267,200
214,518,486,356,141,291,275,203
224,572,542,404,156,324,290,234
263,690,651,507,117,306,287,211
271,594,560,384,134,253,236,156
223,571,545,390,170,382,364,273
216,504,480,377,171,382,360,273
181,472,450,324,125,217,197,162
240,532,498,363,140,264,244,176
265,588,562,426,117,198,184,160
206,479,452,352,114,207,188,149
222,526,499,350,145,298,284,228
230,663,631,474,138,312,289,206
249,701,672,497,164,350,337,229
253,541,520,384,126,260,245,181
196,503,473,348,166,339,310,230
191,441,417,289,163,346,328,247
191,433,413,273,192,388,367,278
223,484,456,345,131,245,228,172
202,471,443,307,177,360,350,265
231,531,498,358,171,335,313,244
210,510,485,340,129,294,277,207
239,550,519,356,110,271,255,212
234,504,477,326,161,364,341,267
188,499,477,323,160,316,298,209
218,486,465,321,169,309,294,208
312,763,726,543,172,335,315,230
241,611,586,422,142,282,261,198
247,561,539,379,127,261,242,196
227,563,539,377,195,401,383,277
236,626,592,431,147,301,275,206
242,615,581,410,189,392,373,280
166,331,312,212,162,314,288,210
261,700,668,473,82,119,104,92
216,569,542,390,190,382,356,267
223,582,554,418,178,365,344,263
223,525,494,384,144,258,237,181
228,524,495,337,130,211,187,153
230,528,504,370,173,290,273,209
250,594,558,402,138,255,242,204
288,607,576,411,135,235,217,146
244,575,543,393,164,392,364,272
232,483,451,299,121,272,257,182
248,630,594,418,133,286,271,192
243,573,543,412,125,255,240,165
232,472,446,309,134,263,243,194
278,744,718,543,117,254,240,192
234,651,621,458,178,342,330,261
234,569,532,388,152,280,257,187
304,725,696,536,129,223,212,158
313,739,699,495,155,325,302,231
225,559,530,377,176,405,379,310
234,557,523,371,129,259,234,179
228,620,599,447,150,335,316,239
198,478,454,358,133,238,220,171
239,575,556,405,179,373,348,249
264,667,637,491,148,354,329,231
227,507,474,350,174,345,322,239
238,558,524,386,130,283,277,202
163,352,327,223,160,321,300,216
168,366,346,227,171,388,361,277
228,598,579,439,150,276,255,215
193,443,411,268,133,267,254,174
317,732,698,518,154,325,307,238
260,662,638,455,168,368,349,255
167,427,405,309,204,465,441,332
206,450,427,293,156,359,342,264
219,544,521,383,124,264,251,179
297,696,663,476,176,362,343,249
225,477,458,343,159,341,315,226
256,582,549,397,150,316,299,223
209,566,539,401,164,385,365,272
211,481,461,296,124,243,221,161
177,378,365,251,169,337,318,247
248,606,580,427,126,257,247,186
206,508,492,359,149,352,333,242
253,534,509,387,168,349,327,245
231,601,569,408,216,490,459,358
258,621,596,433,136,348,333,266
241,582,550,413,176,349,337,235
216,497,468,309,148,271,251,194
251,691,662,508,169,357,345,264
286,658,617,485,161,304,281,193
193,542,519,368,140,242,215,174
236,642,605,453,137,211,192,138
233,585,555,409,159,319,295,207
306,809,768,586,172,395,370,291
224,525,507,348,131,269,252,199
220,585,558,427,141,247,228,187
193,467,446,307,166,293,272,217
178,385,366,248,177,416,397,294
219,556,521,401,106,204,191,147
194,439,411,291,146,280,262,211
266,680,644,499,120,247,234,163
233,496,472,367,143,229,211,156
217,556,527,371,156,320,307,238
299,782,745,562,137,282,262,198
221,539,518,404,146,346,329,266
200,490,464,331,159,274,260,189
158,373,364,255,125,247,233,192
216,532,506,400,137,290,278,209
250,602,569,414,116,209,193,152
241,579,540,376,182,408,385,296
248,528,499,391,145,308,286,219
201,522,500,365,164,356,333,245
227,577,559,397,115,210,197,150
302,775,743,551,154,292,274,188
216,439,402,282,151,383,367,260
225,560,527,396,144,304,287,223
230,504,475,334,157,312,296,210
219,483,445,328,186,416,387,278
240,551,523,361,173,385,364,275
270,667,641,495,187,389,366,266
212,493,463,381,167,398,376,287
219,556,534,395,146,312,288,222
241,642,614,449,188,366,343,225
230,674,641,495,100,181,173,124
221,530,505,388,153,343,320,240
176,426,394,275,185,373,347,264
223,562,533,392,114,194,182,125
250,561,525,384,205,442,415,297
239,526,504,385,144,328,303,225
260,577,546,373,140,300,276,213
235,521,492,354,156,345,326,214
224,499,473,349,180,413,388,288
253,559,533,409,140,301,282,216
276,682,639,499,93,167,156,119
219,554,527,373,191,487,462,360
243,546,507,384,139,306,285,217
160,379,366,275,144,299,286,209
269,715,683,510,119,191,170,134
240,647,619,442,120,239,229,168
306,717,680,474,169,350,326,247
151,346,325,226,160,321,306,229
288,732,698,511,144,283,269,212
215,538,508,381,169,368,349,233
270,714,696,502,116,186,174,126
278,658,619,457,167,321,298,224
235,543,506,393,146,347,327,271
196,341,314,221,127,318,299,196
167,397,379,268,98,189,172,133
158,372,351,270,201,350,325,227
228,528,502,343,136,315,301,214
260,525,494,333,106,201,188,132
239,610,582,411,99,203,192,148
225,574,543,412,201,425,409,306
266,652,615,459,137,284,260,182
270,633,595,434,138,280,264,204
254,631,602,416,137,293,277,211
261,604,569,413,155,260,232,175
193,479,459,317,186,422,392,321
190,416,390,277,177,360,336,259
197,487,469,326,162,379,363,261
212,617,589,426,150,304,292,196
145,308,289,228,134,279,265,196
205,481,453,327,178,321,300,209
261,675,642,487,182,371,347,254
284,672,641,459,172,368,345,250
169,390,374,272,111,295,281,214
211,477,451,328,141,284,267,198
243,658,634,477,157,341,315,227
243,544,517,402,111,187,180,145
239,511,474,318,179,330,310,229
248,647,618,451,102,172,159,128
258,619,588,453,176,327,301,236
212,510,481,365,106,193,176,154
220,471,445,306,143,272,258,188
186,431,408,333,120,213,198,165
282,690,659,477,155,313,296,204
227,577,548,407,197,457,423,323
193,503,484,358,138,282,265,190
202,446,422,304,177,379,361,252
294,732,699,521,157,367,353,253
240,593,555,371,144,314,288,215
303,697,662,477,162,291,271,211
204,452,430,321,114,242,226,171
223,530,507,369,185,336,308,229
177,462,442,317,166,375,351,260
221,566,542,402,141,286,273,197
223,537,510,366,135,266,246,178
212,505,487,349,182,402,389,279
218,607,570,419,158,301,277,223
234,579,553,448,161,315,295,222
216,576,550,392,136,243,232,177
268,605,562,423,156,275,252,183
222,501,472,335,198,408,388,279
278,673,634,477,144,312,291,231
248,579,546,380,132,216,202,144
234,533,512,370,170,331,304,233
237,602,570,427,187,409,387,273
260,607,582,421,128,343,330,237
251,678,647,477,167,373,355,268
222,552,529,373,201,390,359,273
211,478,450,324,141,222,208,157
195,531,509,344,166,335,314,221
253,559,539,399,121,272,259,165
264,671,643,489,214,450,426,316
168,366,344,246,151,292,273,184
275,616,580,447,111,201,191,144
172,400,379,278,138,315,293,209
218,578,556,441,135,276,259,196
236,555,524,389,127,239,224,173
232,607,580,404,153,287,268,214
270,656,626,461,180,406,392,287
231,540,514,373,167,381,363,302
156,311,293,191,139,241,220,145
148,391,366,237,136,292,278,204
245,529,505,390,113,258,243,175
205,445,424,293,166,334,310,210
254,661,635,457,141,294,272,176
224,559,534,368,199,473,444,338
198,521,500,376,106,236,222,162
250,514,488,349,155,338,317,232
194,456,422,290,143,311,294,214
228,681,655,491,174,370,345,263
297,763,736,544,183,400,377,293
212,488,452,342,168,345,315,235
258,630,596,427,143,279,257,184
265,594,565,444,173,326,296,220
276,658,623,471,179,397,377,277
218,512,489,340,153,332,310,234
211,549,517,378,195,453,431,311
243,551,521,365,151,328,310,235
255,576,544,401,128,218,203,147
224,565,537,357,155,329,305,221
230,508,485,352,132,315,295,225
273,692,668,505,132,221,201,160
256,646,616,430,161,341,326,236
252,597,571,418,150,317,305,221
267,674,644,472,124,198,185,147
260,550,515,375,129,243,224,166
167,403,377,248,157,328,303,223
162,382,361,273,156,267,245,191
243,628,595,417,139,312,296,216
156,356,340,232,123,212,196,171
229,514,494,358,146,301,285,228
252,705,669,484,139,267,241,186
288,736,705,520,144,313,294,204
213,503,477,315,184,390,363,277
261,593,559,395,150,312,298,235
245,668,632,468,122,238,226,153
247,617,591,427,125,227,213,161
198,406,379,278,154,306,289,205
236,609,587,466,137,253,234,170
237,539,507,368,159,350,331,264
184,399,382,310,203,431,402,321
285,758,731,517,172,349,334,254
233,606,584,423,141,271,254,206
211,512,481,366,156,361,342,252
187,478,459,344,154,327,308,216
211,510,489,384,153,327,309,220
192,442,426,325,145,365,345,268
262,653,623,463,143,255,242,183
233,543,523,396,145,316,302,218
238,557,530,366,169,376,364,273
205,512,484,368,152,315,300,224
250,586,563,393,153,322,308,265
227,564,543,399,195,367,333,251
267,707,676,492,208,540,518,370
194,450,425,316,154,316,297,218
279,620,586,424,167,327,302,234
290,603,571,398,160,409,388,279
228,616,591,424,107,204,188,135
233,548,520,382,145,347,331,249
269,619,586,408,121,218,201,160
249,630,599,443,123,228,212,160
212,454,432,315,145,297,280,224
223,538,497,358,162,332,312,243
221,533,500,341,174,378,358,247
207,569,536,402,183,331,308,237
285,702,666,483,186,449,429,316
235,561,538,408,196,462,438,324
196,515,483,368,175,295,285,200
189,429,402,278,115,226,218,165
234,525,485,361,174,361,337,274
279,632,602,438,119,241,220,169
273,645,618,446,147,224,208,166
238,619,588,435,144,321,301,212
280,668,636,474,134,283,257,206
192,406,383,287,177,344,317,248
235,640,612,429,157,355,333,256
202,468,442,293,157,335,311,241
251,628,597,446,145,262,245,202
205,539,514,372,167,348,324,264
161,398,376,283,177,401,378,282
214,535,507,404,119,180,164,122
295,643,602,434,150,307,290,220
270,653,622,445,134,272,253,196
289,615,589,429,181,401,380,293
201,532,506,394,149,312,294,211
177,495,474,337,161,263,247,170
227,567,531,377,147,308,294,197
263,646,616,450,155,347,328,262
216,434,407,308,135,237,220,170
318,779,747,524,128,286,271,193
255,709,679,477,143,305,294,200
144,360,340,243,150,322,308,191
239,595,573,430,128,257,236,165
250,579,543,393,144,286,272,197
203,441,423,322,145,266,251,196
167,377,354,240,191,400,377,266
266,722,686,504,162,281,261,202
181,394,373,281,183,409,384,304
252,576,551,396,154,281,260,189
260,552,524,400,151,278,262,187
233,587,563,451,160,284,263,183
248,566,534,382,116,236,225,156
264,578,532,392,145,336,328,208
215,541,512,354,85,137,125,85
212,493,473,355,136,300,281,197
158,467,446,345,193,385,361,266
192,468,439,291,106,211,199,160
193,500,473,364,131,259,239,172
205,456,432,319,111,257,239,188
233,540,509,377,141,295,283,199
227,525,490,348,173,362,342,276
206,496,475,349,113,232,214,165
228,603,573,427,120,239,223,177
140,315,294,200,157,395,375,278
230,545,517,375,163,325,307,208
186,420,396,289,159,335,310,236
261,562,529,389,160,357,340,253
201,491,470,323,191,414,385,290
201,465,438,326,144,305,292,209
219,595,566,426,133,254,234,175
254,592,568,432,121,230,220,179
304,800,772,539,128,247,226,157
249,531,499,371,162,309,285,234
249,599,568,403,130,258,248,189
204,535,507,378,156,340,323,241
190,400,374,259,159,326,305,219
243,593,570,421,133,272,257,205
233,494,466,343,188,396,379,299
224,486,466,348,140,253,238,173
246,638,596,415,120,277,268,173
305,720,690,495,175,377,348,259
224,522,491,361,184,377,352,240
214,478,453,323,164,303,283,217
279,637,609,448,141,294,281,214
183,433,406,279,163,347,324,240
203,491,475,367,171,391,366,274
233,565,541,392,133,304,284,199
238,544,513,365,131,282,266,186
238,580,553,394,145,266,244,179
300,640,604,445,179,382,365,260
263,606,572,439,121,255,236,173
219,472,441,343,133,266,254,184
247,639,608,432,102,163,142,104
229,613,579,408,148,322,303,198
181,455,437,307,207,452,428,317
211,478,450,321,118,231,210,148
274,737,704,539,114,273,260,184
253,661,627,464,166,320,300,220
172,407,386,295,194,403,382,297
225,590,561,389,142,326,309,223
210,562,536,389,203,493,463,346
285,604,561,414,143,284,266,183
276,614,586,455,174,387,360,267
209,528,503,355,187,424,398,296
258,559,528,383,133,217,206,164
228,622,592,469,141,254,237,166
241,612,562,402,98,194,179,124
205,517,494,370,143,298,279,192
194,455,435,327,196,457,442,332
273,692,651,477,141,272,252,200
265,607,576,398,192,443,420,307
211,611,590,454,155,275,251,188
212,546,507,372,127,239,222,159
218,544,519,360,185,417,393,298
219,459,436,307,106,234,217,157
196,507,483,360,130,245,233,169
216,502,472,340,160,311,297,230
229,501,484,337,161,319,304,225
245,591,566,401,119,257,238,174
237,633,601,443,169,384,366,260
225,568,533,388,151,321,296,228
303,743,701,513,135,238,228,177
209,498,473,332,155,321,303,208
223,539,520,412,188,357,339,246
228,493,465,324,161,342,321,236
231,517,491,344,165,348,327,230
218,442,419,320,143,295,272,216
213,581,547,406,165,292,279,195
165,395,366,268,168,381,363,289
252,616,588,416,129,250,232,160
248,618,579,392,148,310,291,230
208,506,480,347,129,248,230,174
255,573,542,409,100,185,166,109
189,392,364,262,137,294,278,220
250,608,578,421,139,281,273,211
232,487,459,318,143,249,234,201
210,550,519,386,149,276,248,196
246,614,587,458,143,291,272,199
208,516,497,365,117,234,220,140
210,554,511,375,124,248,233,175
203,461,443,345,136,292,280,200
180,433,406,283,175,421,404,313
277,659,626,450,115,288,274,209
198,471,447,332,191,401,383,290
235,671,638,460,163,294,270,203
232,555,525,388,210,452,432,306
269,633,601,416,144,287,274,200
206,509,491,346,180,343,323,255
195,491,469,355,152,269,255,186
229,606,575,406,143,237,211,172
269,576,539,399,128,232,220,163
290,688,652,492,175,343,319,228
237,544,514,371,195,406,385,291
208,444,420,280,146,271,262,206
175,466,445,348,147,292,268,211
251,607,580,441,150,302,283,209
234,615,593,466,143,299,279,214
270,682,642,463,171,317,296,225
222,503,476,366,169,318,295,218
250,488,451,365,162,432,408,299
277,701,666,507,191,428,403,312
202,421,400,292,148,315,296,236
189,376,353,269,144,327,311,231
196,547,524,387,177,371,348,239
223,502,472,314,147,249,233,182
226,559,520,356,121,243,225,153
168,442,414,306,133,228,209,160
244,558,533,416,108,249,236,183
318,716,679,507,173,334,312,265
234,517,490,343,142,321,303,248
247,627,601,443,176,347,329,252
252,614,583,430,127,265,247,192
222,456,432,318,134,286,270,194
265,655,628,441,167,311,291,230
261,677,652,516,191,411,395,303
213,542,504,334,112,239,227,177
240,690,661,476,139,306,293,208
177,347,324,238,138,241,219,152
259,533,494,362,161,351,323,240
201,403,374,269,147,305,285,208
274,605,581,450,133,241,218,159
282,705,682,504,154,305,281,208
237,647,622,464,168,371,350,259
236,580,554,393,178,436,419,327
277,689,664,508,108,210,204,146
251,538,507,375,133,253,242,164
238,599,565,435,163,343,327,223
251,600,571,391,176,336,315,241
246,593,557,431,157,304,284,225
245,647,623,441,150,261,242,190
191,513,487,374,139,305,296,227
245,551,519,375,129,269,253,157
189,537,508,369,149,319,302,231
179,298,281,213,144,286,268,196
235,575,551,423,179,364,342,233
265,643,609,422,163,285,265,199
216,468,449,331,193,380,362,281
245,583,557,414,172,332,302,234
299,637,606,448,157,351,331,255
280,660,625,461,131,215,200,147
244,646,620,477,145,332,313,215
269,641,598,435,137,253,238,190
244,475,449,312,151,270,251,195
244,611,585,433,167,314,291,238
258,654,623,434,156,340,324,222
223,541,513,380,136,289,278,200
191,370,341,285,147,287,269,195
327,716,668,497,157,333,306,224
196,479,462,334,161,327,298,221
252,661,631,454,112,266,248,175
202,459,448,338,150,335,315,234
283,764,732,511,195,387,372,272
257,603,575,421,152,324,301,227
199,496,469,334,151,298,278,198
206,522,494,376,151,283,260,207
220,532,507,379,163,282,261,177
267,621,591,459,196,442,417,307
199,447,433,324,156,310,297,234
232,577,543,375,133,302,288,224
157,346,330,232,141,241,224,174
223,597,568,452,141,286,264,190
232,551,520,415,124,183,165,127
156,398,368,258,120,255,242,160
174,427,400,263,170,355,335,233
247,590,557,414,171,385,360,261
217,505,478,327,129,270,252,186
224,590,568,401,142,264,244,187
236,569,544,399,115,211,193,146
278,689,658,485,142,237,215,160
296,634,608,468,170,380,353,267
181,474,458,354,179,366,348,256
250,579,548,405,139,250,238,157
205,508,472,377,106,214,207,155
270,704,667,507,163,346,323,256
292,737,703,531,147,328,306,229
194,449,425,298,115,186,174,134
220,515,495,328,93,152,142,105
274,723,702,517,140,251,233,175
257,747,718,533,165,377,350,262
163,317,283,198,177,358,331,236
205,470,444,334,151,297,280,212
234,479,459,320,139,290,273,201
238,607,569,426,156,350,321,249
249,569,542,402,153,267,245,180
238,494,460,316,121,221,207,153
255,592,560,397,183,394,362,277
159,386,371,280,145,329,310,239
220,467,445,357,130,247,234,175
262,678,639,447,176,396,383,254
192,427,394,287,126,220,197,152
159,378,350,231,114,154,134,112
241,643,608,442,110,281,269,187
268,579,549,425,203,387,369,263
192,492,475,349,138,280,263,182
216,421,384,278,103,197,180,134
267,663,633,434,154,295,276,206
212,486,462,348,116,225,214,162
263,616,587,429,155,296,279,206
206,548,523,376,137,291,275,192
201,531,511,396,177,354,337,277
206,462,431,334,116,204,189,125
256,557,525,399,149,386,368,270
191,492,463,344,136,275,261,192
232,539,515,368,173,360,340,260
251,664,632,466,185,385,370,271
264,609,582,440,140,324,309,230
212,558,540,365,154,350,325,248
241,634,606,443,167,390,365,278
241,573,548,392,189,391,374,263
229,460,427,316,170,339,319,242
210,517,490,353,155,301,277,204
254,498,471,322,146,255,237,180
241,577,542,412,122,213,199,149
205,505,484,324,135,283,271,200
243,514,485,345,120,268,249,183
197,504,474,347,183,403,385,286
265,670,643,481,197,408,395,279
243,653,622,477,129,283,274,213
154,431,405,272,141,284,261,208
277,695,653,477,186,327,310,226
215,534,505,390,151,278,260,205
252,658,626,460,157,346,324,223
239,560,531,372,141,268,251,180
158,352,329,244,169,335,308,233
261,601,573,403,194,445,416,323
180,479,452,334,130,262,247,190
251,632,597,447,169,293,266,203
204,528,505,367,167,377,352,264
252,546,513,352,136,317,301,228
164,456,430,313,138,240,221,157
290,805,768,583,173,365,343,262
284,676,647,492,128,301,282,220
192,393,370,252,143,285,268,190
219,489,457,313,175,346,321,241
179,445,425,298,131,231,211,163
174,396,372,261,185,333,297,216
210,511,486,321,166,354,338,233
199,514,487,351,174,362,341,236
308,705,665,501,138,250,237,171
256,645,608,438,163,329,303,226
211,432,400,271,87,167,156,108
313,730,684,507,193,368,349,275
192,491,472,339,139,325,305,231
243,597,569,423,119,253,242,179
224,486,461,337,176,392,371,277
269,647,612,465,195,365,341,272
185,455,427,329,153,323,304,223
273,706,671,508,131,234,217,175
276,696,656,477,145,321,296,212
218,555,520,380,158,337,312,241
261,616,594,418,198,405,386,268
243,653,628,502,157,311,295,218
258,644,615,477,167,404,375,284
178,510,492,358,163,342,322,256
247,551,518,374,158,347,324,253
162,458,438,315,166,358,332,225
233,690,655,480,174,372,349,249
240,582,553,387,145,287,271,194
232,542,514,390,173,321,301,230
262,614,572,409,107,164,148,119
202,464,438,339,168,379,363,265
295,701,665,482,157,329,311,215
178,405,382,283,171,367,356,241
166,424,401,278,180,376,351,260
255,602,578,421,164,353,331,256
186,371,339,264,160,314,289,212
234,683,645,450,144,263,248,172
216,477,448,333,116,233,220,150
158,418,399,266,112,172,161,111
242,611,576,397,108,257,247,165
223,554,518,359,137,269,251,188
222,547,520,399,196,392,368,275
230,536,506,345,171,319,295,208
210,438,416,301,174,384,364,276
218,504,481,328,150,299,279,230
185,498,483,351,135,265,253,191
268,617,587,420,113,236,226,162
197,483,457,311,151,311,285,192
180,342,315,219,145,268,254,202
214,460,434,292,131,300,282,197
246,513,496,359,150,350,330,252
189,456,431,310,116,221,209,132
212,508,482,338,149,302,285,214
237,596,562,411,164,305,290,225
261,676,643,469,151,343,325,253
187,480,466,335,161,313,292,204
216,607,590,435,188,309,289,232
305,701,671,515,203,435,407,298
250,565,543,412,186,393,368,291
231,654,624,477,158,332,305,234
252,605,569,435,162,294,282,207
244,548,529,358,178,362,337,252
228,622,597,441,148,359,334,241
217,479,462,313,116,241,223,164
224,610,583,424,145,246,221,181
218,536,511,379,157,384,361,274
237,751,721,527,158,354,333,258
245,545,503,375,155,293,273,207
214,520,495,384,129,300,285,196
239,641,610,442,178,357,336,263
241,594,568,442,176,362,342,262
195,434,411,274,154,349,328,249
172,389,366,259,161,368,345,254
258,590,555,426,176,401,383,268
243,538,510,377,191,429,399,300
208,500,473,345,153,312,293,216
269,571,543,366,132,241,231,185
197,517,496,339,171,346,320,250
293,694,665,489,139,299,279,204
270,657,626,451,124,223,203,165
