80,66,66
86,78,66
155,150,117
164,152,114
145,137,111
143,130,109
91,87,71
147,138,106
187,179,139
185,168,145
124,113,90
132,123,98
166,153,121
135,125,101
213,206,155
128,119,105
172,159,125
132,118,88
145,136,108
157,140,113
148,137,104
139,128,101
129,121,100
129,120,88
132,121,100
166,154,118
213,197,156
118,109,91
107,100,76
93,84,66
104,96,80
139,123,104
202,185,157
133,127,99
214,199,142
126,112,90
169,163,143
149,144,112
101,92,81
108,102,76
140,129,106
187,172,140
164,153,120
168,161,124
107,96,80
143,134,103
149,129,104
97,86,79
91,81,73
146,138,113
157,146,124
172,164,138
103,92,86
171,164,124
204,193,135
153,145,114
134,120,87
178,164,122
110,103,75
136,131,102
126,116,93
129,115,97
160,150,116
160,152,132
145,135,108
149,140,107
154,144,120
87,83,67
137,130,108
165,158,112
117,112,82
100,92,66
151,141,113
197,184,133
204,188,149
122,117,98
203,194,149
128,116,100
105,95,89
148,138,113
85,78,65
127,121,100
145,135,112
183,172,124
154,144,110
191,184,144
156,145,118
234,215,169
162,149,124
103,93,81
145,131,96
100,94,75
140,128,101
102,97,69
163,154,124
115,106,87
181,164,133
107,98,86
202,188,149
201,196,158
174,164,121
150,136,107
110,101,78
232,223,168
125,117,90
106,100,83
122,111,93
125,110,93
127,116,95
128,116,91
213,199,155
103,95,76
114,108,86
134,127,107
96,90,69
114,106,86
144,130,100
201,194,144
161,146,116
141,133,113
151,146,106
113,105,86
108,100,82
141,128,106
125,119,93
83,77,63
181,169,127
193,181,150
177,167,126
126,116,101
202,193,148
131,123,94
127,111,96
112,105,86
129,118,97
234,223,180
125,116,96
113,108,91
132,119,96
107,99,78
184,173,138
103,96,71
159,145,115
176,162,128
105,97,89
133,119,102
104,93,78
139,130,88
126,115,102
233,221,179
110,104,75
96,86,68
159,141,112
178,167,123
156,139,112
145,133,102
216,198,151
109,95,82
120,114,89
142,130,110
96,94,79
140,134,104
142,138,107
112,101,80
85,77,59
117,108,78
187,177,143
93,79,63
133,126,106
155,145,122
154,140,117
121,112,94
110,98,88
108,97,81
139,130,94
130,121,102
103,96,80
142,129,108
154,143,111
169,163,131
145,139,118
146,132,105
148,136,111
149,136,110
145,136,114
134,128,106
133,120,94
126,115,85
140,130,108
107,98,81
96,89,74
83,78,64
135,127,103
136,131,100
126,119,94
174,161,133
122,115,88
138,129,111
140,130,101
146,135,110
124,115,95
164,151,120
109,101,86
117,103,79
186,173,141
144,134,111
126,120,86
106,102,83
143,131,103
145,135,119
144,128,97
104,97,82
183,172,133
135,125,95
153,138,108
118,108,94
128,121,97
131,120,104
141,131,111
178,167,131
164,154,118
123,110,93
171,161,106
153,141,112
208,197,149
190,175,131
228,217,175
98,93,74
167,158,125
113,102,76
142,131,110
107,105,80
127,115,94
143,130,110
100,87,66
192,178,146
117,107,84
80,76,71
108,95,86
164,148,121
148,138,113
155,147,108
154,139,112
103,95,70
146,137,108
151,138,107
192,185,138
122,115,75
167,157,131
126,120,95
141,137,111
140,126,110
112,96,83
78,72,52
145,132,108
175,169,135
160,147,111
148,140,113
196,183,139
171,163,120
94,85,68
120,109,93
118,102,89
140,132,101
126,122,91
114,98,88
166,155,134
118,104,81
140,128,103
146,131,103
151,137,114
173,166,120
88,76,63
111,103,83
177,168,132
117,102,76
113,104,81
102,95,72
167,149,126
124,106,92
127,120,93
92,82,73
101,94,77
133,124,99
132,121,108
169,153,124
104,96,78
90,81,64
191,178,137
113,106,78
146,132,103
159,152,124
199,179,135
105,100,79
180,168,143
156,146,121
155,140,117
107,97,85
168,161,117
69,64,53
135,122,111
145,138,102
103,98,73
193,176,137
153,140,121
136,129,104
90,81,65
207,191,145
158,146,117
86,84,70
93,85,68
123,114,95
176,163,122
79,72,62
84,76,65
154,141,120
143,129,103
137,129,101
114,102,92
179,167,145
124,111,93
128,117,92
215,200,148
126,118,90
133,117,102
152,147,113
134,127,104
157,149,116
147,136,106
113,105,78
80,74,57
131,116,88
140,127,105
155,146,118
144,127,109
140,126,107
117,106,84
121,116,90
142,127,104
133,123,89
206,193,139
101,86,77
122,107,83
121,111,90
170,159,124
112,107,84
128,120,95
124,114,87
118,113,80
159,148,120
169,157,122
136,127,98
125,115,96
164,151,131
142,129,98
116,110,84
139,129,99
168,155,133
116,108,89
128,117,96
112,107,84
124,115,93
98,90,79
212,194,165
204,191,151
118,107,89
86,80,73
193,181,143
99,89,75
150,133,111
175,164,123
125,114,90
117,108,85
122,112,97
152,143,108
173,164,119
117,105,87
163,148,105
169,152,114
149,134,117
157,148,117
138,131,98
116,111,91
162,147,122
149,135,105
123,110,89
94,91,75
101,89,78
132,122,102
141,131,97
135,131,105
125,120,91
127,119,93
124,115,91
122,117,93
160,141,120
164,156,119
176,165,130
147,137,105
104,98,75
133,118,100
96,85,72
114,106,86
103,93,74
161,156,118
91,86,77
150,137,106
76,63,55
118,108,87
123,118,83
107,98,73
96,85,64
226,214,162
99,93,80
117,108,85
105,97,80
95,83,63
143,139,102
134,127,102
127,116,103
90,84,74
104,94,84
105,98,85
192,181,135
134,127,100
95,93,77
146,133,121
136,127,92
191,182,138
175,163,133
165,151,109
130,121,85
149,137,109
119,107,90
163,154,120
78,71,62
106,96,77
129,124,97
225,215,172
181,174,128
158,147,121
143,128,99
143,128,114
165,157,123
132,120,110
168,150,138
152,133,120
107,95,84
183,170,131
77,70,57
105,97,80
144,128,104
131,120,102
129,116,102
163,156,107
112,104,89
176,169,133
120,112,88
145,131,98
190,175,142
184,174,128
123,108,86
155,145,124
206,195,146
202,187,146
225,213,163
153,140,116
104,94,86
152,144,108
112,96,81
129,119,93
167,155,126
150,143,116
142,129,102
103,92,82
153,138,108
89,80,68
172,161,132
135,125,99
134,122,102
128,117,92
120,112,85
169,159,121
150,137,110
124,116,93
136,125,116
147,132,108
130,124,101
130,117,100
132,124,105
121,111,97
133,124,102
106,96,87
119,113,87
143,127,99
174,162,126
107,101,82
112,101,83
116,104,81
135,125,98
124,115,101
170,159,123
105,99,86
119,108,93
137,128,95
144,131,102
124,114,85
116,107,91
86,78,62
103,92,89
168,154,126
163,152,115
217,207,173
139,133,96
106,93,82
211,194,165
147,132,108
134,124,98
181,173,124
161,147,117
130,124,100
108,96,79
183,169,142
189,176,146
137,130,95
180,168,130
153,148,108
127,110,96
98,94,73
107,96,79
103,97,83
97,91,79
136,126,99
118,107,86
176,165,121
118,110,86
179,165,129
123,114,85
136,128,96
113,101,85
118,109,90
148,135,114
194,187,149
109,103,84
103,94,75
127,119,88
107,97,68
120,110,98
170,160,139
119,108,81
172,158,112
215,201,161
132,120,108
180,169,125
129,114,93
119,112,95
165,153,120
119,113,102
103,95,85
125,113,88
176,164,134
245,230,182
129,117,92
106,102,78
107,95,80
119,110,87
121,111,94
133,118,101
115,108,76
146,131,116
129,118,93
210,202,167
88,80,60
99,89,70
136,127,94
157,151,124
129,118,91
146,135,109
154,141,121
137,129,98
166,155,128
125,117,92
145,132,108
176,165,129
156,152,106
192,173,136
171,160,142
152,142,106
164,151,120
222,208,167
179,163,138
144,139,109
138,122,99
166,156,118
206,192,151
139,130,96
88,80,70
139,134,109
193,181,129
167,153,124
172,161,145
155,139,117
167,155,121
197,187,162
97,86,59
163,144,121
146,136,106
156,144,123
158,149,105
135,122,101
154,140,116
154,142,118
159,151,124
105,100,90
155,143,114
99,93,75
66,64,53
150,144,109
146,137,113
137,130,91
198,184,148
194,181,139
160,142,123
172,163,126
203,188,136
145,123,112
197,189,140
132,120,94
182,162,139
151,136,115
190,181,147
155,141,105
143,128,118
180,170,125
99,91,69
128,120,97
151,136,113
136,124,103
127,119,98
102,95,80
154,137,115
123,112,93
206,194,162
133,120,90
117,111,89
122,117,92
139,128,110
107,104,74
144,125,103
157,144,111
90,84,68
185,172,137
153,142,114
111,105,84
153,141,92
73,62,61
224,209,154
191,177,142
167,158,119
147,126,102
155,142,108
98,89,75
109,101,86
190,181,125
170,155,112
164,155,118
127,117,96
175,160,127
143,130,98
118,112,84
132,119,96
121,110,90
116,106,100
123,113,81
117,107,91
109,100,87
127,118,102
136,127,98
132,126,97
118,110,93
153,145,107
112,100,87
149,136,106
207,194,153
144,134,105
110,103,82
102,95,79
157,145,114
148,141,104
119,110,88
164,154,121
178,169,125
115,112,79
103,97,74
158,148,133
154,144,104
187,177,140
104,91,81
190,178,140
95,89,68
171,162,120
215,199,154
111,99,87
196,185,155
176,163,141
173,161,113
124,115,90
95,89,69
162,149,123
136,127,103
136,126,109
116,108,77
125,114,86
131,119,92
151,143,115
127,114,99
174,160,132
181,171,130
114,107,89
107,96,75
168,154,122
123,109,89
124,113,99
200,190,154
103,91,83
143,130,104
107,95,87
163,155,130
186,174,132
85,79,70
97,92,80
106,97,81
145,133,105
220,211,161
164,153,125
208,192,163
128,117,95
143,133,112
99,90,78
113,106,81
158,149,121
192,178,150
128,121,95
115,105,83
120,106,88
107,99,82
150,136,120
135,128,94
129,119,92
197,172,135
142,127,98
118,112,80
132,127,89
92,81,75
136,125,101
143,129,101
142,135,103
141,129,92
153,142,113
169,155,132
136,125,101
138,127,93
197,185,144
175,160,119
85,81,57
183,174,133
134,123,105
145,131,109
128,110,100
127,116,91
151,144,112
163,152,122
137,117,97
117,107,102
161,150,120
148,132,117
163,153,119
194,181,141
154,137,112
121,114,91
124,116,93
175,158,123
144,135,102
117,111,87
133,121,100
164,150,130
180,174,138
142,132,104
98,93,66
131,118,99
100,95,82
169,159,126
207,191,158
140,131,98
148,140,116
134,126,98
153,139,99
180,170,120
126,117,89
88,77,66
121,111,99
225,208,173
95,87,74
110,105,83
141,132,95
102,91,81
159,149,115
172,157,119
155,144,106
140,134,115
130,119,85
153,138,105
147,139,114
166,153,111
185,171,142
122,116,95
126,115,94
190,177,133
125,115,88
153,145,115
142,131,104
160,152,117
155,143,119
127,116,96
142,134,102
74,65,48
142,131,100
182,170,133
95,88,72
162,154,117
156,140,116
176,162,131
180,167,131
95,84,76
166,161,122
133,118,89
123,115,96
98,90,73
99,87,73
177,170,133
179,164,134
192,169,148
156,138,110
144,133,101
127,119,93
111,98,78
124,116,82
180,165,120
147,134,97
175,157,121
160,148,120
116,107,88
131,122,94
186,178,145
110,102,89
146,137,114
136,128,100
142,129,105
132,117,99
170,154,123
140,128,105
98,90,74
185,174,139
128,117,87
147,133,111
128,120,94
164,154,127
147,132,108
97,89,73
114,110,90
114,106,79
145,135,93
216,205,161
143,134,108
113,104,92
146,131,97
138,126,106
162,157,125
185,163,121
114,110,79
98,90,77
155,139,104
102,89,71
171,156,124
120,111,89
133,121,87
152,141,110
158,146,119
134,126,99
175,166,115
104,99,81
125,120,104
151,143,119
123,116,87
184,166,138
138,125,108
130,122,97
150,137,120
142,127,108
159,152,119
149,138,112
101,92,76
158,148,114
74,66,60
136,118,96
144,135,95
107,93,79
136,129,103
146,135,104
159,147,120
142,134,111
126,122,94
107,100,90
141,126,98
102,93,78
146,136,108
115,104,97
115,109,83
119,111,81
144,140,102
141,133,98
144,131,101
100,94,78
181,162,136
115,108,87
156,143,117
128,116,102
121,115,93
140,126,93
115,100,91
106,101,86
244,229,192
154,140,117
146,142,110
114,102,87
166,153,114
124,117,86
139,127,111
176,166,135
130,122,99
156,145,118
166,156,120
140,130,109
146,133,111
116,108,87
103,88,86
120,107,87
116,105,87
172,160,123
100,93,82
100,89,82
126,116,96
146,136,116
120,116,89
138,125,101
180,171,135
204,191,146
103,93,75
143,134,101
154,148,120
123,111,90
92,83,78
152,145,104
113,105,80
105,96,88
108,99,85
96,90,71
142,132,114
139,133,106
140,130,91
165,149,126
125,116,97
167,155,115
122,109,79
106,93,82
80,76,63
169,158,120
166,158,119
171,163,131
104,93,84
228,219,154
76,71,59
94,84,76
149,137,113
131,118,73
175,155,124
95,86,69
119,112,91
165,150,125
161,150,114
163,149,116
117,107,84
108,100,87
151,136,114
192,178,145
181,172,144
169,160,128
173,158,132
145,132,110
203,193,150
118,111,91
175,167,132
162,150,117
184,172,144
170,154,122
152,144,102
106,99,83
113,101,84
198,185,145
167,156,117
143,129,101
144,130,111
115,106,79
164,150,126
182,173,137
134,123,88
164,150,119
132,125,94
146,136,107
116,108,88
159,152,118
156,147,115
99,87,74
126,121,86
129,116,98
149,144,102
140,131,100
158,151,130
126,117,95
89,80,70
154,141,114
129,113,103
98,92,76
95,88,72
98,95,75
168,155,122
193,181,138
113,106,96
144,132,112
193,180,142
86,78,67
178,164,120
170,160,132
78,72,56
97,89,79
190,181,144
152,148,122
153,141,107
146,131,104
105,92,76
128,117,94
101,89,71
187,176,132
90,87,71
124,114,100
150,143,105
138,125,101
106,98,77
221,209,160
103,99,76
188,176,146
153,142,104
145,135,111
108,105,88
152,143,112
157,148,120
149,137,111
140,131,97
94,86,79
146,141,116
106,93,84
177,166,134
148,135,113
147,137,111
142,129,110
93,82,78
187,176,122
173,162,123
179,168,128
201,189,135
156,141,109
102,96,79
145,134,110
218,206,157
225,212,167
108,101,82
117,107,87
110,102,90
204,192,152
154,141,117
158,146,116
82,75,59
190,180,139
140,124,104
136,124,99
148,133,119
165,150,111
116,104,90
114,104,86
101,90,80
115,106,87
143,133,104
142,132,100
154,142,123
106,97,75
164,153,129
128,120,96
111,97,87
133,129,103
189,169,149
138,129,100
150,144,124
102,96,70
117,110,87
165,158,108
91,77,62
123,114,91
110,99,77
110,99,74
114,104,88
142,135,112
111,100,88
140,134,104
142,132,107
95,90,69
139,129,105
161,152,118
138,130,104
151,137,116
165,153,106
143,133,103
175,169,133
162,156,119
77,71,57
169,151,112
121,110,82
121,111,92
231,217,168
136,126,110
65,56,52
117,106,87
109,103,85
199,183,151
163,151,119
157,147,119
79,69,63
119,112,83
104,94,77
123,113,86
146,133,98
120,107,95
133,125,97
149,141,123
158,147,112
165,160,119
155,149,114
93,87,76
154,145,99
184,174,139
134,120,95
137,131,97
101,90,77
141,127,100
175,165,135
189,173,137
112,98,81
182,168,133
104,97,83
111,101,83
153,146,114
151,141,108
166,158,129
141,125,98
158,150,112
103,94,80
114,105,82
213,203,151
241,227,179
121,109,85
229,217,185
107,93,81
134,128,107
109,102,90
149,134,116
173,158,139
160,145,118
117,109,78
137,129,99
116,107,82
137,128,113
142,130,111
176,166,129
124,120,97
125,116,96
129,120,96
222,216,166
126,116,97
155,146,110
84,76,68
188,179,141
136,126,103
176,161,122
145,131,103
147,137,109
149,139,107
107,100,77
155,142,109
103,90,79
203,190,146
103,101,82
151,140,121
178,172,131
152,140,115
168,158,125
169,158,135
171,158,125
197,187,152
107,101,77
136,126,97
140,131,105
133,126,97
115,106,87
182,170,119
152,136,113
128,120,82
169,156,128
141,131,108
128,120,91
158,144,124
117,105,81
166,153,134
118,108,85
158,145,112
60,52,52
159,146,122
93,87,76
145,134,103
133,121,98
103,91,73
121,110,84
122,118,86
111,93,80
155,147,120
122,111,87
150,141,102
166,158,128
137,126,100
172,163,127
174,165,136
141,129,114
102,96,71
125,114,93
180,171,141
140,130,108
92,82,74
99,96,72
174,160,127
164,147,127
76,62,63
157,149,107
167,153,133
83,76,65
158,147,113
85,79,64
176,163,130
206,194,157
131,126,99
194,185,142
112,100,80
114,105,89
196,185,146
130,123,104
104,96,79
139,131,110
152,140,113
206,193,154
143,134,108
162,154,126
177,166,119
121,116,89
173,161,132
128,124,105
122,111,93
120,114,94
118,104,89
91,80,70
180,168,138
111,106,88
113,103,83
135,125,103
139,132,105
133,122,105
151,137,112
162,150,130
178,163,129
210,199,177
167,157,128
118,112,85
145,138,107
237,220,160
162,150,109
190,176,125
196,179,133
101,91,79
126,118,91
143,135,108
149,138,110
178,170,126
107,91,78
108,97,76
239,221,184
172,158,126
167,152,123
157,147,119
140,129,109
73,65,56
121,114,97
110,102,94
165,153,133
94,89,72
104,100,80
157,146,116
182,169,137
165,151,116
202,193,144
98,90,70
156,140,125
149,141,107
106,98,88
81,74,63
110,101,86
120,113,90
105,95,83
173,163,124
129,125,101
187,176,115
95,82,70
158,144,117
144,136,99
138,126,99
158,134,117
173,160,125
159,152,128
138,123,102
221,210,165
101,93,74
104,95,79
218,207,150
102,92,79
134,122,92
162,154,118
120,112,91
124,115,100
168,153,138
125,111,95
73,67,60
89,83,73
146,135,116
182,170,132
152,139,107
139,127,99
83,75,64
107,96,78
119,112,92
169,159,129
142,137,115
116,110,85
149,137,113
187,174,146
163,149,132
133,124,95
158,150,123
134,122,103
142,129,104
131,126,104
108,94,79
99,89,80
104,91,80
166,158,121
102,95,69
65,55,53
116,106,89
144,138,115
71,62,68
151,139,116
84,75,68
138,127,103
133,122,104
159,151,128
132,119,107
136,120,100
145,134,114
115,103,101
98,85,72
115,103,87
202,188,142
149,132,112
152,137,107
133,121,102
104,95,80
185,175,122
105,93,74
177,172,132
161,149,119
121,106,88
168,154,129
145,138,109
153,138,120
78,72,61
190,179,141
172,155,125
176,167,128
164,158,124
112,103,85
147,137,119
149,140,104
131,120,91
125,112,97
152,140,112
147,135,119
132,124,105
129,116,103
121,112,94
129,116,95
131,122,90
106,101,81
119,111,85
148,134,112
127,120,94
141,129,105
131,119,96
135,128,100
88,80,67
138,126,97
89,76,65
125,115,78
139,128,106
76,71,59
126,112,89
160,152,112
84,76,69
175,161,127
166,154,123
138,128,106
162,154,117
187,177,137
186,172,123
104,94,79
159,149,111
200,185,134
123,116,92
142,138,110
167,155,114
145,130,105
193,183,133
173,160,118
141,131,104
189,175,132
139,131,107
120,110,86
74,69,50
91,81,64
115,107,86
162,145,117
175,164,129
159,152,118
112,103,88
128,119,90
125,114,95
172,156,123
172,163,130
180,164,136
90,79,60
105,94,74
124,118,97
159,149,125
249,231,179
121,116,92
134,123,102
148,136,112
140,134,110
121,115,89
95,91,74
114,101,79
134,124,97
109,103,84
144,131,110
120,115,85
107,97,82
152,137,107
157,146,112
146,132,101
182,167,123
190,181,134
161,148,117
131,120,107
163,158,135
173,157,122
174,158,132
142,132,104
128,115,95
143,132,99
156,145,123
156,141,111
156,149,128
182,167,127
198,188,155
110,98,84
117,110,87
145,135,101
124,113,103
186,171,144
169,159,119
128,118,92
158,147,113
169,152,116
105,98,80
130,120,95
114,104,80
129,119,91
158,142,121
174,161,127
94,87,75
118,108,97
105,95,85
114,105,90
142,133,106
179,164,121
109,100,80
135,120,111
99,91,81
185,179,151
163,146,126
138,127,95
139,126,94
107,97,78
127,118,90
127,115,102
115,104,85
134,127,91
123,113,92
185,170,133
86,74,63
125,118,93
128,114,96
103,95,79
137,125,104
135,127,101
119,109,89
128,121,94
153,135,114
102,93,82
170,158,113
145,139,105
129,124,98
105,94,85
134,125,95
125,113,87
101,90,88
189,184,145
135,128,101
116,104,86
98,87,61
157,145,108
122,116,96
126,114,93
187,177,137
108,104,75
188,181,143
110,97,88
130,122,100
98,90,79
102,95,82
107,97,77
125,110,97
92,82,76
169,158,125
168,154,118
151,142,105
173,165,139
155,142,131
242,222,181
126,119,88
156,151,122
121,111,96
103,92,78
189,179,142
166,158,121
127,114,93
104,98,82
197,191,139
140,133,108
159,147,108
166,153,120
155,148,108
121,112,90
119,110,83
197,186,154
240,223,173
156,150,119
153,140,109
253,239,184
140,130,106
121,109,106
155,144,105
111,101,69
117,105,91
156,143,111
146,136,111
91,84,69
177,171,133
166,155,138
87,82,67
147,139,105
173,161,129
156,146,120
154,135,117
95,87,72
122,113,83
148,138,118
143,129,101
115,107,92
146,136,106
185,177,136
107,96,73
91,81,73
158,144,111
178,166,119
141,134,102
148,139,102
126,115,86
136,131,107
108,97,82
157,146,117
158,146,117
110,103,89
93,82,74
116,107,90
158,147,121
155,147,114
119,113,92
126,116,93
138,129,102
188,172,132
138,125,105
134,119,110
159,143,118
126,121,88
133,126,102
146,135,100
110,100,80
101,83,79
125,112,89
132,125,106
172,161,129
103,99,77
118,111,91
116,106,82
99,87,81
109,106,89
166,156,135
179,168,144
159,150,121
175,160,114
136,125,102
111,103,79
197,185,134
81,78,63
146,132,120
133,123,104
165,154,130
188,179,117
117,107,84
106,98,82
148,135,112
128,111,94
168,152,117
141,138,105
152,140,114
170,159,124
185,173,136
161,150,127
151,143,119
115,105,87
107,101,72
95,87,64
207,196,149
197,182,139
134,124,100
121,114,81
99,91,80
91,80,71
80,71,57
122,114,101
116,106,87
94,82,81
139,129,107
163,154,130
164,154,125
139,133,105
158,142,119
107,93,80
167,158,124
143,132,112
109,101,80
98,90,79
188,177,129
123,116,81
175,161,132
147,135,98
155,151,112
163,150,124
131,123,103
200,182,142
150,140,111
170,162,118
128,119,98
149,139,112
82,77,67
177,172,127
163,153,125
142,135,101
133,118,95
105,94,80
128,120,98
135,121,92
110,104,87
149,139,115
141,131,107
164,157,124
153,141,118
159,147,123
93,87,77
171,168,128
207,196,141
146,136,115
128,114,92
125,115,94
209,191,149
135,121,92
115,108,82
140,128,102
128,118,98
168,158,123
164,160,112
150,135,105
109,100,83
139,128,112
105,93,83
119,113,103
144,129,103
175,163,125
89,84,77
120,110,92
168,164,121
150,140,104
182,173,136
236,215,170
166,159,122
127,120,89
148,131,95
225,210,165
86,74,71
159,144,122
104,96,78
145,138,102
89,81,68
172,159,126
135,126,105
142,133,110
115,106,89
188,180,133
136,128,109
163,153,116
102,97,80
122,110,104
152,143,100
125,116,97
85,77,68
149,137,111
162,149,113
160,145,123
113,99,77
103,100,79
127,120,95
123,114,85
186,176,129
126,114,96
164,155,113
133,125,99
172,161,129
219,202,155
123,112,92
124,115,95
115,105,88
174,168,123
125,118,97
173,159,146
148,138,102
156,143,105
109,100,80
131,115,96
150,144,113
102,91,76
110,94,80
176,168,125
174,162,121
151,139,124
117,112,92
144,131,103
86,80,69
178,165,129
156,145,116
100,89,71
132,121,102
199,186,144
163,154,113
173,155,124
136,134,98
100,90,81
125,114,101
114,108,89
123,117,98
83,71,59
195,182,150
171,165,124
162,146,117
137,125,96
170,163,130
96,88,73
201,186,157
156,146,122
139,126,106
100,87,72
104,95,79
149,137,104
153,142,114
161,153,122
194,186,154
144,134,104
179,168,111
141,129,116
117,110,88
150,141,116
117,113,92
164,149,107
118,110,95
90,84,69
94,90,71
175,164,113
119,107,91
165,156,126
142,119,100
154,143,107
118,107,84
195,182,142
116,106,82
130,123,107
169,160,115
90,75,71
176,168,131
84,75,59
119,112,87
114,109,85
154,145,118
104,96,83
119,114,88
105,98,80
180,172,132
121,108,90
90,86,71
105,93,85
124,113,97
103,92,76
187,174,134
172,160,124
143,137,101
185,171,141
164,156,126
152,145,116
121,110,91
89,81,66
104,93,76
135,124,94
155,141,122
129,113,87
122,110,97
141,130,108
91,79,73
130,116,93
154,148,117
122,103,97
116,107,86
236,216,164
109,103,87
126,115,94
133,125,90
144,136,111
147,137,101
170,158,133
142,134,112
208,188,147
158,152,121
143,131,112
147,134,106
233,217,174
181,165,121
142,133,108
126,115,99
114,105,72
119,112,86
100,92,70
159,147,110
140,130,103
125,109,88
114,103,83
154,145,111
77,70,68
176,160,125
140,134,100
201,180,147
207,190,133
187,171,131
131,119,105
143,131,111
134,126,100
151,143,108
143,138,108
145,135,103
135,126,104
165,147,122
149,137,113
154,138,115
155,136,117
94,83,74
116,102,92
148,140,109
133,124,106
221,207,167
173,164,126
108,98,84
124,108,97
96,89,75
133,119,90
127,118,103
180,168,131
121,111,93
149,136,113
182,174,123
154,143,109
134,128,94
175,165,105
115,105,82
110,103,92
140,131,117
164,148,117
187,169,134
148,138,110
154,144,126
174,160,138
104,93,81
88,74,64
128,117,89
102,92,85
143,136,99
97,88,77
141,135,118
110,101,82
120,110,100
146,138,104
114,103,78
135,126,111
130,121,89
130,121,100
129,121,105
198,178,147
83,70,61
108,97,80
109,98,78
115,110,75
124,108,92
180,165,133
130,120,97
167,155,119
199,182,143
120,116,93
114,103,83
133,125,99
163,148,117
88,81,70
216,201,159
135,121,91
126,117,111
88,78,67
148,140,103
165,149,123
101,89,72
155,144,115
99,95,79
157,148,124
152,139,112
155,141,112
131,122,91
174,163,133
105,95,85
225,213,170
77,68,52
163,152,113
135,123,90
151,134,107
75,67,52
118,108,98
104,101,72
112,102,85
122,109,83
154,144,111
79,72,64
115,104,88
89,85,67
149,133,111
92,85,62
172,157,125
112,103,96
176,158,123
184,176,135
80,77,59
140,131,104
133,127,103
96,90,77
138,130,108
145,134,112
133,115,103
124,114,99
199,185,139
123,111,89
151,133,103
198,182,131
141,134,105
131,122,96
120,109,99
120,111,98
143,133,108
145,135,113
110,98,87
105,97,79
127,118,101
87,82,67
104,95,80
115,103,95
194,178,141
125,109,95
117,107,83
162,154,123
158,140,114
163,152,107
164,156,114
152,142,109
205,192,146
82,78,53
167,156,118
157,144,116
156,147,123
118,110,92
134,119,98
116,104,95
112,99,76
123,115,86
107,99,80
132,121,99
79,69,62
145,137,112
165,153,121
122,107,93
121,110,97
141,130,108
150,137,111
190,175,144
119,113,86
231,215,170
123,113,89
82,72,60
183,172,140
157,151,105
134,125,89
121,114,82
88,79,70
111,97,79
177,170,123
165,153,131
100,88,78
131,116,100
129,122,99
145,133,107
124,115,93
181,171,127
160,142,106
111,101,82
107,100,82
144,131,100
106,102,90
145,130,114
169,164,120
155,146,123
139,128,87
112,104,86
63,56,53
175,164,138
165,157,120
173,158,130
115,103,93
158,149,109
149,142,104
124,118,88
131,117,107
154,145,115
176,163,131
134,126,109
177,166,120
130,124,101
141,131,116
95,90,73
143,137,97
105,96,76
193,186,161
154,145,105
137,126,103
165,157,131
143,137,91
100,88,71
115,112,81
120,109,100
126,118,99
166,151,121
172,164,119
164,151,115
77,70,64
154,143,112
75,71,58
98,88,79
204,191,161
142,136,99
183,175,142
126,118,97
154,141,114
182,171,125
132,120,100
135,127,97
228,218,165
111,96,84
133,121,98
123,120,92
174,163,143
188,176,136
138,127,106
105,97,75
160,146,117
134,125,100
151,145,110
130,123,108
100,93,69
94,88,70
156,142,108
189,180,146
119,110,103
103,93,77
96,90,71
151,142,119
123,114,89
153,145,108
136,126,109
94,84,62
167,152,124
146,137,100
160,144,119
110,96,86
88,82,65
159,145,115
205,194,160
136,131,99
107,98,79
139,125,109
177,168,138
121,104,92
93,86,69
158,146,119
136,128,98
190,182,129
201,192,151
100,92,84
75,69,61
112,107,85
162,151,123
200,184,152
129,122,95
152,137,105
137,127,102
94,86,75
131,126,101
109,102,82
140,127,100
158,145,120
138,126,106
118,104,90
95,91,67
140,126,93
214,205,168
117,109,95
141,133,93
186,177,140
116,109,87
118,110,94
125,118,89
169,159,125
97,83,73
182,166,139
184,173,132
92,85,77
147,135,113
84,77,62
162,151,125
101,96,76
100,91,80
166,153,118
115,109,82
156,146,122
133,126,91
173,159,131
98,87,73
156,148,111
116,106,97
128,118,96
127,120,93
146,131,100
103,93,86
212,196,165
110,98,85
184,170,146
169,163,128
79,72,56
166,158,123
230,215,166
155,146,118
144,131,116
156,145,121
109,97,76
146,139,114
161,150,122
139,129,103
170,161,123
179,170,129
115,109,99
130,119,101
148,139,109
169,160,107
123,108,100
145,132,115
118,113,96
196,180,145
168,156,124
102,97,78
163,155,116
179,161,125
155,146,119
211,200,161
175,168,123
150,132,101
162,155,111
138,129,98
155,145,106
153,143,109
134,124,96
172,163,124
158,143,115
147,132,106
146,136,113
139,128,104
200,190,150
120,107,86
148,135,106
151,135,97
202,192,155
130,117,95
172,160,127
125,115,84
217,204,170
162,147,120
126,113,96
121,114,91
134,125,99
112,100,84
142,126,110
163,154,117
98,90,74
106,97,89
152,143,104
129,121,99
201,183,147
152,143,113
171,164,120
195,186,131
214,197,144
122,117,84
150,135,105
215,203,170
144,132,120
145,139,121
139,129,114
128,115,97
135,124,95
122,110,92
138,130,89
103,93,75
183,171,141
145,136,115
116,106,85
122,107,87
157,147,116
126,119,93
167,156,119
112,100,86
176,168,127
140,128,102
96,92,71
113,107,87
197,185,138
145,135,107
97,88,76
123,108,93
101,92,72
130,119,89
159,148,120
127,116,92
181,166,140
98,94,79
90,86,77
108,99,85
119,111,98
177,158,137
91,80,67
122,112,88
152,138,114
136,125,94
104,92,80
162,156,128
140,130,102
96,84,75
108,97,76
93,82,66
126,120,100
204,188,158
123,116,91
232,216,177
108,102,91
125,113,89
166,154,114
181,173,133
126,117,95
162,159,119
123,119,87
128,125,94
91,77,61
182,174,134
117,108,84
147,136,105
121,116,87
131,120,82
109,98,84
172,155,139
115,107,80
176,169,141
107,97,84
135,122,90
148,135,99
153,143,109
138,130,101
136,120,99
121,113,87
88,81,64
189,183,135
110,103,93
188,179,130
194,182,141
126,119,91
110,98,79
121,110,94
103,95,72
98,90,70
136,130,103
97,88,78
105,95,73
127,119,98
105,93,81
140,128,111
171,160,127
131,118,84
163,149,108
157,149,123
101,94,71
173,168,136
162,145,121
166,157,125
140,129,104
154,144,107
117,105,89
137,126,93
77,73,62
138,129,101
193,177,147
101,92,81
204,188,138
198,189,148
130,118,97
128,114,103
122,115,92
141,136,98
156,147,119
178,166,130
123,111,91
128,120,92
106,95,81
98,87,67
111,108,87
134,123,105
135,123,102
265,258,203
140,123,104
180,163,143
178,164,124
99,80,70
137,125,99
110,98,78
95,90,76
83,70,64
166,154,126
91,81,68
121,112,89
155,147,116
167,160,126
117,108,96
119,107,95
127,115,92
142,127,99
138,127,103
166,156,127
140,132,103
151,139,110
129,119,98
186,170,152
117,108,94
138,127,99
122,110,93
93,88,74
140,132,98
167,154,115
162,153,130
92,83,68
106,99,82
131,123,101
185,174,123
144,135,111
132,127,96
167,157,125
73,64,59
122,111,93
113,104,89
163,148,127
127,120,86
103,95,78
145,137,108
67,61,54
125,115,94
176,166,130
119,110,91
161,156,128
203,191,137
148,130,120
189,180,129
155,144,118
115,110,80
202,189,152
118,109,87
144,127,109
201,189,157
136,131,97
70,67,54
136,128,106
187,177,128
104,94,60
112,100,78
128,123,104
139,128,105
114,107,83
191,178,140
140,127,99
95,89,73
78,72,57
142,133,89
169,158,120
138,127,100
162,150,123
155,148,118
154,140,111
159,146,127
130,119,109
163,153,135
111,99,88
137,128,102
93,78,69
108,105,82
134,126,101
174,164,130
111,100,76
127,119,101
103,94,78
141,136,103
130,115,97
159,149,106
70,64,57
136,129,97
133,125,96
171,161,127
163,151,115
201,187,153
154,146,120
112,100,75
156,142,125
171,161,121
115,110,88
126,115,101
173,161,124
216,204,156
123,110,92
131,122,101
111,102,84
131,125,104
107,99,86
121,114,95
147,138,108
84,76,67
114,96,83
124,115,83
163,154,121
155,144,114
124,116,95
143,131,105
154,145,110
119,110,92
135,127,99
143,131,101
153,140,118
120,111,89
135,127,97
153,138,114
86,79,62
192,186,144
130,119,93
193,178,136
116,107,84
128,120,91
113,100,91
74,65,65
207,193,169
169,155,138
118,111,91
138,128,97
149,144,114
180,168,140
123,108,78
95,91,70
137,124,109
111,100,81
141,133,110
118,108,84
139,129,108
137,129,94
128,121,89
104,97,77
156,147,121
128,122,95
142,134,96
115,105,86
122,109,89
94,86,67
153,137,110
139,127,110
166,156,117
140,134,109
105,93,67
114,103,76
161,141,117
116,106,91
91,88,70
82,73,59
135,129,95
156,145,121
119,111,95
105,101,74
124,110,98
151,140,108
162,146,129
188,181,143
125,115,86
132,123,109
84,77,67
141,131,119
206,196,152
133,123,91
111,103,86
119,112,88
136,125,96
120,117,93
148,128,112
139,132,104
158,149,104
130,118,89
161,153,119
168,159,112
176,161,126
109,100,87
136,124,106
82,76,68
106,99,87
135,121,98
183,175,142
148,140,96
119,113,93
112,105,84
62,55,45
124,110,103
178,163,133
161,150,109
161,154,115
118,111,96
157,145,115
120,113,98
146,139,114
119,102,94
143,130,103
155,147,106
102,94,74
133,128,98
122,113,91
239,223,189
146,127,102
157,150,120
150,142,98
137,127,96
132,127,97
182,169,129
81,74,67
118,106,90
133,123,102
81,72,67
149,135,103
126,117,88
121,111,101
177,165,130
153,142,115
127,118,94
162,151,105
128,119,93
143,135,108
184,159,141
215,202,161
97,87,75
135,126,93
147,142,100
105,100,76
135,121,111
168,160,120
160,148,116
126,119,99
166,145,123
138,127,109
134,123,96
158,146,117
98,90,67
159,147,121
105,98,82
127,114,95
107,99,75
164,152,119
160,150,117
105,96,70
133,120,84
120,104,94
100,92,81
151,143,113
162,146,124
158,144,107
141,130,110
155,145,112
136,123,103
126,122,108
180,164,133
120,109,94
217,206,161
102,94,80
136,122,97
95,87,80
155,147,109
175,166,133
158,140,105
171,161,129
164,148,125
163,151,102
130,122,90
136,119,98
147,138,111
134,124,98
202,189,154
82,75,66
134,121,95
140,129,91
120,116,99
153,141,111
138,127,104
119,109,84
159,147,113
112,99,90
128,117,104
188,173,128
114,107,81
149,138,99
174,158,129
109,100,78
171,159,130
97,83,73
97,84,66
128,122,91
107,97,75
138,127,113
117,105,83
144,135,106
108,102,87
202,188,157
128,113,100
124,110,94
157,147,118
125,116,94
154,144,118
126,120,98
113,104,88
107,93,78
142,132,110
296,278,226
140,131,110
115,104,93
118,112,93
181,174,135
163,154,113
134,121,96
102,95,77
134,121,98
107,96,86
103,101,77
124,114,95
182,172,130
143,131,110
106,98,79
93,83,71
115,100,88
113,104,77
117,107,84
129,118,107
149,138,119
152,146,115
153,144,122
124,105,89
110,103,82
202,185,147
146,135,101
162,149,120
147,133,108
141,129,105
136,122,100
131,121,108
156,143,103
96,89,79
144,132,113
136,127,106
92,85,64
155,145,122
198,186,159
135,125,96
252,245,178
140,130,105
132,124,99
174,169,122
154,137,120
108,104,81
153,141,120
149,140,112
156,145,111
177,166,138
120,113,90
92,81,72
137,122,105
133,124,93
126,112,96
97,90,71
161,157,122
125,115,104
150,143,117
86,79,64
158,147,116
109,103,82
130,121,102
142,132,110
142,132,118
155,141,112
141,131,101
128,119,95
123,112,97
170,158,129
71,64,51
116,108,84
137,129,97
113,105,80
187,172,134
136,125,89
115,103,92
122,109,84
179,162,124
228,215,165
197,181,148
127,115,93
98,88,80
176,160,128
123,114,83
204,188,144
125,122,104
103,96,80
135,122,86
151,144,104
111,102,84
125,113,88
138,130,99
135,131,101
154,144,106
210,203,140
140,130,105
111,97,86
94,87,68
179,167,122
174,157,139
152,140,112
136,121,103
101,92,77
177,166,132
147,137,113
119,110,97
128,118,100
166,159,112
136,125,102
147,139,118
194,179,143
125,117,89
144,134,108
159,153,113
137,132,111
163,154,123
125,112,89
109,99,80
116,108,95
101,95,81
90,76,65
162,159,123
164,153,125
168,163,137
101,87,84
133,125,100
132,123,100
148,141,104
163,152,119
139,129,107
151,138,105
130,116,98
129,120,108
127,113,98
91,84,66
151,143,114
141,134,101
129,121,99
137,125,103
149,141,121
163,154,114
145,137,108
121,115,88
143,129,108
178,169,129
163,144,108
150,135,106
104,93,74
149,144,109
173,158,120
162,149,117
96,88,70
151,141,113
137,127,107
171,159,124
132,121,100
108,100,79
110,99,93
136,120,111
113,105,80
158,148,118
153,141,109
137,131,104
132,122,95
148,142,124
148,139,97
129,119,92
191,172,137
203,185,159
160,152,106
102,90,81
113,95,93
149,140,109
147,134,108
199,181,147
143,137,99
192,175,137
168,154,124
137,124,85
116,108,82
174,156,128
151,143,104
224,206,157
137,125,96
141,131,101
195,180,143
103,92,70
153,138,121
86,77,69
170,158,124
128,121,103
135,131,105
125,112,92
155,144,125
148,134,97
118,107,83
109,100,81
152,138,115
139,127,109
181,174,126
139,128,94
143,133,108
111,103,79
163,155,133
89,85,77
167,156,122
184,174,140
115,104,84
151,135,99
208,195,148
141,129,98
135,131,94
145,127,113
197,188,141
109,101,82
118,109,95
126,113,93
100,91,83
119,113,91
126,117,98
144,130,116
129,117,94
189,170,147
158,147,113
184,178,139
120,107,96
178,170,123
105,94,79
134,121,108
137,127,91
141,132,100
151,140,109
200,187,153
89,77,64
116,110,85
138,130,111
106,95,82
171,164,129
142,127,108
101,94,64
132,119,89
182,168,123
129,117,97
114,104,82
122,106,87
122,115,93
147,135,112
94,83,79
123,112,93
127,116,97
101,93,78
158,144,109
191,180,133
114,108,98
171,159,130
120,108,88
177,164,129
159,152,114
135,122,107
183,176,132
127,119,108
115,111,81
130,119,103
119,109,87
164,152,125
126,119,89
89,83,65
163,152,120
124,114,97
99,89,79
127,117,86
126,115,92
154,146,117
120,111,83
164,152,116
132,121,108
141,123,106
140,126,108
182,171,136
220,211,161
116,109,84
118,103,90
82,76,61
148,135,106
137,125,101
156,148,118
152,142,109
124,112,101
164,154,106
106,91,88
124,116,102
152,143,106
138,124,100
189,179,146
179,169,127
105,95,80
170,155,124
141,129,113
114,101,89
125,117,97
176,161,130
89,82,62
141,135,102
140,127,106
151,140,115
119,113,98
123,113,101
147,137,112
130,118,97
162,151,107
136,118,95
159,143,116
136,124,108
190,178,136
177,167,127
170,159,118
152,138,117
138,128,113
183,169,128
175,161,114
173,159,126
151,143,109
198,185,147
91,82,73
107,97,77
135,124,86
195,184,149
208,192,157
188,174,152
129,112,92
145,141,112
198,185,140
126,114,91
128,118,88
134,126,105
128,118,94
163,154,123
147,138,117
122,119,107
144,134,112
143,132,105
110,101,82
115,107,93
82,73,64
173,163,130
125,112,102
149,137,99
115,107,83
88,78,71
136,127,100
152,144,114
142,128,95
202,186,161
124,112,94
168,156,117
135,125,91
118,103,88
152,149,114
130,121,92
134,121,93
161,151,114
130,119,99
105,96,74
144,135,108
117,104,91
130,116,91
135,123,102
116,105,82
166,154,117
137,125,93
184,168,134
148,136,123
155,147,121
96,88,72
178,167,127
103,99,84
187,173,151
118,103,73
136,127,99
130,118,95
131,117,105
143,132,110
124,107,89
146,136,119
113,105,86
179,158,136
104,95,81
101,90,65
111,99,91
139,129,106
130,123,105
180,172,126
154,139,118
127,111,93
145,133,106
140,130,112
181,166,128
199,192,155
117,108,85
146,139,103
133,123,85
124,116,93
115,107,90
112,100,78
108,100,87
130,120,94
170,162,123
97,84,69
103,94,72
137,121,104
100,94,74
193,183,139
116,108,89
143,132,110
121,113,83
187,174,136
171,150,119
135,124,105
104,92,79
114,100,81
193,179,135
118,101,95
151,139,110
108,97,90
105,98,84
126,114,88
100,89,74
168,155,108
153,145,112
149,139,104
101,90,69
123,111,97
98,85,83
168,158,112
178,168,127
124,119,98
182,172,128
131,118,102
150,140,117
152,147,105
113,101,82
120,115,87
142,134,111
105,99,79
126,117,92
112,101,84
105,91,78
196,177,137
202,184,146
132,128,105
162,155,122
121,106,89
161,152,115
135,125,99
134,129,102
178,164,127
158,150,105
109,99,84
158,142,115
152,139,118
180,172,129
177,159,125
147,142,112
111,102,73
108,104,83
118,104,88
151,144,111
210,198,141
163,155,116
111,104,82
110,103,90
100,95,73
142,130,104
227,218,161
102,88,70
89,84,61
170,152,108
134,124,100
210,192,152
148,134,115
142,130,109
201,179,147
114,101,90
75,69,58
127,115,92
136,125,107
194,182,152
167,157,129
108,100,79
113,103,90
122,108,94
179,169,139
98,91,71
137,128,105
170,164,127
150,139,111
157,149,126
122,109,94
119,115,92
159,150,116
114,104,86
140,130,112
153,138,110
113,102,89
120,110,91
156,144,105
139,126,98
134,129,99
139,135,108
125,114,98
84,72,66
163,148,131
128,120,95
163,157,119
133,111,98
111,105,85
149,141,98
110,102,85
145,136,107
153,142,104
169,151,117
131,121,106
128,119,91
125,113,90
120,110,86
122,110,84
165,156,126
124,113,94
110,98,87
249,234,179
110,96,81
87,77,68
139,130,103
124,118,96
177,164,136
142,127,107
177,161,137
117,105,88
184,174,135
122,110,89
156,144,107
162,150,119
137,125,99
136,123,90
95,86,61
107,102,74
148,135,111
106,100,76
186,174,134
138,116,98
168,157,119
173,164,127
156,147,119
134,128,98
144,131,104
95,87,72
162,149,117
110,96,87
127,115,99
166,157,112
164,152,126
165,155,129
132,117,101
155,141,112
143,136,115
154,135,109
131,125,95
130,119,88
101,94,72
62,50,54
94,88,61
135,129,110
141,131,106
123,110,87
109,102,85
133,120,90
136,125,97
167,151,120
138,126,100
64,56,52
118,112,88
197,183,142
104,94,64
88,80,70
160,149,116
223,208,154
115,107,81
144,136,100
192,184,155
138,126,104
150,138,106
163,153,120
156,146,109
137,127,95
164,154,122
195,183,131
189,183,138
149,138,103
112,102,90
100,98,88
192,174,146
133,126,103
118,110,87
69,65,50
153,142,117
166,152,119
168,155,142
98,88,74
145,139,103
149,134,121
137,124,99
105,93,72
159,151,129
132,122,100
172,160,124
162,151,127
176,165,111
118,107,98
145,128,111
140,132,106
129,121,99
143,132,115
196,183,151
165,154,122
142,134,101
136,131,96
155,143,112
134,124,98
146,135,97
133,123,102
173,162,122
178,169,132
181,170,132
114,109,79
80,79,63
180,171,142
204,195,145
148,134,114
89,82,69
170,155,128
121,117,91
146,137,93
141,129,96
160,152,108
149,140,106
204,189,152
118,112,98
146,135,112
153,143,118
65,54,53
117,109,88
201,189,145
119,105,80
104,99,74
167,161,114
175,161,130
136,126,93
113,105,91
166,157,129
132,121,99
157,144,115
157,152,121
141,129,106
151,136,122
144,134,118
133,122,95
133,124,97
104,95,82
96,92,77
198,189,139
138,135,106
214,201,146
133,123,98
109,103,90
112,102,79
198,190,141
113,107,88
101,92,79
115,107,90
182,166,130
121,112,85
148,142,107
123,113,96
158,149,108
160,152,126
146,136,113
110,100,87
113,105,84
95,84,71
189,174,138
100,89,75
114,106,91
107,96,79
167,148,124
165,153,123
118,104,90
147,139,105
119,106,91
166,157,114
114,101,94
126,119,97
155,146,114
156,143,113
135,125,94
138,129,110
156,149,112
180,170,126
94,90,72
153,141,113
136,120,96
228,212,176
122,117,102
96,93,82
119,106,91
137,130,108
150,134,108
131,125,92
156,142,117
140,137,106
151,138,111
181,172,129
145,137,114
123,113,83
144,135,114
107,103,80
87,76,62
139,129,109
156,148,109
68,60,54
197,188,139
140,133,97
163,148,122
165,156,119
139,133,90
145,136,107
105,90,74
124,112,95
173,171,126
127,111,82
152,138,114
173,159,137
152,145,112
135,126,104
165,157,118
164,159,127
106,95,93
178,164,128
105,97,82
176,161,120
146,141,104
166,153,127
154,145,118
185,172,121
172,161,117
141,129,99
195,184,136
171,163,132
159,147,127
114,104,91
98,89,82
92,83,63
109,100,77
118,116,81
179,168,115
99,90,71
169,158,123
162,148,123
108,96,86
134,124,102
168,159,118
198,187,166
129,116,91
74,65,51
95,87,73
208,198,149
119,109,92
123,112,98
165,151,115
171,158,131
133,124,97
125,116,96
147,131,108
113,107,87
105,101,84
165,149,118
163,155,112
204,196,146
114,103,92
166,158,122
155,143,114
64,55,49
90,85,70
129,118,105
100,89,81
154,138,108
122,111,95
129,120,90
187,176,120
224,210,165
112,98,87
156,146,118
114,104,85
235,225,173
110,101,77
124,115,88
99,95,70
153,137,122
165,149,102
110,97,83
164,151,115
187,175,152
221,211,163
115,108,89
142,133,106
168,155,126
142,132,99
130,123,100
157,148,117
236,219,167
105,93,86
102,92,85
194,183,139
109,100,85
155,144,101
103,97,77
87,73,66
163,142,108
124,116,95
161,151,124
149,131,116
141,132,112
210,199,149
201,190,153
107,103,84
176,169,123
105,100,76
101,97,74
151,139,120
158,143,100
139,131,101
133,118,95
125,118,101
129,117,100
114,105,85
125,112,101
146,138,96
161,149,124
76,67,57
122,108,90
130,123,99
105,96,75
94,84,73
123,113,95
136,126,109
145,135,105
87,81,69
137,127,92
149,139,117
156,143,112
97,92,85
177,161,138
125,114,96
138,124,108
120,110,84
132,119,97
126,117,86
140,131,106
146,137,112
148,135,108
110,104,88
108,95,74
168,158,116
149,139,111
109,98,89
99,94,78
189,169,144
104,97,74
136,129,98
100,93,69
185,172,138
170,162,125
148,139,108
122,112,100
148,136,98
114,104,81
94,89,73
125,111,96
193,179,146
115,99,90
141,128,101
102,97,80
135,124,89
124,113,95
125,115,85
171,153,129
147,136,100
82,78,63
131,122,108
173,154,136
108,101,78
152,145,107
166,154,121
169,157,116
205,195,138
114,103,91
146,130,106
109,103,80
98,90,67
144,136,106
153,139,114
147,140,116
98,84,70
142,130,101
165,150,133
134,126,99
152,140,110
85,79,72
143,135,109
124,111,97
154,145,110
163,150,129
107,100,88
126,114,84
154,143,116
184,170,136
168,156,115
164,156,124
158,147,111
138,126,96
175,164,134
240,224,168
111,101,73
98,88,70
121,114,94
192,181,139
182,166,139
193,183,148
151,137,109
126,114,94
214,209,163
134,125,108
151,138,105
114,103,89
146,132,113
112,109,90
195,184,145
147,137,104
110,100,75
137,128,101
155,142,114
154,144,116
166,157,114
102,91,80
89,83,76
124,115,93
121,115,101
117,108,83
194,186,139
113,108,79
212,198,155
187,176,137
130,121,97
85,75,55
92,87,70
131,122,103
144,131,110
137,128,100
132,119,91
145,132,105
144,132,109
171,159,121
179,173,133
149,144,113
134,122,103
117,104,88
166,153,120
141,130,112
179,166,143
138,126,103
148,141,105
89,83,70
129,121,98
170,153,117
125,112,95
143,125,99
99,85,70
154,147,113
171,167,129
112,99,71
137,125,110
170,154,128
126,117,87
181,169,141
123,112,98
104,93,79
107,103,80
107,97,81
121,107,84
150,136,99
201,189,140
174,161,121
135,126,99
104,96,87
155,149,122
137,124,104
164,155,116
154,144,123
155,147,106
130,117,98
153,142,110
110,102,78
152,137,115
102,94,80
100,92,74
200,188,154
89,82,59
129,115,100
192,179,142
180,165,123
136,127,98
89,83,65
184,167,143
155,150,109
129,117,102
177,167,123
122,114,98
138,127,103
140,124,102
243,224,180
201,189,146
158,147,114
152,144,115
170,157,112
143,133,108
157,145,105
157,148,123
101,89,72
123,110,86
134,128,93
183,173,129
132,123,97
115,108,82
133,122,111
145,134,114
127,113,94
145,135,109
108,100,81
136,126,104
98,88,73
148,140,105
162,150,117
126,119,88
219,205,155
117,107,87
100,93,71
128,120,93
85,82,69
213,201,154
129,117,92
101,93,71
94,83,65
222,209,160
152,140,113
151,141,120
92,87,57
149,139,104
194,183,145
83,76,64
114,102,87
114,108,84
168,153,118
223,210,149
230,221,162
132,115,87
125,115,94
206,193,139
143,137,99
121,114,94
138,129,106
119,108,86
99,94,80
188,179,138
120,105,96
141,129,109
99,94,73
98,88,71
191,179,132
139,126,113
85,80,71
75,70,58
205,186,151
129,122,91
123,106,98
129,116,109
126,113,89
170,155,125
159,146,123
173,164,136
121,111,91
167,151,130
136,125,93
165,152,125
113,102,80
150,139,123
146,139,117
147,140,105
122,109,87
141,131,110
103,94,76
136,132,107
95,90,66
125,117,87
168,151,122
144,132,110
145,130,100
137,125,98
113,102,91
102,98,70
154,148,106
105,96,72
128,115,90
133,123,102
142,132,107
173,164,122
132,123,89
96,88,65
126,118,100
118,111,85
118,112,95
136,127,102
114,105,79
184,171,147
104,98,77
100,95,74
107,98,76
131,122,99
117,109,86
148,136,101
114,108,91
102,89,80
168,154,121
139,128,105
130,124,88
135,128,111
113,98,95
132,116,104
102,94,77
100,92,71
96,86,69
151,143,117
149,134,116
127,117,92
180,162,133
89,84,65
124,111,94
217,204,151
124,112,91
99,91,75
156,146,118
170,155,118
175,164,128
222,212,156
139,134,100
132,121,91
190,176,140
150,141,114
158,151,120
172,160,120
193,181,143
143,127,104
170,151,134
103,94,80
115,106,82
138,126,94
143,134,114
131,118,90
130,114,108
130,120,94
186,170,125
105,97,76
236,224,173
170,156,125
117,103,97
107,103,84
161,155,102
165,151,117
105,97,75
166,156,128
163,143,120
113,108,84
157,146,116
128,119,95
192,187,131
139,128,102
147,142,118
178,161,126
220,206,146
106,98,79
101,89,74
112,99,80
176,160,127
147,138,102
109,104,84
109,98,90
126,114,95
146,140,120
169,155,115
88,80,73
210,198,157
159,143,99
168,152,114
162,150,111
143,132,113
141,132,99
166,155,119
137,124,103
105,95,85
144,134,110
115,111,82
215,198,162
153,143,125
169,160,128
180,171,127
90,78,76
192,181,141
132,126,104
137,123,101
175,162,104
122,106,81
164,158,113
158,144,117
152,137,105
143,130,97
99,91,74
139,128,110
114,101,94
200,182,149
179,163,128
142,133,111
167,153,119
118,108,79
129,116,95
177,163,126
198,186,146
144,132,110
138,131,111
140,135,112
136,125,97
103,96,82
129,116,90
115,98,79
88,77,78
178,171,129
110,101,85
