254,676,649,476,88,158,147,116
227,479,453,297,92,137,126,112
239,505,480,352,69,97,91,83
225,535,502,369,84,124,120,99
279,622,579,439,84,107,97,75
194,454,430,279,102,151,140,98
218,550,517,357,122,190,173,134
227,594,575,446,115,190,180,130
264,652,627,460,105,183,175,140
245,493,469,350,118,191,182,138
266,658,630,451,109,193,179,130
127,265,253,188,100,172,161,118
241,647,618,449,119,187,176,136
186,472,457,314,123,205,190,149
259,543,514,370,86,132,122,89
270,519,486,366,129,197,185,146
202,431,407,311,110,175,160,125
206,475,454,329,119,153,139,120
187,401,371,264,98,140,130,102
276,659,635,453,116,159,146,109
197,485,464,333,106,165,151,124
198,380,350,262,82,140,130,98
205,492,467,346,109,168,155,111
220,435,416,316,137,248,232,180
151,361,346,244,98,154,141,126
220,457,440,328,97,139,129,102
139,284,273,197,94,119,110,96
161,363,340,247,115,188,178,129
246,519,488,353,94,147,136,115
237,489,461,319,113,170,156,123
195,430,412,296,110,173,165,127
267,595,563,415,88,111,102,80
225,493,462,332,133,264,249,205
267,681,653,476,123,225,204,151
246,520,478,375,108,187,174,145
218,579,559,401,121,223,209,168
276,607,585,415,96,166,161,123
165,407,392,283,88,110,101,82
213,450,425,309,79,136,128,106
235,524,498,396,75,118,111,86
207,418,392,276,73,97,90,83
248,650,627,448,71,101,92,78
194,513,485,405,93,172,159,126
205,467,446,304,91,155,141,113
248,582,555,406,65,95,87,76
233,554,529,376,112,180,164,132
189,414,388,300,98,163,155,126
256,591,566,430,86,105,96,77
169,415,393,299,79,163,154,115
217,475,451,304,68,94,85,62
201,431,414,298,90,140,125,93
250,483,457,352,108,170,160,120
200,424,406,289,84,132,122,96
201,485,461,317,98,166,154,109
239,568,546,400,84,138,122,101
249,501,482,348,82,127,118,89
202,502,485,325,92,119,116,95
224,515,492,360,119,189,173,133
180,426,404,284,76,126,119,101
246,494,457,307,105,178,168,124
167,383,358,231,84,130,119,106
214,452,429,323,100,163,156,110
272,644,619,450,108,180,168,118
211,431,410,272,93,149,138,97
187,484,470,353,104,147,132,110
264,668,642,470,80,151,140,113
205,454,429,300,97,162,148,123
214,470,453,317,91,110,97,82
216,585,560,398,92,165,156,120
179,367,337,261,98,165,155,127
273,585,557,392,90,138,131,98
257,587,558,413,111,172,154,123
216,420,397,280,87,141,130,103
222,532,499,343,91,146,139,119
241,565,540,381,75,109,98,85
237,604,573,413,108,137,121,100
190,419,393,275,91,170,159,117
236,525,503,342,85,151,143,121
268,626,596,441,101,132,122,90
233,614,586,434,87,122,114,94
238,523,498,333,90,123,112,91
192,434,415,313,97,214,202,161
115,261,243,169,102,186,179,137
201,471,446,299,126,225,211,174
165,311,297,198,99,162,150,121
208,427,405,292,167,290,269,208
190,385,369,256,79,107,98,84
232,608,572,405,73,120,113,93
183,401,376,262,85,122,109,93
214,499,476,365,79,117,108,87
238,527,498,365,132,242,226,172
221,428,396,266,106,179,171,133
196,436,422,286,121,189,182,140
237,535,508,348,76,123,114,89
206,436,406,270,98,135,127,102
195,355,342,260,109,169,160,115
199,461,433,306,72,100,95,85
232,484,459,325,95,118,106,94
244,585,562,398,111,167,154,125
201,447,417,279,122,196,184,140
233,529,506,346,102,164,154,117
269,575,545,423,151,233,211,154
263,486,451,334,87,158,146,126
225,433,407,281,135,240,221,167
258,618,582,413,102,163,148,103
150,312,292,209,96,136,121,101
186,366,347,232,119,162,144,122
185,468,448,334,104,145,141,102
210,426,404,286,98,135,120,92
224,532,501,382,110,186,171,129
238,614,589,432,85,143,134,109
253,542,514,373,109,206,187,146
218,467,438,280,86,114,101,86
257,577,553,411,109,201,192,143
284,640,612,464,83,130,122,109
175,470,447,316,100,133,121,96
218,540,511,385,119,227,209,153
239,523,492,363,149,254,244,185
181,429,405,311,92,190,180,130
246,493,462,344,106,209,195,139
233,511,480,329,98,160,153,127
233,513,480,386,90,122,112,100
191,440,412,324,82,123,113,94
224,475,454,336,120,185,172,135
247,636,604,492,118,221,210,162
151,306,292,225,130,219,206,150
162,364,347,243,92,155,147,116
307,781,755,564,94,115,103,92
236,584,565,404,110,169,157,134
233,469,443,332,109,234,223,159
154,331,313,216,112,172,162,121
221,448,414,314,80,108,99,87
272,796,769,567,107,182,174,124
214,523,497,341,111,195,178,146
170,366,350,254,102,164,155,125
290,679,644,445,106,166,153,127
223,514,487,365,106,155,142,104
261,582,557,379,105,183,172,120
243,523,497,343,84,113,104,82
200,430,409,323,72,117,110,84
174,325,300,214,107,212,204,163
195,412,384,271,102,149,140,110
227,536,511,366,114,186,175,140
122,215,196,141,104,179,171,132
247,565,541,399,131,206,190,156
174,329,315,232,117,179,166,132
290,749,711,508,143,241,226,161
232,571,545,366,96,158,152,125
188,359,341,266,81,129,115,88
277,616,579,413,127,190,170,134
198,465,444,293,92,137,129,103
142,235,217,164,71,141,132,100
206,502,478,328,108,179,170,143
183,414,394,289,87,144,135,111
224,476,451,339,72,106,97,77
199,442,421,283,99,163,152,123
259,574,553,419,51,70,62,54
171,389,372,268,80,156,146,119
239,580,554,407,115,195,184,124
223,440,417,289,117,193,177,139
200,478,455,327,108,227,217,182
273,592,564,398,93,145,136,112
192,490,464,325,93,155,140,114
169,358,340,243,73,117,110,89
232,533,498,358,77,120,113,79
216,514,494,353,94,159,151,117
184,491,471,343,77,98,88,82
221,392,359,275,115,194,183,141
208,439,418,314,99,183,166,135
250,658,635,480,115,192,181,129
186,377,358,259,89,125,110,89
259,666,644,476,77,134,122,95
277,564,533,372,124,166,152,135
249,583,557,388,122,223,210,161
196,393,371,254,79,153,145,115
254,605,576,417,125,237,223,150
202,451,428,293,98,169,158,123
234,555,524,384,94,137,132,102
257,595,557,404,90,132,121,100
192,450,421,307,122,220,210,171
180,325,307,242,122,179,171,135
238,515,477,356,113,150,137,108
262,617,586,430,80,125,116,88
228,523,491,364,93,133,127,94
264,566,542,379,88,145,133,102
271,534,506,371,83,141,125,115
297,662,624,471,93,153,145,111
220,517,491,384,108,153,139,106
286,644,610,484,96,195,174,124
167,369,358,260,103,176,161,127
227,560,545,388,96,116,103,86
298,753,729,556,90,140,127,104
194,369,343,237,74,127,116,97
208,439,413,286,105,186,176,138
229,494,478,350,98,147,139,109
249,482,452,312,103,149,138,103
179,413,382,286,116,197,183,134
204,430,410,308,85,103,93,83
216,406,385,277,102,123,112,96
243,439,415,304,99,168,153,128
221,521,487,349,106,167,151,115
247,547,522,383,97,153,141,108
254,604,574,420,74,92,82,64
207,408,383,283,89,98,90,67
166,348,337,263,82,123,114,95
173,354,336,241,119,220,205,176
227,485,455,330,85,103,88,63
230,528,502,387,115,214,207,162
265,624,596,430,126,186,177,130
249,580,552,397,92,151,142,102
178,372,350,262,103,157,147,119
184,419,402,280,86,132,124,96
292,771,744,553,78,137,130,101
213,505,474,335,99,137,129,103
191,403,381,308,102,184,177,143
185,393,376,242,116,185,173,135
248,520,495,358,72,94,89,65
215,468,435,310,110,147,135,109
207,438,408,315,109,170,162,124
247,554,528,411,116,188,172,125
174,415,397,293,114,157,142,113
246,539,522,373,111,166,152,118
227,483,458,310,123,249,238,171
214,558,538,393,85,134,126,108
148,413,394,299,82,109,102,78
216,512,480,341,94,174,163,126
219,511,487,370,98,173,158,122
228,502,478,348,118,250,241,189
209,471,437,310,90,174,165,128
253,583,551,442,68,79,74,62
302,730,691,495,116,259,246,182
257,616,577,410,85,114,102,81
235,555,528,391,152,275,258,197
201,348,328,231,88,160,148,101
250,569,536,438,83,151,143,108
223,488,465,357,116,218,206,163
177,486,465,326,111,200,187,131
259,650,620,468,119,219,208,160
229,549,513,389,92,138,126,97
186,413,390,280,106,176,163,115
223,512,490,340,103,165,153,111
253,583,557,418,102,139,125,94
167,385,369,253,120,181,167,132
259,493,469,314,103,171,155,127
187,348,326,236,75,119,114,86
179,457,435,321,127,220,208,144
228,511,484,342,90,122,114,92
261,585,556,437,96,127,115,88
225,460,436,340,85,152,145,118
249,597,569,407,113,173,163,126
230,540,515,363,115,176,165,138
244,562,540,371,100,153,134,109
271,634,597,444,91,163,152,104
283,659,615,467,80,98,88,82
251,575,546,400,126,238,226,159
277,660,627,479,111,169,163,128
199,387,368,273,93,137,126,104
233,558,535,381,108,191,173,141
185,353,329,246,90,140,129,104
133,237,217,152,97,136,122,89
249,542,520,398,111,185,169,130
258,542,518,369,94,155,143,104
170,378,363,245,118,215,204,170
179,348,332,244,125,218,201,166
241,555,527,386,97,181,172,139
269,585,562,429,114,184,164,117
260,568,546,426,100,140,124,104
215,439,410,316,113,202,189,148
266,613,585,427,101,179,171,131
187,392,377,270,100,172,161,139
222,490,471,337,85,146,136,113
253,643,615,464,102,152,145,106
200,385,360,243,99,137,127,100
229,509,486,377,104,172,163,118
231,505,485,374,134,216,201,156
180,330,310,225,79,101,92,83
249,651,621,453,92,151,140,122
202,470,442,301,110,187,178,147
203,476,451,331,78,103,95,72
246,510,472,328,136,203,185,139
220,473,445,302,123,263,251,186
237,590,562,420,98,135,125,102
241,479,453,322,104,181,160,127
191,423,399,272,106,179,167,132
237,582,552,416,97,157,147,115
238,526,491,343,130,218,204,151
293,670,631,474,96,160,154,110
183,416,395,328,126,219,208,146
271,582,561,410,106,171,162,127
221,464,433,308,90,161,151,130
177,356,334,242,96,136,128,108
260,626,593,453,88,107,98,82
309,723,680,489,78,107,95,81
161,255,239,184,107,147,137,110
262,634,605,466,93,181,168,130
133,287,266,181,120,204,189,136
213,481,453,336,100,169,153,112
221,504,474,342,94,127,116,93
204,469,440,303,101,146,130,109
262,555,519,382,91,147,139,113
296,650,611,442,135,206,189,155
179,389,369,254,123,193,182,135
203,506,480,331,145,267,247,184
169,414,401,281,123,169,156,128
206,505,483,374,80,131,124,85
138,257,239,175,92,131,122,93
253,507,474,323,83,121,113,95
190,437,417,329,98,143,134,119
223,496,461,325,109,168,156,120
210,532,508,362,77,130,118,97
189,465,435,289,91,149,137,103
194,502,481,354,95,148,141,106
213,543,522,360,116,232,216,166
187,421,401,285,114,167,155,115
232,515,487,361,116,185,177,130
187,385,360,248,106,172,157,129
225,505,482,340,98,156,148,106
261,651,626,458,108,183,175,140
221,433,407,296,120,221,203,168
153,332,307,228,83,157,147,118
181,321,306,218,103,191,184,137
236,609,581,436,98,143,134,111
177,363,340,243,101,169,159,127
200,454,433,316,62,94,91,77
183,434,402,284,83,116,105,91
204,535,510,382,104,183,175,132
225,535,508,368,68,106,100,74
226,568,538,399,96,149,134,116
177,363,344,249,105,177,167,119
267,603,567,392,118,196,179,147
267,582,560,402,107,185,177,135
236,582,549,398,83,137,128,104
202,494,472,365,89,144,136,109
223,553,524,381,109,174,156,120
204,447,423,289,87,167,160,118
232,465,429,322,82,112,102,86
201,409,385,267,101,145,128,116
162,334,312,203,86,115,106,88
326,679,640,470,78,121,113,93
162,402,385,278,107,190,176,144
282,600,563,423,111,182,170,133
271,680,661,507,88,136,121,103
243,529,503,345,84,160,149,115
114,247,233,165,114,210,196,155
166,333,315,231,129,248,238,188
180,378,356,277,110,171,155,117
207,470,444,352,123,205,192,136
160,363,338,236,99,139,131,111
158,327,309,236,101,127,113,91
229,496,472,339,129,226,210,171
235,536,511,382,122,192,172,150
180,445,427,309,82,107,94,80
228,525,497,356,89,169,157,131
238,583,552,396,125,217,206,157
146,247,229,173,98,167,157,120
220,521,501,355,77,142,128,85
200,420,394,269,65,92,87,68
221,465,445,321,112,176,158,127
153,394,377,245,105,166,151,119
260,509,478,355,128,219,203,162
211,551,533,387,126,207,196,155
213,506,474,362,98,158,145,117
274,608,577,413,100,190,170,142
326,754,722,521,96,158,144,125
286,648,618,460,84,106,95,86
276,521,492,351,114,172,157,137
247,617,590,432,112,186,177,140
253,574,543,395,81,132,121,106
234,592,570,401,99,149,143,117
245,663,619,452,90,196,189,138
157,316,302,237,125,262,246,182
192,496,476,335,76,108,97,86
269,601,568,425,120,178,171,134
149,279,265,174,106,189,173,125
247,592,559,413,92,131,121,98
251,530,490,371,103,149,138,112
228,588,563,438,90,142,135,112
286,741,711,517,94,144,133,114
185,427,411,274,98,126,116,98
185,416,394,286,146,206,191,146
297,724,686,499,65,115,105,93
290,629,596,441,119,208,191,158
206,402,372,294,127,248,231,176
230,548,520,392,92,128,122,103
194,416,395,263,98,155,144,114
221,579,555,422,100,155,141,124
235,506,478,338,96,173,158,128
237,511,484,362,131,240,229,162
253,573,543,405,104,162,150,119
215,405,382,268,89,151,143,117
182,327,310,218,89,159,152,123
229,544,520,392,138,222,209,153
227,568,542,383,107,174,163,131
193,516,493,354,74,112,104,73
182,437,412,297,144,217,207,148
253,696,672,522,124,179,160,123
232,554,516,382,113,182,162,123
234,537,514,372,100,135,126,102
212,553,525,396,102,155,142,123
300,706,679,497,81,121,110,86
217,470,451,345,94,138,126,106
231,501,477,334,120,235,223,176
289,665,643,491,147,269,247,181
209,461,434,309,90,138,127,104
197,398,374,269,101,117,106,86
301,709,677,496,112,173,159,114
87,162,152,115,103,168,157,135
229,532,502,352,84,133,123,94
257,633,611,449,119,221,209,150
190,408,378,289,149,218,198,147
135,284,266,199,104,185,176,132
184,383,364,249,119,179,165,134
269,587,555,439,103,187,177,148
228,496,474,352,120,182,174,122
218,467,449,319,88,133,123,101
186,425,404,289,142,247,233,181
244,625,602,433,100,190,176,127
314,702,676,494,121,213,192,151
234,594,565,410,99,144,129,103
284,603,572,423,98,130,119,87
226,471,444,302,130,182,168,140
222,611,590,448,99,141,128,98
228,578,545,393,94,126,110,99
173,428,412,281,100,142,126,110
198,398,366,267,77,101,90,80
210,586,561,418,113,166,153,131
205,428,401,274,91,135,123,89
221,552,520,364,114,220,208,153
205,443,419,300,108,173,161,126
238,532,499,398,107,184,166,130
225,519,498,367,129,248,230,168
228,497,468,343,119,211,194,159
200,466,442,355,108,169,155,128
158,315,300,222,70,116,103,81
258,565,532,412,130,208,192,149
222,444,426,309,82,117,112,86
249,570,541,393,126,246,232,196
235,529,508,368,95,160,152,118
194,446,418,280,105,202,191,148
166,416,403,285,128,218,209,155
245,567,539,377,92,138,126,102
224,427,401,303,85,129,122,101
235,470,448,314,91,146,136,104
254,613,575,402,77,139,132,105
197,445,418,325,108,199,186,150
213,452,428,318,101,206,194,151
167,367,344,228,155,244,231,170
142,287,271,187,109,170,157,129
310,783,751,562,142,241,221,160
224,516,492,349,118,199,186,145
237,512,483,340,73,114,105,75
273,672,645,503,95,150,135,113
268,565,535,387,91,127,119,96
267,685,652,479,127,240,233,170
227,507,483,339,127,202,188,145
251,654,627,496,79,147,134,103
234,644,610,463,85,130,118,104
194,448,427,295,117,137,127,101
197,449,423,323,108,179,167,136
241,561,532,428,94,140,131,106
200,404,379,249,90,138,124,94
269,600,567,397,116,191,173,147
203,453,425,316,99,177,167,125
206,476,450,312,127,186,172,126
196,393,373,257,112,211,198,154
180,375,349,237,121,191,175,143
203,454,438,319,100,149,141,111
203,451,425,318,114,209,195,158
270,545,520,372,82,123,109,91
272,603,566,439,105,191,176,141
214,473,449,321,81,122,116,87
266,668,637,479,120,209,195,159
194,395,374,276,84,161,157,117
215,478,449,316,105,140,133,105
169,418,402,267,90,130,121,93
261,550,530,368,109,220,207,166
256,677,653,466,112,200,188,150
228,497,468,340,90,145,135,93
264,543,518,395,98,106,94,81
214,394,371,283,88,146,132,91
214,494,469,336,106,185,173,148
242,471,443,325,84,131,122,98
247,583,551,422,77,121,109,95
198,394,376,264,130,207,191,156
194,406,392,268,105,179,165,142
229,555,526,398,101,184,171,131
236,507,478,335,77,119,107,88
219,480,449,324,104,196,176,139
183,368,348,250,117,180,164,134
245,710,686,523,75,120,113,101
213,517,483,343,93,147,135,112
300,657,629,450,101,153,144,115
199,400,374,262,89,166,153,135
188,384,360,287,107,197,190,141
240,577,543,391,76,105,97,83
211,404,383,266,50,76,72,67
207,575,543,408,66,82,71,59
254,594,573,394,131,250,233,169
265,646,614,434,70,102,97,76
232,412,389,258,115,174,163,132
196,468,447,317,111,210,198,132
256,658,630,469,126,251,236,178
255,634,610,441,104,185,174,144
241,531,507,346,141,232,215,165
229,561,540,376,111,214,198,163
223,495,465,357,80,121,112,98
164,343,322,231,104,187,176,148
244,526,496,384,121,171,148,122
242,613,579,444,107,158,143,115
269,669,637,479,107,143,133,94
240,568,537,389,113,209,198,162
154,367,353,258,64,78,73,63
220,536,515,363,121,201,184,148
186,396,377,265,82,116,109,96
164,387,366,242,100,162,150,121
215,482,465,363,117,231,222,154
178,294,274,192,98,153,142,102
209,461,441,331,118,217,202,158
190,461,438,315,81,118,110,83
262,600,558,412,103,125,117,86
242,587,563,434,140,236,214,177
232,535,513,374,111,159,150,119
269,574,543,413,83,123,116,96
280,598,570,438,120,214,202,146
244,658,631,458,107,186,175,145
161,301,281,208,120,190,179,142
193,434,409,300,111,176,167,138
277,645,610,460,104,164,154,126
179,382,356,249,114,247,232,181
310,727,694,507,75,94,92,75
254,598,585,429,106,186,173,128
225,453,424,293,87,136,124,101
211,478,452,355,112,153,141,102
152,354,335,223,109,212,198,156
127,246,229,158,79,115,106,87
224,535,506,380,102,182,172,136
276,670,649,469,90,125,113,93
248,563,539,409,120,246,235,182
156,262,248,188,109,192,182,126
220,506,490,342,107,154,140,113
234,529,503,369,91,144,139,95
197,509,491,348,77,126,122,89
167,296,283,212,83,94,82,75
264,614,590,449,110,193,183,141
195,453,429,315,116,198,180,147
259,576,538,404,95,178,172,121
210,432,414,318,99,160,154,133
273,528,496,346,121,230,219,159
234,487,459,337,170,360,339,268
252,611,582,433,92,138,127,111
172,373,346,238,120,202,191,132
199,418,386,251,102,144,135,100
148,246,227,171,120,185,176,127
241,553,528,358,99,186,178,132
247,619,583,443,110,189,172,135
245,545,517,381,115,222,204,164
181,387,363,263,117,199,187,152
254,587,555,422,141,208,197,163
226,501,473,329,105,139,127,95
218,515,485,364,78,122,106,84
222,465,442,335,98,161,149,119
195,499,470,366,84,131,121,101
171,379,360,257,110,234,220,155
245,534,507,382,127,214,198,139
174,405,378,289,96,161,149,123
206,485,449,325,86,133,123,107
211,479,450,327,97,179,162,132
255,557,517,390,90,132,126,107
198,381,361,248,72,93,86,69
255,595,566,401,119,195,183,141
236,513,489,338,94,164,151,117
181,478,458,303,109,175,166,121
254,621,594,429,92,138,129,92
205,529,501,365,92,118,100,93
225,486,462,321,111,187,171,121
219,539,513,382,109,173,157,126
155,265,246,179,110,214,200,153
227,549,519,408,101,173,162,136
224,470,443,304,107,159,145,111
301,718,686,520,82,103,94,81
176,432,408,319,99,126,109,94
274,632,603,459,89,154,140,106
232,523,498,365,96,146,137,118
223,516,493,345,94,191,174,141
236,543,517,389,116,194,181,135
170,347,324,237,108,141,129,109
231,553,536,374,129,169,160,128
244,522,498,352,91,124,109,89
213,398,381,296,79,116,113,77
248,630,604,448,107,157,145,120
252,532,503,364,116,217,201,144
256,595,558,397,113,192,179,163
275,657,625,471,93,154,147,119
228,531,502,365,89,187,178,139
203,471,454,346,112,163,157,108
238,584,553,396,110,184,168,125
263,604,575,415,117,204,193,151
213,510,481,344,107,159,150,112
223,558,541,399,98,172,162,120
237,524,489,385,88,134,122,106
334,742,707,535,94,164,154,136
187,466,446,321,90,145,137,105
228,592,566,402,100,169,157,120
284,680,634,454,117,183,173,140
254,550,523,380,78,173,167,123
233,539,519,395,105,187,174,140
239,613,584,428,99,153,139,117
215,453,422,312,120,190,171,130
257,636,600,470,84,135,128,99
235,472,443,335,158,247,235,179
253,579,545,395,124,212,198,151
289,765,729,559,89,169,158,119
255,537,512,352,82,123,107,83
215,470,455,325,129,200,190,133
160,355,335,260,65,100,92,68
226,510,484,342,96,208,194,159
203,418,391,289,83,147,140,108
213,504,472,367,92,114,101,88
235,557,524,392,107,176,161,136
168,378,355,248,108,176,161,137
240,528,504,364,110,178,165,137
207,459,433,330,114,176,159,121
228,536,513,402,113,249,232,180
239,522,496,361,84,128,117,91
258,665,636,480,74,118,108,90
188,397,367,249,92,157,142,110
265,687,663,515,88,123,113,84
232,507,476,352,102,164,161,127
170,425,396,273,83,132,119,100
213,527,508,379,105,155,144,111
225,460,436,319,132,194,178,146
227,571,535,404,85,116,105,86
266,584,551,407,126,185,173,131
249,543,515,358,114,188,174,144
270,599,565,425,98,151,143,118
226,505,481,371,95,138,125,97
178,413,391,279,114,219,209,165
234,459,425,330,111,140,130,95
295,685,659,516,98,146,139,101
241,549,521,369,81,135,127,120
306,601,563,404,96,132,123,95
228,510,480,347,77,128,117,101
211,513,491,360,107,172,168,128
254,603,576,433,108,152,135,114
201,441,408,306,111,167,154,110
201,381,354,282,128,197,178,142
201,484,458,337,130,249,233,178
197,510,483,342,92,149,140,109
210,420,388,288,124,200,185,135
268,650,615,468,119,210,195,144
273,628,605,448,104,121,113,87
252,615,587,427,103,158,148,111
225,514,501,343,102,147,138,110
198,401,379,280,92,173,161,123
220,506,484,370,90,152,142,113
275,602,578,383,106,155,145,118
260,658,628,472,74,92,82,73
250,571,544,413,143,239,214,160
281,710,677,504,108,187,175,141
181,416,386,279,128,188,177,126
245,556,521,374,122,177,162,133
190,363,344,269,97,116,111,85
250,584,564,438,112,186,167,127
273,528,494,360,100,176,169,123
234,546,518,371,76,118,108,90
232,478,444,342,104,157,143,118
214,484,441,314,98,189,179,137
274,668,643,462,95,170,159,123
200,376,360,276,80,121,115,80
268,648,618,425,116,178,166,121
257,559,528,358,89,138,131,109
214,510,487,366,102,167,154,128
194,473,445,341,141,237,220,182
211,513,487,334,131,192,179,142
220,509,479,351,82,107,98,87
212,439,417,296,97,130,120,100
246,472,448,314,121,186,172,141
116,275,259,163,85,166,157,106
199,483,469,349,74,119,115,94
215,484,458,345,119,174,165,124
288,687,645,493,110,168,156,112
250,495,468,381,97,150,136,118
240,551,524,385,97,159,147,119
195,432,405,297,112,187,174,148
226,471,445,346,89,169,155,115
211,478,444,316,111,169,154,128
204,417,401,282,61,83,79,62
226,507,488,362,121,204,188,148
229,535,503,395,104,139,128,96
300,663,633,458,138,272,260,201
253,506,482,360,112,208,199,135
216,471,455,324,94,163,149,140
248,502,476,318,102,151,140,109
205,506,482,349,85,123,114,97
200,430,412,288,121,224,218,162
205,474,444,323,94,143,139,109
243,553,523,394,95,135,122,97
243,527,507,395,108,165,157,115
259,570,542,405,109,189,177,146
172,384,363,292,107,165,156,129
232,594,565,413,97,193,178,142
270,689,653,480,128,224,214,167
145,305,290,200,102,156,135,119
181,362,346,233,111,169,159,117
180,461,440,331,112,207,191,161
188,410,389,272,92,144,137,104
202,450,430,297,105,197,185,140
197,415,389,285,94,140,133,109
282,640,616,458,133,216,198,151
250,568,536,394,79,114,100,81
257,623,599,429,104,194,181,127
286,569,539,400,135,249,234,173
182,386,354,280,134,275,260,199
287,690,660,465,101,156,147,102
200,507,494,351,99,163,152,107
189,412,393,265,114,193,180,148
264,692,660,471,104,156,144,109
217,508,485,341,107,182,172,131
228,506,478,345,97,138,124,100
210,467,446,313,99,185,176,138
240,581,546,392,103,177,165,146
219,533,510,361,82,157,148,117
196,492,465,339,105,149,140,112
272,669,630,459,116,186,169,123
246,579,556,426,92,142,132,105
265,604,581,425,99,163,152,113
196,429,413,319,101,136,129,107
209,501,491,394,93,161,148,122
211,424,401,269,99,176,161,131
259,657,637,459,99,154,144,118
188,412,381,257,113,210,197,148
292,680,656,451,82,115,106,86
174,398,379,264,101,149,137,99
154,314,290,217,86,125,116,90
202,404,377,248,111,197,187,148
214,453,432,301,87,122,113,84
222,585,558,412,75,125,117,95
245,580,554,380,94,127,120,105
168,382,367,271,128,233,218,172
263,603,565,406,105,183,175,133
150,375,363,232,75,126,121,106
252,590,559,390,96,164,153,107
278,706,679,484,109,167,161,126
252,610,582,437,112,178,166,132
197,443,420,312,134,216,198,144
210,509,486,347,127,265,254,199
200,466,439,318,87,133,119,98
263,593,569,424,102,164,155,116
288,625,593,437,91,145,134,110
271,667,639,486,106,179,164,132
232,450,425,305,91,124,110,87
310,715,693,515,107,150,133,110
244,646,627,472,102,149,136,100
187,402,369,261,109,169,156,127
246,499,472,331,113,208,196,160
204,427,410,326,75,82,75,61
267,687,657,517,85,187,173,127
298,667,629,467,85,172,162,130
159,350,326,228,99,203,194,161
244,605,573,430,95,145,131,99
260,643,608,457,86,120,109,80
148,305,288,214,70,121,113,88
249,567,535,390,111,217,206,162
239,592,566,403,103,165,157,108
205,520,490,343,137,282,260,197
172,439,422,285,119,218,210,157
238,484,454,352,75,121,118,98
305,679,643,466,86,149,140,99
174,364,342,244,103,159,145,115
164,396,373,261,96,157,146,127
250,604,572,432,146,285,268,210
271,572,533,422,111,173,160,125
206,463,444,333,129,219,206,163
146,306,290,224,83,133,122,92
232,461,435,322,88,116,106,82
270,682,640,467,119,206,195,153
253,593,569,404,93,155,141,116
294,783,748,570,93,148,135,108
178,438,422,291,118,180,164,139
198,510,489,341,105,211,201,148
165,374,353,238,126,167,150,117
218,563,534,396,90,167,155,114
262,517,493,362,90,152,143,120
262,602,570,448,113,209,196,152
236,585,557,390,129,221,206,131
256,494,464,366,109,184,174,127
215,568,540,403,101,185,173,124
173,455,431,356,116,185,177,140
239,568,535,368,84,137,127,105
210,484,468,337,111,225,212,155
268,654,628,469,103,161,150,113
208,514,493,353,113,198,186,149
195,387,362,241,136,260,249,184
171,352,333,231,125,186,173,132
287,684,636,465,96,134,126,108
209,439,412,328,81,109,99,81
200,475,449,323,86,132,125,106
226,525,499,367,103,175,158,123
273,576,548,416,82,124,120,91
198,394,370,273,133,202,187,147
220,444,425,281,137,243,231,181
184,388,368,258,89,126,113,94
237,578,551,379,127,185,173,138
199,453,428,313,95,193,185,144
269,630,598,409,91,167,156,128
198,451,428,289,84,122,114,91
225,509,483,339,105,168,158,129
212,467,436,307,137,245,226,189
210,542,520,409,108,125,109,86
267,665,634,476,119,220,207,154
208,528,503,367,118,220,208,157
180,395,372,253,106,207,196,148
219,458,432,338,98,157,146,121
174,439,417,280,79,107,92,76
222,590,570,421,112,188,178,126
270,649,620,456,113,158,141,112
262,616,583,440,92,147,133,110
155,307,277,193,91,149,139,123
216,455,433,325,104,160,149,117
278,649,614,456,128,278,260,174
197,468,443,339,116,222,214,160
269,699,668,496,106,202,190,149
161,338,312,236,111,165,158,122
185,414,394,304,101,210,200,139
235,534,497,371,109,165,155,129
241,632,613,430,104,174,163,125
246,490,457,324,101,215,195,148
235,465,434,310,116,171,162,134
216,571,552,399,83,163,151,111
217,507,489,374,122,206,190,148
241,549,520,361,110,180,165,132
241,500,478,358,131,224,205,168
277,621,591,430,90,152,144,109
193,468,447,331,89,125,113,83
190,404,380,283,112,189,168,138
306,702,667,474,123,206,190,141
188,432,415,319,93,138,124,113
185,489,471,337,102,171,161,130
250,550,520,407,89,130,121,92
276,709,684,509,95,186,178,145
249,521,490,361,106,155,138,113
293,718,679,516,127,227,212,152
249,616,592,430,77,122,109,91
254,550,528,366,118,180,159,130
207,374,357,264,100,143,132,106
212,469,447,325,130,206,186,151
218,512,487,375,119,190,169,148
281,639,615,434,130,222,200,151
249,581,554,414,113,153,138,118
301,710,674,489,101,155,142,125
226,600,565,430,120,200,188,147
224,485,465,339,102,191,177,149
243,526,494,359,72,92,84,73
291,594,564,442,116,169,154,114
234,606,582,422,101,194,187,147
301,683,639,452,81,135,128,96
189,439,424,295,93,135,128,105
178,406,386,260,86,162,147,113
247,546,515,373,83,130,120,92
167,410,388,273,153,245,229,175
236,601,568,414,91,151,135,110
222,560,533,417,117,217,205,166
238,515,490,361,140,227,211,163
187,505,489,355,131,221,207,162
239,528,498,387,88,142,127,97
209,429,398,291,102,158,143,126
286,668,638,471,95,149,134,116
195,480,453,330,85,136,126,92
212,433,409,289,94,153,145,114
221,501,469,336,67,74,66,60
216,576,559,407,119,234,224,163
233,471,444,297,106,212,190,154
217,469,443,325,109,203,187,140
271,669,626,497,123,183,175,135
210,498,480,356,92,132,119,89
207,447,427,296,85,150,143,113
227,506,483,359,138,258,250,204
193,419,397,253,82,143,133,109
184,411,386,270,104,159,148,114
187,457,440,317,94,158,149,111
232,515,476,362,92,150,142,112
284,609,582,405,86,118,107,87
227,492,458,330,89,145,132,108
196,492,471,324,78,141,137,103
220,500,475,344,84,142,131,101
200,434,412,304,108,182,173,139
156,385,368,275,99,151,145,108
205,432,420,318,91,140,129,93
311,715,675,511,146,230,209,171
247,537,508,398,77,105,99,71
199,355,333,264,94,155,147,112
190,469,447,316,115,208,195,156
165,310,288,218,87,148,130,95
257,621,598,431,96,135,123,106
283,723,701,520,121,208,196,158
194,391,368,258,104,172,160,143
225,582,556,421,100,157,144,103
159,397,379,260,98,163,151,134
223,509,483,339,84,133,121,92
293,681,649,458,89,157,147,122
185,459,438,321,123,175,163,130
177,352,335,237,137,267,250,212
182,397,373,256,120,210,193,142
212,531,506,391,111,158,144,109
214,459,432,291,97,178,164,137
236,538,506,368,89,139,132,105
227,623,603,451,100,183,172,135
223,476,442,311,104,189,176,141
234,483,465,318,78,125,120,88
241,490,464,362,111,197,185,149
236,601,570,447,113,211,201,144
225,489,457,323,90,160,143,115
201,427,406,314,97,133,122,97
224,571,539,419,111,207,193,154
222,517,491,343,92,115,104,86
221,556,532,392,103,166,154,109
263,645,614,457,83,148,141,116
211,426,403,303,101,178,165,132
158,329,307,217,115,176,168,128
183,506,472,343,101,154,141,123
283,665,638,466,100,158,148,111
285,777,744,578,96,135,124,96
172,357,334,238,90,166,156,132
262,565,545,399,85,136,128,95
287,780,735,561,113,214,201,144
216,439,414,281,126,213,201,163
159,312,296,203,75,103,100,85
218,535,506,337,128,211,194,140
247,504,479,337,105,160,142,116
218,476,451,344,93,145,131,104
250,536,501,358,110,208,201,155
297,712,681,483,102,162,149,123
161,335,318,218,125,216,203,169
245,527,503,367,74,95,87,62
241,520,494,368,91,157,146,120
217,589,558,417,98,143,131,99
222,389,367,258,116,189,173,133
188,464,439,311,90,131,120,105
120,300,290,204,93,148,135,100
218,450,432,326,90,125,115,89
277,630,608,472,109,178,164,125
217,512,489,348,90,137,126,106
203,504,475,357,100,164,149,117
268,637,604,474,106,183,170,145
226,496,479,347,93,133,123,95
150,337,323,223,96,174,160,134
292,673,651,489,121,237,224,176
153,303,283,211,117,181,169,143
291,613,582,448,82,127,110,92
266,640,605,436,119,215,203,162
245,561,529,370,88,142,128,106
223,488,468,373,133,216,205,156
247,557,535,396,109,209,195,141
226,470,449,339,81,135,126,94
216,474,451,293,110,201,189,137
269,740,710,532,111,166,151,120
247,550,520,389,145,251,239,166
171,327,311,235,94,130,125,99
286,728,690,521,93,154,148,110
103,189,174,116,137,223,211,155
232,547,517,366,104,181,169,141
251,571,541,396,93,121,109,86
260,655,617,450,91,144,135,106
240,450,429,322,143,231,215,166
212,503,478,347,116,186,175,124
243,516,488,369,99,144,128,105
220,493,468,350,123,179,165,135
219,494,463,354,66,85,80,62
196,414,396,260,80,109,99,80
213,487,466,324,100,127,119,87
282,752,729,549,115,210,196,149
214,472,455,335,117,188,178,129
220,472,457,333,87,138,129,105
226,516,492,351,112,201,180,135
184,379,344,247,75,89,80,65
232,539,513,358,106,199,186,141
249,520,494,352,92,141,133,103
263,645,615,433,98,171,163,127
212,406,380,295,105,188,172,137
211,561,537,391,82,140,133,104
219,450,427,322,103,179,165,129
210,460,434,294,74,111,103,90
261,573,536,376,76,110,101,76
242,532,489,384,114,193,184,132
154,396,368,242,112,147,133,106
268,643,603,464,84,122,107,94
210,481,459,353,105,170,158,119
223,566,537,412,91,121,110,81
198,465,443,307,107,147,134,108
176,458,435,325,102,175,163,116
252,565,532,413,105,163,151,107
233,543,517,369,79,125,118,90
238,568,544,377,95,161,145,115
226,505,479,356,118,178,165,132
240,510,481,316,90,154,142,105
298,689,665,481,97,163,150,123
252,576,547,421,108,226,222,166
227,481,457,351,98,144,135,113
199,418,395,289,118,213,198,152
261,580,550,404,110,181,166,143
225,537,508,399,92,135,121,89
212,529,499,347,84,138,130,103
189,426,406,276,97,132,122,92
231,526,502,386,107,165,156,124
219,486,458,316,100,160,153,113
196,421,400,304,81,119,110,94
214,468,448,306,130,213,202,159
224,567,542,377,87,137,126,106
241,574,549,421,132,181,162,120
169,320,289,234,103,167,155,131
189,420,399,281,127,216,204,164
243,569,535,393,100,184,169,118
203,393,357,258,98,190,176,136
224,551,531,378,92,122,115,87
231,511,490,349,87,132,122,99
287,593,564,421,123,220,212,164
213,504,471,330,110,201,186,148
260,651,619,453,106,177,168,118
244,538,503,368,90,163,155,113
186,421,403,292,75,89,83,71
249,570,550,384,143,255,240,190
244,531,503,399,84,135,124,93
190,452,433,302,107,188,178,142
200,392,373,276,78,119,108,85
248,476,441,321,131,209,196,155
162,382,356,283,77,122,114,95
237,547,525,398,85,162,149,120
183,377,360,274,108,166,153,130
306,761,723,537,92,124,115,104
255,544,527,373,120,195,178,134
234,495,471,344,113,154,144,110
246,639,608,427,96,163,149,130
259,638,615,480,90,190,182,118
203,613,575,445,101,173,160,118
260,644,608,454,119,253,237,172
203,462,434,320,83,138,129,102
210,484,466,359,92,136,128,101
216,561,534,382,95,182,175,124
217,480,456,302,101,160,148,123
215,456,424,300,93,142,132,102
257,527,499,383,97,156,149,117
188,414,400,282,72,122,117,94
225,445,422,297,95,139,126,106
254,542,514,370,107,148,135,111
190,418,400,262,81,141,129,100
232,555,525,383,86,139,130,101
202,388,368,291,87,121,111,94
232,450,430,327,107,206,193,155
133,303,295,197,104,160,154,117
222,515,489,359,94,162,156,108
232,633,602,459,103,133,130,107
278,646,611,446,105,153,142,105
201,443,426,287,92,170,164,121
303,772,741,534,101,159,149,126
234,578,547,386,78,140,134,103
171,339,318,231,98,177,164,129
300,738,709,519,106,161,149,114
190,402,383,267,108,166,158,127
266,646,627,461,109,170,155,117
244,561,539,411,128,287,272,230
239,572,551,375,101,123,112,91
283,640,611,430,81,106,95,79
254,590,565,402,93,139,128,100
212,500,475,323,103,150,135,100
269,618,583,417,78,134,127,93
230,504,486,300,74,115,108,89
187,390,365,261,131,242,226,179
227,527,502,373,87,126,112,91
218,569,539,385,84,120,107,90
272,559,525,392,104,180,174,129
207,405,380,269,86,131,121,94
269,626,592,406,91,143,130,117
276,651,613,450,106,161,152,117
243,487,466,332,135,268,249,183
235,586,561,399,73,142,134,101
229,552,526,373,101,179,163,130
279,693,660,499,99,143,135,105
200,490,462,343,117,175,163,129
208,516,498,354,99,189,175,134
184,401,383,271,88,125,110,90
259,611,583,432,117,155,146,103
221,406,384,292,67,104,95,83
179,356,335,226,89,129,115,102
280,638,603,459,119,184,173,129
223,562,526,391,111,131,124,100
237,501,469,339,89,135,120,103
239,626,594,436,68,117,111,84
216,495,467,328,124,230,214,176
214,504,477,347,79,143,138,112
222,510,479,333,84,155,147,109
175,352,336,260,108,177,166,131
249,650,626,464,80,115,107,89
240,530,504,363,113,196,183,161
209,432,410,308,117,189,178,127
221,508,488,360,80,128,123,96
222,446,422,308,52,93,88,66
203,411,391,276,98,197,186,147
220,460,439,305,104,162,149,118
205,420,397,303,75,114,105,90
236,460,422,319,72,121,115,87
210,492,475,352,90,143,130,112
209,480,454,327,109,183,175,134
159,403,376,303,102,166,155,109
221,514,492,364,104,175,160,128
157,415,394,271,85,148,132,113
265,617,584,413,104,188,176,131
172,369,336,229,115,186,167,129
222,461,442,306,142,241,221,174
188,462,433,289,111,197,191,150
200,490,468,340,98,171,162,125
200,487,458,348,79,130,117,93
227,521,488,370,96,165,154,112
246,598,567,418,77,127,119,85
191,415,393,277,95,137,122,96
207,360,335,247,110,183,170,139
182,440,416,318,95,149,136,100
164,354,340,238,103,163,150,113
255,595,563,373,79,122,114,96
209,457,438,308,95,142,130,111
190,414,394,297,93,144,135,111
295,653,623,457,140,242,235,168
238,578,545,424,118,203,183,128
196,465,437,307,74,109,96,83
171,369,354,260,97,140,135,98
164,309,292,228,102,190,181,144
252,670,648,474,106,142,124,114
204,496,473,360,84,158,150,111
156,366,352,225,116,192,177,134
283,643,609,422,94,126,117,95
202,440,410,293,87,140,133,110
234,506,484,348,126,297,285,212
182,310,297,209,92,126,118,93
205,373,355,245,115,216,203,162
166,346,332,249,84,134,126,90
252,602,583,429,124,216,205,150
178,357,339,242,101,139,129,105
196,488,469,314,123,173,162,121
160,368,359,279,98,121,111,94
163,398,379,279,87,118,105,84
304,667,633,488,86,160,147,107
235,499,460,342,94,142,134,114
209,400,367,265,101,165,154,124
155,358,340,227,86,132,120,91
258,680,653,458,107,173,161,133
220,384,356,268,106,173,161,127
245,564,536,407,100,173,159,130
234,632,604,449,77,121,113,84
200,437,413,292,94,150,133,106
278,622,579,414,83,136,123,98
216,501,474,359,113,154,138,119
217,544,523,396,80,123,112,94
236,532,505,373,90,136,128,95
227,398,374,251,78,143,136,104
216,431,404,274,105,158,140,100
231,581,559,433,115,190,174,143
217,465,435,326,86,145,136,113
161,377,353,232,95,120,112,93
263,661,630,495,95,149,141,106
242,557,532,418,100,151,138,106
189,405,377,279,89,156,146,123
180,389,358,240,108,153,140,113
220,442,414,320,96,123,115,82
179,345,325,235,91,150,140,103
184,418,394,283,83,128,118,95
285,616,579,418,92,175,166,125
163,328,309,221,125,234,224,164
210,508,481,327,83,177,167,125
192,413,388,281,117,233,222,160
215,536,506,366,140,203,185,153
272,602,564,409,75,106,100,84
222,495,471,311,100,184,173,139
168,314,295,229,83,140,130,99
324,673,637,473,90,126,115,83
236,599,575,430,112,185,172,118
216,523,492,355,114,181,173,140
195,452,430,302,109,184,174,138
175,417,400,270,103,178,168,134
287,711,674,530,100,154,140,101
168,379,362,259,97,139,128,104
217,454,427,291,94,186,178,157
277,630,587,434,75,102,90,77
201,447,416,321,77,107,95,75
228,474,450,336,90,157,146,122
233,571,545,411,86,143,133,111
240,576,544,393,71,88,79,69
238,528,507,345,115,213,202,156
217,481,451,341,122,216,199,165
210,498,473,383,75,128,121,88
176,381,365,265,92,140,132,108
258,639,605,455,91,128,123,91
239,515,484,375,108,169,156,118
161,328,301,225,115,159,145,112
219,575,544,391,97,205,192,150
236,532,506,374,117,178,163,126
202,466,442,308,94,150,140,100
219,604,578,437,115,191,181,129
184,434,418,322,93,142,132,119
198,415,389,291,77,130,121,105
245,698,667,505,118,198,189,138
159,344,330,235,114,197,182,136
222,527,507,385,136,192,178,132
248,536,507,393,94,163,153,139
290,683,643,482,119,204,191,144
205,452,419,327,110,167,155,116
180,380,359,261,89,155,144,129
151,340,327,223,88,142,138,103
216,468,446,333,139,216,203,149
258,656,631,461,115,189,175,129
222,476,449,354,95,154,147,119
213,453,422,314,97,163,155,133
245,558,528,390,116,218,204,161
226,485,457,320,88,115,100,89
254,533,509,356,109,161,148,109
167,376,356,249,101,187,182,142
193,423,397,291,101,151,143,115
232,543,519,378,77,118,105,87
159,374,352,250,116,218,203,159
185,408,396,296,117,202,185,150
258,553,534,394,104,172,163,124
198,484,458,340,120,207,193,167
236,588,570,418,107,190,178,140
146,342,322,218,91,164,156,125
188,382,367,269,87,146,136,117
170,339,323,232,108,150,136,111
220,502,478,345,91,135,123,102
241,561,527,391,100,210,198,155
234,537,517,373,84,122,112,89
229,481,462,323,86,126,115,85
272,625,590,472,131,223,207,157
224,540,509,382,115,176,164,135
173,351,334,267,79,102,89,80
223,455,431,293,105,175,158,120
171,337,310,221,89,139,129,108
167,349,331,260,107,175,156,112
288,659,628,469,122,173,163,132
280,685,652,491,120,204,189,153
218,515,488,352,64,85,72,55
261,555,531,367,138,298,283,210
210,400,379,278,120,241,230,179
206,518,487,348,80,86,72,68
188,512,496,393,86,125,115,99
238,634,612,448,79,104,97,79
242,610,584,452,96,144,137,99
220,485,456,368,108,153,141,109
188,410,388,279,77,128,115,96
295,671,636,456,113,170,155,124
254,581,557,389,96,127,119,94
179,423,402,312,110,151,143,112
280,594,570,419,153,241,224,162
173,317,306,217,109,222,215,156
226,575,548,393,111,190,179,148
214,488,471,321,88,144,131,106
224,587,556,433,75,133,121,94
210,458,437,344,116,188,175,131
189,302,288,205,129,209,199,159
180,386,369,273,100,198,185,148
134,302,283,186,83,138,130,105
153,330,317,217,106,123,115,85
224,477,456,328,88,116,107,87
189,436,418,294,122,212,196,157
194,403,373,246,123,207,188,165
264,541,515,358,85,145,136,112
219,607,583,431,102,131,123,97
217,505,466,358,108,189,176,140
194,459,430,316,79,100,94,75
273,692,665,493,125,258,237,167
143,360,347,237,84,159,148,121
264,605,571,432,104,149,136,119
212,481,468,341,109,177,162,131
195,367,343,244,82,127,119,84
224,582,555,384,91,159,151,113
264,622,589,436,122,195,191,137
171,333,316,256,94,108,98,72
249,524,499,345,99,137,124,96
219,503,469,346,106,142,125,109
198,525,505,363,74,101,93,79
218,580,547,412,123,199,185,139
237,465,437,319,94,177,164,138
209,467,436,325,91,145,138,95
211,519,495,387,98,124,114,95
270,624,599,435,80,121,115,91
123,229,220,157,95,145,127,96
244,595,572,395,77,114,107,88
240,511,479,350,97,153,142,114
150,273,252,173,79,108,99,86
267,584,547,411,106,178,167,137
197,452,431,301,71,118,110,89
243,584,557,406,100,168,152,121
278,663,631,463,85,131,123,100
265,610,582,423,98,151,133,109
253,501,473,334,101,157,150,110
187,412,388,266,116,178,170,128
207,482,460,328,76,117,112,87
254,492,466,338,65,111,104,86
268,764,741,543,89,122,112,94
192,346,321,239,93,137,124,91
202,451,423,306,101,183,175,132
222,464,440,310,84,149,135,118
194,419,392,272,80,131,123,105
252,578,539,427,115,201,190,150
152,309,294,224,84,172,158,129
213,506,472,320,98,158,154,118
277,687,658,493,131,244,228,175
212,441,418,314,103,217,200,156
221,506,469,368,96,170,163,118
200,417,393,273,78,119,114,91
212,476,451,338,99,156,146,107
224,567,537,383,87,168,162,123
209,486,455,324,78,101,91,80
223,599,568,453,127,190,174,137
168,389,375,293,78,125,116,98
212,470,444,316,117,198,184,136
192,417,398,255,93,164,150,124
298,700,671,486,128,218,204,149
238,561,537,411,112,147,137,118
203,452,421,299,109,185,175,146
208,481,459,318,112,205,189,142
211,377,355,244,93,145,138,110
270,669,636,476,104,183,165,132
296,667,636,473,106,169,159,127
213,427,402,275,101,179,168,128
273,694,674,468,105,205,193,158
157,409,394,292,111,204,194,154
197,407,385,296,106,199,184,159
188,364,341,237,99,154,143,104
227,619,594,418,110,184,174,142
243,630,603,446,49,64,55,49
203,459,439,327,76,117,108,94
208,403,376,284,103,172,159,121
247,451,426,316,97,168,155,108
179,358,330,231,91,155,140,122
233,571,550,405,94,151,142,111
185,359,332,248,111,179,161,124
213,459,432,295,104,162,150,109
238,537,506,382,94,165,154,114
281,682,654,475,90,125,120,87
224,489,467,319,102,126,114,89
207,557,524,382,82,141,130,105
224,482,454,368,79,115,108,82
208,346,318,213,120,196,185,142
257,557,525,383,99,138,124,100
229,524,495,380,71,94,83,70
230,493,474,348,112,196,182,141
216,532,513,342,118,222,205,163
227,503,478,341,87,124,112,88
92,162,149,102,113,170,156,120
183,425,399,302,120,166,158,119
213,454,432,330,91,147,138,116
255,640,610,439,151,266,249,196
208,508,482,349,86,156,145,117
211,459,437,296,112,166,152,121
211,425,396,272,112,205,198,157
238,541,511,386,100,169,157,136
265,666,631,460,129,199,182,150
170,309,287,209,60,86,76,72
268,703,666,501,94,148,143,99
204,496,478,332,107,192,182,153
166,368,347,232,81,126,114,94
185,355,338,210,91,149,134,104
239,634,602,440,101,144,128,117
171,438,419,296,105,187,171,133
244,542,517,371,105,193,180,147
191,348,335,214,102,164,153,121
212,477,460,338,92,106,90,76
231,504,477,346,111,196,186,134
174,372,340,235,68,103,91,80
178,400,374,272,120,198,190,149
185,413,388,262,107,178,170,135
279,648,617,430,66,100,91,73
257,617,596,445,98,167,151,110
233,556,524,363,103,194,185,141
209,453,435,314,133,227,211,172
239,672,637,465,125,238,225,174
212,499,472,349,101,160,145,108
209,398,369,274,103,147,135,109
265,566,534,377,68,99,93,70
242,539,515,370,107,177,164,143
215,498,475,320,87,170,164,117
222,499,476,357,82,134,125,102
196,377,353,263,100,162,151,118
181,371,338,258,103,150,136,113
319,675,634,470,75,121,114,83
290,647,607,439,112,211,195,147
181,355,337,262,91,147,132,104
193,386,369,269,112,173,159,117
213,492,470,364,124,214,204,139
200,462,438,299,94,157,147,124
175,370,346,222,123,178,164,132
210,506,482,353,101,180,173,118
256,640,620,462,93,130,118,98
197,392,372,278,79,120,110,97
261,644,600,436,93,181,174,141
278,674,650,485,79,120,112,99
258,614,576,434,132,250,237,180
221,482,459,360,101,143,134,113
249,585,565,427,79,115,107,81
239,499,470,365,114,216,202,158
231,450,427,286,115,231,219,173
176,447,431,286,116,196,184,131
245,570,540,402,106,194,181,130
253,563,536,401,94,94,87,64
233,547,519,409,112,171,155,134
187,405,383,273,82,121,112,91
167,371,352,266,78,128,122,93
288,646,614,461,66,90,75,60
266,689,644,485,85,151,136,101
205,418,389,299,70,152,143,110
275,673,644,476,98,170,157,121
191,452,424,316,118,160,146,112
171,424,404,272,135,262,252,205
142,297,279,202,90,153,142,97
185,424,408,287,137,257,244,180
149,299,286,212,98,166,146,133
220,504,478,366,91,173,165,124
169,435,415,303,97,171,160,112
292,663,636,464,85,101,88,77
266,597,569,456,86,154,144,115
247,555,523,388,97,174,161,127
210,459,431,314,126,245,225,176
188,491,473,320,103,201,190,145
251,551,517,372,110,186,179,127
260,535,508,354,144,283,257,197
242,625,594,437,114,195,179,149
143,318,302,214,118,217,200,152
199,436,419,308,89,117,108,77
204,452,425,295,80,106,96,78
202,476,458,324,91,128,116,94
209,434,410,275,108,212,205,148
199,417,403,305,92,138,130,104
223,455,426,305,113,168,153,98
237,553,514,371,112,175,160,118
217,504,486,349,90,134,121,91
214,409,395,280,127,200,188,138
261,574,549,428,100,180,164,142
151,268,256,168,100,149,137,107
181,436,416,293,89,117,103,86
264,591,556,392,86,161,153,117
269,586,553,408,125,203,189,143
147,293,275,217,72,116,108,96
272,632,601,452,99,136,127,102
244,571,541,388,111,204,192,149
176,396,379,268,122,234,221,164
212,506,481,343,116,201,191,143
243,545,513,364,116,183,169,134
214,486,463,339,100,161,154,118
178,391,379,281,98,169,158,126
239,575,542,425,125,197,183,135
245,580,550,414,95,160,150,110
258,601,576,431,90,143,137,114
255,570,542,380,79,126,116,93
206,480,460,315,97,115,106,90
202,425,403,276,105,150,146,106
220,428,409,286,113,169,164,132
275,572,542,375,131,206,184,166
184,397,376,282,79,109,100,78
218,542,517,382,113,155,143,113
142,287,278,201,71,123,117,91
271,630,594,448,95,128,118,87
268,692,665,476,91,138,130,106
194,396,381,260,100,167,147,120
195,383,363,269,135,212,192,149
240,492,464,330,103,170,160,126
251,578,549,397,85,129,119,104
217,545,524,381,85,104,91,83
264,586,563,417,67,101,88,79
273,659,620,438,127,209,199,150
205,554,525,393,87,143,135,113
236,610,583,433,98,168,154,124
236,655,621,469,133,237,222,158
270,703,672,492,96,172,162,130
246,516,478,400,81,120,107,77
229,437,415,294,112,191,177,139
261,688,663,505,113,165,152,123
247,609,576,422,127,218,208,152
191,393,370,275,111,209,201,156
220,453,430,291,95,171,159,128
145,270,253,185,116,200,181,129
204,374,356,265,93,198,186,134
287,601,581,392,80,139,127,100
171,329,316,227,84,120,113,91
255,539,516,365,97,143,135,96
211,410,386,276,85,122,113,100
249,607,586,416,114,197,182,133
248,586,559,424,73,112,103,91
231,500,468,339,122,180,170,145
180,377,353,251,117,241,224,165
201,443,428,349,132,195,177,146
144,260,236,185,96,140,127,101
266,612,578,417,122,180,166,127
236,566,534,367,97,165,155,124
221,603,572,421,88,142,129,110
313,705,670,505,87,115,106,93
176,371,354,260,93,136,124,100
245,611,583,430,81,116,104,94
211,442,421,286,87,149,142,106
257,695,663,483,102,136,129,103
262,625,601,445,102,178,168,125
173,354,327,232,82,108,97,86
242,576,551,407,99,126,106,100
269,641,604,411,104,177,163,119
228,503,474,339,84,109,98,81
230,621,589,438,83,142,130,106
235,590,560,422,90,141,135,112
266,643,619,487,67,90,80,68
270,636,613,459,121,193,183,132
216,411,386,295,68,95,86,82
219,514,489,396,102,193,185,136
203,394,376,277,96,176,167,131
238,548,518,383,71,91,82,75
166,399,367,232,113,183,173,119
244,607,580,424,72,92,77,67
242,663,633,457,126,230,220,161
213,483,459,341,110,158,147,122
223,504,489,357,61,89,81,65
179,407,379,278,91,172,162,134
217,572,542,401,93,140,132,105
173,369,352,252,115,171,162,125
242,516,498,359,80,110,101,77
208,467,445,313,111,182,170,129
276,564,527,404,107,175,162,124
241,509,479,326,107,170,161,115
226,521,486,351,100,161,148,121
177,360,339,234,111,231,220,171
246,585,563,408,126,195,176,133
242,544,516,400,86,138,135,94
257,736,704,546,106,163,151,132
188,385,365,250,102,176,158,121
178,374,354,256,99,119,112,89
227,517,488,362,81,105,95,79
231,597,571,418,129,221,205,175
252,463,442,319,111,206,190,146
250,594,562,433,81,133,123,107
228,595,561,421,86,119,113,89
267,624,592,429,83,129,111,93
194,407,383,257,117,228,211,180
197,400,384,296,105,178,164,134
233,509,476,329,116,193,173,152
287,677,647,444,109,174,162,123
206,489,455,341,83,164,156,114
211,423,390,291,95,154,142,101
248,550,513,369,99,129,120,92
202,442,416,284,100,177,169,133
271,535,514,370,115,216,202,155
214,425,401,303,139,285,269,211
205,396,372,280,85,142,134,107
268,649,624,472,78,92,86,76
223,565,546,375,99,178,168,126
222,476,446,321,108,179,166,138
252,670,645,475,91,132,120,99
233,534,510,365,107,167,153,117
249,592,555,404,82,157,147,112
210,400,377,262,103,182,174,145
293,695,661,463,92,143,132,104
166,333,310,216,74,111,103,82
246,560,528,382,124,206,194,142
149,378,357,243,84,141,132,93
225,584,555,419,113,162,148,110
250,465,436,320,131,234,226,172
236,567,541,406,119,203,191,148
221,513,492,344,87,136,124,99
254,613,586,449,136,272,253,202
243,534,504,368,113,205,188,151
230,544,520,372,103,166,153,123
247,592,563,415,125,202,189,149
187,437,408,285,83,128,118,93
150,317,297,205,94,198,187,143
229,476,446,311,86,149,134,113
169,324,302,222,118,191,171,148
175,421,397,266,94,163,152,123
199,506,493,332,114,170,155,128
211,482,466,352,93,133,127,96
260,627,586,450,109,178,169,128
191,404,380,274,93,142,133,107
211,478,448,296,97,145,133,97
252,620,599,434,89,158,146,103
144,302,284,201,95,137,128,110
195,440,420,322,106,151,138,106
201,412,386,272,108,149,138,107
163,305,289,216,128,226,216,163
189,406,393,253,85,120,117,86
200,480,454,322,79,108,97,83
207,445,413,297,95,128,121,98
247,571,546,437,80,130,119,103
217,535,510,358,119,222,214,159
219,482,463,377,89,130,120,94
260,724,693,528,90,145,137,97
254,631,598,432,108,197,188,123
225,478,457,332,94,176,161,128
183,361,340,242,84,133,120,98
209,513,484,366,74,99,92,77
167,360,342,252,89,158,148,102
259,546,516,360,117,163,148,118
238,598,567,415,86,148,137,110
201,436,418,300,113,193,176,150
228,529,499,379,118,241,225,173
250,539,514,367,103,182,164,120
184,348,330,210,71,125,116,97
212,550,536,394,90,173,165,125
166,380,363,257,104,150,140,113
157,424,408,305,73,136,127,103
298,646,613,438,112,163,154,119
271,618,583,414,107,162,150,114
188,405,390,317,103,156,147,118
187,370,352,249,108,165,154,123
204,474,454,348,96,142,131,105
240,538,514,350,114,168,157,119
169,358,349,228,124,183,170,132
185,508,482,327,107,193,184,145
268,662,638,494,90,112,103,83
189,420,391,276,106,149,136,116
172,352,329,221,82,126,118,84
243,626,591,437,77,132,115,88
219,450,426,322,127,242,231,177
174,416,395,298,141,294,276,219
282,686,641,455,79,118,110,79
186,417,399,282,114,213,200,148
155,239,219,162,99,167,158,129
294,622,582,473,71,114,104,90
234,517,487,344,89,137,131,93
174,405,386,248,107,177,158,130
218,491,463,328,118,199,179,154
195,399,370,261,112,189,174,136
207,457,434,329,81,120,105,79
205,503,472,354,87,123,103,89
201,474,462,324,91,158,149,114
272,611,575,440,72,119,113,94
286,683,654,470,131,250,232,190
203,471,454,313,93,157,148,116
216,496,468,362,96,168,154,134
225,528,497,361,99,152,143,105
236,520,495,350,97,180,173,136
195,443,416,296,104,141,133,104
265,563,534,423,104,173,162,134
247,511,486,351,73,115,103,87
305,705,676,482,89,136,126,110
222,452,424,300,103,202,190,150
235,458,434,296,105,203,197,130
212,425,396,303,80,126,115,94
268,592,562,401,94,165,154,119
193,448,429,307,103,147,140,105
220,481,452,335,80,137,128,104
183,382,365,250,102,169,159,141
237,535,507,393,78,118,106,90
165,389,372,244,153,258,235,181
244,571,540,414,82,136,130,94
233,459,431,322,80,141,133,102
175,413,399,313,90,148,142,110
254,591,574,404,116,208,196,148
287,693,654,481,71,107,104,79
181,379,362,260,120,197,183,138
163,355,338,223,99,144,128,104
256,527,497,348,117,147,134,108
241,496,463,356,94,165,154,141
250,539,517,346,122,185,172,135
220,434,413,277,89,144,128,105
233,508,481,344,117,215,191,139
224,495,470,334,89,129,120,98
162,314,285,201,82,136,129,100
256,620,581,436,114,188,181,122
182,431,410,309,102,125,113,97
224,507,483,341,105,131,111,97
270,654,624,462,118,191,168,140
165,381,358,252,73,101,94,73
211,437,416,277,98,157,142,117
197,445,421,283,122,174,157,131
247,566,546,403,100,136,130,93
229,532,512,394,87,126,119,94
235,502,476,348,98,134,126,94
253,577,541,403,63,74,69,65
168,402,387,287,80,133,123,92
227,465,439,311,87,162,150,110
195,448,425,298,89,144,135,99
177,391,368,252,79,116,107,91
241,492,469,336,112,194,184,148
284,698,652,487,91,156,143,118
213,431,401,295,105,242,233,175
184,461,439,328,118,203,183,160
187,396,377,273,107,190,174,130
205,493,463,337,86,116,105,85
206,439,422,316,110,196,176,144
228,511,478,336,99,148,133,104
192,487,466,336,127,207,189,145
214,424,397,309,92,144,132,102
202,456,439,334,141,221,209,151
193,426,402,281,91,173,157,142
200,432,402,279,98,167,154,123
244,504,479,353,91,160,153,119
219,587,561,411,87,159,147,118
257,511,481,355,104,151,132,118
214,479,449,337,105,169,155,112
188,362,339,234,117,167,152,114
181,401,381,259,93,160,153,112
210,494,467,349,112,183,173,133
140,241,220,159,97,171,155,123
204,460,433,286,110,226,218,156
208,449,425,298,137,262,247,181
191,461,443,310,96,152,139,113
226,486,471,346,107,165,154,123
237,532,505,373,136,246,227,185
196,531,510,365,102,130,118,93
314,665,631,474,101,166,155,130
277,656,617,453,94,134,123,100
179,363,341,246,114,204,195,139
220,489,468,347,112,167,155,130
231,503,472,330,101,150,144,116
296,647,623,456,96,190,179,144
177,464,441,331,84,116,106,94
229,513,489,343,84,106,97,88
262,603,568,402,108,156,151,105
181,402,384,243,96,153,145,111
200,451,431,328,99,207,197,137
193,471,452,327,94,171,164,122
211,455,439,300,108,161,150,118
204,437,416,300,96,153,141,129
259,564,536,385,106,160,145,117
237,512,484,329,126,243,231,165
137,293,275,212,123,210,199,142
200,440,410,289,91,122,116,96
195,471,448,312,110,184,170,131
212,503,483,345,85,128,118,90
147,271,252,208,95,128,122,92
218,532,509,377,99,160,148,126
241,592,563,420,137,292,271,225
218,542,512,390,82,131,128,106
191,390,374,248,89,145,134,101
185,431,407,290,106,184,169,134
195,457,438,335,95,137,123,110
194,386,355,279,88,127,115,93
241,567,538,364,122,176,162,118
201,438,420,276,86,139,127,101
243,499,464,336,103,183,166,142
216,519,490,336,97,171,161,124
222,483,452,334,96,168,157,129
200,452,438,297,99,154,138,110
250,613,575,449,102,140,125,107
215,481,461,312,103,202,191,145
140,290,277,203,110,147,133,104
173,366,337,220,92,132,123,87
246,530,495,347,93,145,134,103
158,317,299,209,97,162,155,131
218,599,566,424,124,203,187,156
262,623,597,435,103,149,142,122
202,421,395,274,117,175,158,125
262,594,570,439,82,157,145,105
177,404,380,261,113,157,142,119
219,514,485,374,113,176,168,109
165,388,369,233,122,180,168,138
253,519,490,354,94,139,128,100
250,562,530,372,117,217,206,170
225,562,538,404,95,144,133,107
289,644,618,487,98,159,152,118
198,440,421,310,98,145,131,103
222,525,498,364,99,125,107,99
171,382,366,261,94,123,108,83
246,577,561,417,133,195,185,150
237,530,500,401,86,114,105,86
180,387,367,257,106,149,139,107
250,597,562,413,112,212,195,133
185,384,356,240,101,167,153,129
207,510,483,342,105,147,134,117
207,435,419,289,74,87,85,67
225,520,489,325,115,194,178,142
209,538,510,369,95,139,129,117
201,427,409,264,66,108,99,77
171,348,328,239,108,179,170,138
241,569,538,370,85,165,149,114
256,657,626,459,93,191,187,140
175,390,365,291,130,245,231,183
247,496,470,356,113,173,161,128
257,604,573,414,126,206,195,143
223,601,583,430,133,218,207,153
266,624,607,472,107,220,211,173
153,365,350,240,104,158,149,123
167,402,386,278,102,175,161,141
205,471,450,333,79,124,111,87
256,601,577,420,97,146,130,108
167,314,292,200,100,156,142,103
206,419,394,304,122,196,177,135
216,484,466,335,87,149,141,109
249,574,551,397,76,138,126,93
217,535,505,378,66,104,91,79
230,539,510,387,126,198,182,142
151,404,384,276,68,108,97,73
250,598,565,442,82,160,151,119
125,344,332,229,79,115,103,78
192,439,419,325,94,122,111,87
232,613,590,460,107,174,162,126
243,528,487,365,98,190,177,128
176,375,356,285,119,199,182,150
282,623,593,440,81,138,132,103
204,488,460,341,108,155,142,124
204,481,459,332,117,174,157,120
199,366,350,233,96,146,136,104
205,389,358,267,103,146,137,117
217,491,472,364,102,187,175,137
177,414,397,281,79,120,111,96
150,221,200,156,88,138,122,107
137,400,379,256,105,154,141,114
245,592,562,430,113,215,208,169
181,405,386,256,88,144,133,98
195,416,399,293,75,113,102,82
203,451,426,296,93,132,121,95
253,561,536,403,108,231,222,170
221,453,426,331,124,185,173,122
276,662,631,468,91,163,148,122
217,458,443,313,74,95,86,76
239,566,534,408,97,142,130,97
202,491,462,329,89,133,119,101
253,591,563,436,107,155,146,112
173,380,358,279,109,169,154,130
241,539,512,348,105,182,174,123
206,518,492,359,93,169,155,116
245,575,538,403,123,224,208,155
285,617,580,438,110,184,171,138
230,520,487,356,83,141,128,109
250,554,527,358,85,126,113,94
244,596,571,460,123,245,229,185
155,324,304,200,111,174,161,124
275,575,548,377,124,240,232,166
209,514,481,348,113,194,181,149
262,563,529,394,99,176,159,123
315,711,673,478,104,151,138,109
173,366,348,242,82,139,134,106
203,452,425,290,91,146,137,110
241,396,368,275,112,180,163,134
242,569,541,377,74,111,102,84
168,308,297,216,111,193,182,131
201,526,507,382,128,215,207,150
212,440,421,293,80,119,111,94
136,289,271,199,96,125,115,92
274,675,635,457,117,192,180,141
226,501,483,332,85,139,126,94
237,603,576,432,89,112,98,85
137,281,267,188,86,153,146,106
227,518,499,333,102,200,192,145
220,476,452,312,93,148,137,118
248,543,514,387,112,169,153,118
254,609,586,420,126,188,173,139
245,618,588,441,89,141,126,105
311,730,686,507,82,158,151,121
271,641,610,456,95,129,117,100
183,369,353,269,96,146,142,114
194,417,390,280,127,198,187,149
238,518,499,336,84,137,131,100
191,373,357,264,110,190,174,129
257,550,520,381,114,218,207,155
279,726,696,536,95,170,162,131
271,673,634,500,90,145,134,113
204,373,344,246,126,198,183,153
237,593,568,409,83,109,98,81
273,689,664,484,134,260,253,187
205,471,458,334,69,102,97,75
276,615,566,437,83,159,151,111
223,527,505,377,93,137,120,96
285,630,600,421,84,114,104,88
183,350,319,223,95,134,123,91
183,407,379,261,75,89,79,67
232,574,537,398,100,181,170,133
227,510,481,349,100,158,148,121
163,359,333,228,99,155,145,114
306,704,672,493,95,169,163,130
173,403,373,267,104,183,174,142
228,464,442,309,81,148,143,110
191,419,398,294,87,143,137,116
213,435,413,307,136,207,193,137
204,472,446,331,100,136,128,104
211,470,447,326,110,184,176,125
243,519,484,346,98,151,142,104
210,466,438,299,105,184,170,142
264,616,591,443,114,184,171,131
219,586,562,426,117,253,238,170
164,350,323,228,79,129,116,88
185,363,338,256,132,201,189,145
172,321,308,221,110,177,161,128
198,420,396,299,92,155,146,107
191,375,359,254,88,129,118,95
134,272,255,179,90,136,122,96
215,359,336,229,87,115,104,92
222,506,481,324,96,141,134,97
225,571,551,400,109,150,142,105
205,452,425,306,113,215,204,135
275,598,573,415,94,127,115,92
282,660,620,461,70,107,99,79
196,460,443,328,121,173,160,127
175,360,344,258,95,156,148,117
239,537,515,362,85,129,117,93
196,373,344,244,125,222,213,164
203,492,457,354,76,87,81,64
260,605,583,431,126,237,225,164
271,682,658,488,101,153,143,113
198,429,408,304,107,158,148,114
277,649,613,480,76,84,76,53
218,582,549,424,124,226,211,165
254,564,535,380,122,173,160,128
86,165,156,129,82,128,117,92
232,488,464,330,101,164,155,117
248,508,478,366,104,183,176,138
233,581,553,398,98,138,128,103
149,347,330,216,80,113,104,80
220,513,487,352,107,162,148,128
290,714,677,481,84,112,105,71
209,477,457,326,97,131,124,94
216,609,580,418,78,108,96,66
225,612,591,424,87,112,101,75
151,246,226,169,63,95,89,82
156,403,389,269,124,213,195,152
180,396,378,291,99,165,152,117
233,495,475,365,81,113,103,86
237,469,445,324,101,197,183,136
187,463,445,329,78,103,97,76
221,500,474,379,95,126,119,87
237,477,446,321,121,174,159,132
192,373,356,247,87,107,97,84
265,711,679,484,92,145,133,115
264,606,571,401,102,181,169,126
223,495,470,370,74,109,102,80
181,456,434,342,133,217,204,160
239,430,412,308,88,150,147,122
228,565,535,406,106,157,139,108
183,469,451,344,92,160,141,119
267,587,558,431,83,137,127,109
253,515,485,346,112,173,158,132
222,549,520,376,147,296,276,214
202,447,418,316,116,199,185,137
265,660,630,467,96,138,128,108
166,338,319,221,81,106,99,83
153,385,364,255,83,156,147,119
240,536,499,367,118,208,196,162
269,620,592,438,94,156,144,113
222,492,470,350,98,140,118,104
158,360,344,246,92,133,121,95
206,431,411,285,125,185,174,124
275,549,518,390,134,230,209,166
224,566,547,410,84,114,104,74
182,403,387,277,85,135,130,112
214,514,483,367,102,144,133,111
234,559,540,392,128,255,236,202
163,302,283,207,113,177,163,132
203,423,397,315,74,106,97,79
201,517,482,346,136,246,231,184
214,466,450,323,88,142,130,102
236,487,460,333,77,130,121,106
186,406,383,267,115,196,179,151
210,458,428,331,93,168,153,130
270,566,542,386,94,174,162,129
159,409,394,281,84,110,101,87
244,478,452,334,91,129,120,93
203,517,499,331,96,172,161,124
212,466,429,317,110,161,148,119
269,576,552,382,102,140,134,100
231,459,435,319,135,235,218,171
185,351,326,234,97,149,139,114
209,413,377,290,93,131,123,107
267,619,587,452,121,228,213,182
232,521,494,382,108,192,184,148
196,461,434,293,113,183,173,133
221,595,560,423,132,209,200,151
129,231,218,156,81,138,127,91
204,463,433,329,85,118,108,86
297,630,598,455,86,141,131,96
232,559,535,373,103,156,142,113
198,463,441,327,146,292,277,215
229,585,560,392,84,113,104,78
172,489,466,337,94,154,148,121
257,515,484,339,86,117,109,85
157,292,271,204,104,159,147,119
222,507,479,328,84,132,123,104
232,440,409,312,97,143,132,98
276,622,599,453,80,136,124,93
189,418,397,294,116,189,175,150
262,611,572,407,133,248,233,196
242,583,561,407,111,185,173,130
243,610,584,438,76,108,100,84
177,417,394,272,93,129,119,98
214,478,459,336,94,160,146,105
253,564,530,393,110,178,169,126
162,370,348,212,118,180,164,123
263,609,582,439,107,157,144,109
187,410,394,252,81,144,136,109
174,447,431,305,73,84,73,66
162,292,273,189,104,189,180,125
202,475,448,315,100,149,137,103
249,606,578,436,103,158,143,106
241,545,517,375,100,151,138,126
200,453,433,312,92,155,138,113
191,410,389,280,127,211,198,154
193,503,475,329,95,140,130,111
256,500,480,343,90,143,132,96
260,630,596,424,81,117,105,92
219,397,373,252,80,112,106,82
230,493,464,340,90,159,148,123
268,672,645,466,111,161,146,126
231,504,485,365,119,177,169,133
230,509,485,352,95,142,129,91
207,438,416,305,77,97,85,78
196,433,405,279,90,120,110,92
185,364,345,263,94,158,148,109
220,435,413,300,117,237,221,163
211,454,429,302,88,133,114,98
204,445,419,289,96,155,141,110
