149,140,112
86,80,61
230,214,166
218,205,148
123,114,84
148,137,97
103,95,79
147,131,106
169,155,126
166,155,120
206,200,151
207,195,149
278,259,219
188,176,138
187,176,143
186,168,151
252,236,177
116,101,83
213,198,163
225,217,160
161,149,120
207,190,154
225,218,154
162,153,133
196,175,138
273,261,199
159,149,121
184,174,135
213,198,170
194,177,149
285,270,192
324,308,224
184,177,144
229,220,174
156,144,126
256,239,186
136,126,111
137,125,105
271,259,201
201,187,141
174,160,125
149,133,96
252,241,182
123,113,84
192,179,141
143,137,106
162,150,120
173,162,143
149,131,103
234,219,161
241,229,186
202,188,153
154,145,126
203,190,161
230,216,155
154,146,114
164,154,115
177,170,124
144,139,100
145,136,102
300,279,221
297,277,220
227,215,178
225,212,166
226,208,173
202,181,128
173,166,117
311,295,218
214,203,154
160,147,116
141,132,111
145,134,107
114,105,88
199,191,152
143,132,108
160,152,105
209,201,158
211,198,154
259,243,181
136,128,107
251,235,171
104,90,74
177,167,123
195,184,136
244,229,178
226,216,166
197,184,138
181,171,132
250,234,171
214,201,149
138,124,96
172,159,129
179,162,125
158,146,116
132,116,94
298,273,216
121,112,92
216,203,150
172,155,118
226,213,156
195,185,138
198,186,153
191,175,146
185,172,124
198,179,138
206,186,137
173,159,121
231,212,179
229,212,170
166,159,126
254,231,166
199,189,143
122,110,82
173,167,116
200,186,149
215,204,166
228,219,169
305,278,211
133,124,100
190,177,139
137,124,100
211,197,145
169,154,117
182,168,130
63,55,42
241,231,189
161,149,119
218,206,143
159,146,104
190,176,130
161,147,112
203,191,147
199,189,138
178,167,139
137,127,101
156,147,119
204,192,149
154,145,100
214,205,153
205,189,152
157,148,116
146,129,108
236,222,163
144,129,113
159,150,105
139,124,101
201,190,132
199,186,132
232,214,151
120,113,91
182,167,134
224,210,158
219,206,149
163,151,131
149,135,112
102,82,73
195,181,145
140,127,109
346,332,251
271,258,208
190,184,136
183,174,131
248,231,181
177,165,129
290,276,197
114,106,77
157,147,113
209,204,158
204,190,161
238,228,167
221,218,175
198,188,149
225,214,177
156,145,123
206,190,146
274,265,178
242,227,182
188,179,129
115,104,83
224,213,162
192,182,137
167,159,123
155,143,110
217,196,159
135,125,95
187,180,119
193,185,139
269,249,163
259,243,195
275,262,194
256,243,176
248,229,177
151,139,109
190,176,144
162,151,120
288,274,203
218,197,155
239,223,164
123,113,88
279,268,196
258,245,208
182,164,127
185,174,131
276,258,184
260,245,188
133,119,101
210,197,144
110,100,75
221,208,155
256,239,179
141,126,105
161,148,119
295,278,212
257,244,199
194,179,138
141,132,106
175,159,120
209,189,157
183,169,137
133,125,92
171,159,101
167,161,110
205,196,144
185,177,138
154,142,111
119,110,84
200,187,140
261,248,198
140,127,99
227,216,171
137,119,102
184,171,129
180,167,137
241,226,172
120,110,92
145,130,101
216,205,154
211,200,167
200,190,153
208,197,170
209,192,144
299,283,232
285,268,196
177,170,133
206,194,150
299,284,228
165,152,117
263,245,196
189,175,138
188,176,143
214,206,153
157,149,116
135,128,93
176,166,120
123,108,102
205,195,140
285,270,198
206,198,124
179,172,131
268,247,172
155,141,125
229,214,153
191,181,125
127,118,93
265,248,174
192,176,146
135,124,95
209,198,146
200,184,149
172,155,138
148,137,105
221,203,149
184,170,146
201,188,147
127,110,101
187,175,139
242,229,162
150,139,110
205,194,154
163,156,129
214,197,160
165,159,121
232,217,152
171,163,130
165,154,116
86,81,72
232,215,152
236,218,173
178,170,129
161,151,118
165,149,111
191,179,132
199,190,129
149,132,109
159,148,120
188,178,136
88,79,70
152,141,100
168,149,124
170,154,125
168,155,116
269,252,179
228,207,161
238,222,171
226,213,176
288,271,207
163,155,123
221,203,166
174,163,123
151,138,126
158,150,123
178,162,133
101,93,76
125,114,83
124,115,97
115,106,85
152,145,115
194,181,141
210,197,138
237,222,163
129,119,95
98,85,79
208,195,157
166,154,128
234,224,148
246,233,168
137,131,101
328,313,246
226,205,159
164,152,128
254,235,168
223,211,154
125,115,85
195,179,136
163,153,121
263,251,187
201,191,147
144,135,119
110,99,77
146,133,107
122,111,97
166,157,116
183,169,123
142,133,92
266,253,195
217,204,172
203,190,132
139,129,102
274,265,191
199,191,139
231,215,150
246,232,173
251,234,170
126,116,107
186,166,131
197,181,135
139,125,106
272,249,205
189,182,137
176,166,116
142,129,101
150,137,107
241,227,166
235,213,162
245,233,174
254,240,183
162,152,113
331,309,251
185,172,149
180,170,124
195,174,145
202,180,143
198,184,134
175,159,136
172,162,130
161,153,120
138,126,101
183,170,134
198,190,128
262,242,180
203,193,139
200,189,142
187,172,144
106,94,87
164,150,117
182,176,134
230,218,143
269,250,183
162,148,121
174,158,130
226,212,153
203,189,147
170,163,118
247,236,181
170,158,117
210,199,157
292,278,221
248,237,171
202,189,159
166,154,118
129,118,94
198,179,133
280,266,206
157,150,113
197,185,129
147,141,105
121,108,102
176,162,120
211,199,159
194,178,150
201,181,138
123,112,93
192,181,128
168,156,117
149,141,100
202,190,135
181,169,139
206,196,156
230,215,161
159,149,120
196,187,142
181,163,125
228,221,160
172,160,119
168,160,113
143,127,94
277,260,186
169,155,120
245,232,154
223,211,160
154,140,118
236,218,154
177,155,125
159,150,105
113,106,84
134,120,95
174,161,124
246,229,176
159,154,115
170,160,135
157,137,109
187,176,137
215,203,158
162,147,124
176,163,138
199,187,155
111,107,83
146,138,105
229,217,179
159,151,130
215,205,153
212,195,148
173,160,139
195,182,122
246,234,185
181,165,134
167,152,107
278,262,190
120,108,85
204,188,143
225,206,149
163,151,120
157,148,115
183,173,129
233,210,162
254,242,182
195,184,146
173,160,124
232,216,168
166,151,115
240,229,165
182,161,130
89,83,67
236,217,163
161,150,110
214,201,158
202,191,150
144,136,94
140,130,105
215,193,157
158,147,115
123,108,87
132,118,104
269,255,180
194,181,130
185,178,132
164,156,123
262,245,204
283,262,185
197,182,156
217,202,141
237,218,162
202,194,158
166,149,112
238,221,190
132,111,103
156,150,110
175,162,132
145,133,108
126,116,87
242,228,165
168,157,106
167,158,125
136,126,99
136,129,106
210,196,144
143,132,110
285,274,207
208,195,138
174,167,142
137,127,100
192,177,136
208,194,136
216,203,151
226,211,152
156,146,109
188,174,132
209,199,153
182,173,133
172,161,131
241,222,150
172,155,125
202,192,157
182,164,128
96,80,82
234,223,173
192,176,151
167,155,116
312,290,239
169,151,125
180,167,136
218,200,162
212,198,141
194,189,142
258,244,181
206,188,152
176,166,125
357,344,247
171,154,128
196,184,137
196,182,145
157,150,112
173,155,131
157,139,112
148,140,107
204,191,141
198,185,143
125,106,95
244,231,160
200,186,146
154,145,117
252,231,178
174,162,125
243,232,164
144,135,99
235,217,152
215,206,153
178,163,131
194,180,132
162,152,101
175,162,124
246,233,170
172,159,125
188,179,124
143,130,109
158,150,118
140,132,97
117,107,86
149,137,111
188,179,133
209,198,152
223,205,159
188,173,150
256,241,184
176,156,126
203,191,149
149,144,113
226,217,159
157,143,128
279,255,196
227,216,158
197,186,135
165,153,120
225,219,158
170,161,124
280,266,185
257,242,182
195,184,131
93,85,67
292,273,199
170,162,128
133,121,111
177,164,131
167,155,108
169,152,113
273,259,178
136,120,93
176,162,127
201,185,148
297,277,205
193,180,130
179,165,126
203,189,141
151,142,110
166,154,116
349,328,248
241,223,160
227,213,163
140,133,100
154,143,105
229,218,168
197,182,136
208,185,144
248,231,189
238,226,188
146,138,115
290,277,200
194,177,131
193,175,131
198,193,151
143,128,96
206,187,156
166,156,118
233,224,158
239,218,184
133,128,92
258,248,185
239,221,179
195,181,136
162,143,109
207,196,147
203,186,142
230,211,169
166,157,118
163,149,118
148,135,114
205,196,142
236,225,171
169,158,127
202,188,140
262,245,181
197,183,124
161,150,122
146,136,101
196,186,145
95,89,66
137,120,103
201,187,138
177,166,136
168,157,121
209,192,141
173,160,131
194,186,128
217,205,155
155,148,111
275,254,202
158,150,123
194,188,132
178,159,129
146,126,107
175,158,144
208,194,153
149,139,111
190,181,145
210,204,145
174,159,128
137,131,98
211,204,152
117,111,101
114,100,83
234,216,152
195,183,150
137,126,105
178,173,127
171,163,123
170,159,115
171,160,132
156,148,117
164,153,122
143,130,109
197,182,129
209,193,149
210,193,158
190,181,118
179,169,106
190,179,139
213,200,140
213,201,149
200,187,154
234,214,167
276,263,189
170,163,124
295,282,226
183,171,137
248,232,164
137,126,97
153,144,109
163,154,125
184,175,134
177,170,126
228,217,165
165,154,112
139,126,99
188,171,118
166,146,131
137,127,102
167,154,119
234,223,170
116,110,92
149,132,105
231,216,149
271,257,209
114,105,90
159,149,109
154,137,117
202,197,138
201,191,146
225,205,142
164,153,114
152,142,102
124,118,89
245,225,181
149,135,120
196,183,127
195,183,139
190,180,139
203,188,144
132,124,104
124,110,94
237,223,178
216,201,151
136,128,115
240,227,171
195,183,134
188,179,138
166,154,112
253,237,171
152,143,111
170,159,117
232,220,160
189,175,147
236,220,178
274,255,202
194,179,136
182,168,135
167,150,126
166,149,113
326,310,250
155,145,120
146,134,113
173,164,133
200,183,145
177,165,125
189,173,141
150,138,93
225,209,156
159,152,112
113,100,89
177,166,132
159,144,116
181,169,108
193,183,132
128,122,97
149,139,114
261,243,177
189,176,130
242,223,153
234,209,170
134,125,102
232,212,169
136,126,100
238,219,160
219,203,157
203,188,135
197,184,142
194,189,149
183,169,117
229,214,162
173,162,126
269,261,192
295,279,219
225,210,170
130,117,89
197,179,122
179,162,130
263,247,190
140,130,108
124,115,86
257,248,189
194,183,154
167,155,124
175,158,129
180,162,122
149,136,113
99,93,70
240,224,183
163,151,109
179,168,130
283,267,206
156,135,113
274,256,215
178,167,118
242,231,177
233,222,182
192,184,120
232,217,156
233,222,162
183,173,123
178,169,135
161,147,108
240,225,165
183,169,131
229,217,157
200,188,154
129,114,96
174,161,125
231,221,168
284,267,217
130,116,99
153,139,121
151,137,124
121,113,92
278,264,214
236,226,178
171,159,124
230,217,174
268,251,202
195,182,154
220,202,178
194,181,141
204,192,143
126,117,104
199,190,159
213,202,143
236,225,185
123,108,95
211,200,146
112,107,74
146,133,116
207,193,152
174,161,127
198,186,141
164,153,112
242,231,179
183,173,136
207,192,157
182,166,121
207,190,142
274,258,193
145,134,104
122,112,86
133,121,104
198,185,141
167,158,124
183,171,117
257,236,184
172,155,128
198,190,149
182,172,131
139,131,105
138,130,99
219,207,160
258,248,185
149,139,119
226,214,149
201,184,127
171,162,115
149,141,111
216,203,154
276,256,202
198,180,137
144,136,118
116,108,85
203,195,143
237,225,170
157,148,100
254,244,186
158,147,115
243,226,182
165,152,118
113,102,85
211,199,157
222,204,143
186,172,130
152,131,111
233,213,172
292,279,208
270,259,189
208,199,145
222,208,173
226,207,153
171,155,125
225,214,174
159,149,93
160,145,120
148,139,107
257,242,187
224,212,162
183,165,128
210,187,158
225,213,167
166,156,126
196,190,158
240,230,173
181,174,130
225,208,164
180,169,125
200,187,151
193,185,134
267,257,190
201,190,140
325,307,243
159,143,109
141,132,102
173,168,123
242,228,165
180,169,125
225,208,162
207,198,148
135,119,87
208,196,150
182,170,134
110,104,78
163,150,125
162,144,109
192,179,134
191,184,145
149,142,112
151,137,108
243,235,180
134,122,90
143,134,97
164,145,118
186,173,130
252,240,162
203,189,150
241,225,179
224,209,156
196,186,143
114,97,78
187,166,128
239,233,170
204,191,149
249,238,196
167,157,118
166,155,123
132,120,103
211,199,151
303,284,213
208,189,151
148,138,105
149,141,114
99,90,77
167,149,123
215,202,154
103,94,78
218,199,161
250,238,183
172,159,120
238,224,149
176,168,132
128,118,107
198,185,154
138,133,99
162,151,115
172,162,128
156,139,108
150,138,104
171,157,117
157,142,116
256,242,198
261,233,174
211,196,152
247,236,186
139,126,96
160,150,123
246,231,179
132,119,87
132,122,82
169,156,123
241,221,162
183,172,137
191,182,123
142,131,103
260,239,184
198,189,137
213,196,157
196,186,138
254,240,170
168,154,123
107,99,85
113,105,82
277,262,176
203,193,149
205,195,141
234,220,179
135,131,101
174,161,131
170,159,133
186,171,144
214,195,149
192,176,148
162,150,121
182,169,135
162,154,126
275,260,202
118,110,86
195,183,143
222,210,149
155,145,112
272,251,189
210,196,144
247,228,164
221,208,168
218,209,159
150,137,108
197,182,136
210,196,146
125,112,79
171,157,130
90,81,62
194,179,125
250,243,178
200,183,144
274,252,186
122,109,85
216,207,163
190,183,145
228,211,150
141,131,104
214,204,162
191,179,147
165,156,124
288,270,197
141,135,109
124,118,95
231,218,161
261,245,177
92,83,62
158,150,121
121,108,86
151,140,114
130,114,103
133,126,107
122,107,87
166,157,121
151,136,105
151,142,110
116,108,79
326,313,249
203,189,145
162,145,105
234,226,182
119,109,73
232,218,165
151,142,123
243,232,159
151,141,118
220,207,153
199,187,144
167,154,122
217,201,162
241,227,170
197,183,157
266,253,184
160,147,110
253,238,175
128,116,99
124,111,91
206,191,147
150,139,113
149,134,104
174,161,134
235,223,166
179,172,142
134,126,101
194,183,140
176,163,130
201,186,144
210,202,155
169,161,118
191,181,136
120,111,88
221,209,155
148,141,105
147,138,104
224,209,155
217,203,147
218,202,159
158,147,128
112,102,82
227,217,166
183,172,124
194,187,154
144,132,114
200,187,143
167,148,121
266,245,166
164,147,121
216,196,159
183,173,130
233,218,161
261,251,175
179,168,128
205,198,147
224,211,164
218,208,157
188,180,137
131,119,102
170,160,120
85,79,62
194,186,117
159,145,106
170,156,115
194,182,140
179,168,115
201,192,143
119,113,95
280,267,200
157,141,118
172,158,131
137,131,106
238,227,193
211,198,167
189,176,127
205,194,147
175,156,122
134,125,101
135,125,106
209,199,163
179,169,127
236,227,162
168,156,114
228,215,174
139,129,103
139,131,105
200,189,144
218,206,166
295,286,201
205,195,146
193,183,140
213,199,151
141,129,93
132,115,98
213,204,159
209,194,148
232,219,179
232,221,164
176,164,133
239,232,191
164,154,116
195,182,140
185,177,138
237,222,172
254,241,166
132,127,94
208,190,150
132,125,93
190,176,138
211,190,146
178,171,134
202,188,152
187,167,134
179,168,129
173,162,119
286,266,183
133,125,96
174,165,127
118,107,92
264,251,174
164,153,114
236,223,150
188,181,133
180,170,135
237,223,158
283,260,205
182,167,132
144,134,105
276,257,192
281,271,217
154,148,130
168,157,117
159,149,119
250,230,192
285,272,180
123,109,94
200,185,125
169,156,132
188,180,145
228,210,163
208,195,153
247,232,178
238,224,171
292,278,201
142,132,96
135,124,89
271,249,187
123,106,83
206,198,156
119,104,89
196,178,138
138,124,106
140,132,104
216,201,153
183,169,116
88,76,65
144,136,108
156,149,112
231,217,176
135,130,112
221,206,152
77,70,61
136,126,95
282,275,204
187,172,132
154,143,121
112,103,77
230,213,171
158,150,125
218,202,164
164,154,120
199,184,149
121,103,98
254,243,191
186,169,145
301,289,224
190,175,130
215,198,154
149,132,99
228,207,140
178,166,129
220,209,140
164,149,118
191,175,134
167,155,113
281,264,185
176,156,138
223,215,151
176,159,119
179,164,134
180,160,118
167,154,128
260,242,183
159,143,112
250,240,165
196,185,136
234,218,156
130,124,99
200,187,148
178,163,137
129,116,104
261,250,166
339,318,252
188,177,126
240,232,164
157,144,109
246,229,182
127,116,103
155,142,113
152,140,106
286,269,223
224,207,142
257,243,173
161,152,114
123,115,87
207,197,157
169,155,115
138,130,96
279,263,206
187,171,123
231,212,168
155,145,110
194,180,119
199,188,138
257,244,186
190,177,140
234,219,172
210,199,156
248,235,178
205,186,141
193,185,132
312,298,227
216,204,152
188,176,130
161,151,124
293,279,225
145,134,101
212,200,148
162,154,114
137,125,107
197,182,131
277,261,208
148,135,121
146,138,118
225,213,154
236,223,165
139,129,107
245,233,169
260,245,158
239,227,159
197,185,138
276,265,208
222,205,171
110,102,78
277,263,211
200,187,130
233,223,171
223,208,155
256,245,174
216,204,160
185,173,128
170,158,127
206,194,141
199,180,153
161,147,114
209,203,150
161,152,116
146,137,100
170,163,126
329,311,230
204,191,146
196,187,139
200,186,154
204,186,145
234,221,158
177,167,123
180,172,145
170,159,131
157,144,110
254,241,172
162,150,127
138,130,108
164,157,119
206,186,147
166,153,135
283,263,203
260,245,204
166,148,117
168,156,134
193,184,154
262,244,176
198,189,156
180,168,140
230,221,159
160,143,111
151,140,94
224,215,157
223,213,158
145,133,108
101,95,74
246,238,193
185,173,111
238,222,174
237,221,162
193,188,119
193,180,143
127,119,91
150,140,107
185,172,133
230,216,177
250,236,169
205,194,159
193,178,137
191,184,141
207,197,146
170,156,112
167,158,127
177,166,123
234,219,169
221,206,162
169,153,136
174,166,118
191,179,147
228,213,156
181,172,139
127,114,100
193,181,148
200,184,134
199,187,144
221,203,153
153,144,113
217,202,162
139,129,94
193,180,130
193,184,148
112,102,90
175,165,125
213,200,145
181,163,120
206,194,159
231,218,166
115,106,92
158,149,124
188,170,134
231,222,185
146,129,115
242,226,172
195,183,130
191,175,138
168,166,125
182,169,133
193,181,130
212,200,141
206,191,158
131,120,100
255,244,194
111,99,78
139,121,100
215,202,161
195,186,140
186,173,127
247,234,178
152,143,110
229,218,161
105,96,78
186,174,118
192,181,141
148,134,101
206,196,160
238,223,179
189,181,142
152,143,120
164,144,107
198,185,139
166,157,127
227,210,171
238,224,169
146,131,107
200,186,142
226,209,174
173,163,127
242,227,179
173,163,125
129,115,85
207,196,141
260,245,191
124,114,93
161,147,110
240,226,165
135,126,97
250,232,174
162,158,128
114,101,77
241,230,159
176,163,132
160,152,119
227,211,158
201,192,156
187,176,141
156,149,118
187,179,131
199,189,139
317,299,212
189,177,134
217,206,164
170,158,130
178,163,135
184,170,132
153,141,102
133,125,97
183,175,125
255,238,180
196,192,158
196,182,140
161,148,118
192,182,133
212,200,163
123,110,93
135,127,91
229,209,159
204,188,149
196,179,141
188,178,124
157,142,95
250,235,202
221,201,141
155,151,102
135,125,99
203,190,149
122,111,89
168,159,121
113,103,87
150,138,98
220,203,152
159,148,119
254,244,187
191,178,132
344,325,250
193,181,124
187,176,132
193,186,137
335,318,246
275,261,206
254,231,171
185,174,129
224,210,164
253,235,174
214,194,157
170,157,125
213,200,161
269,260,191
219,209,176
265,253,189
214,197,154
205,195,146
139,124,105
194,181,127
192,184,133
241,224,185
226,220,167
138,129,102
209,195,160
108,95,81
124,114,93
156,149,110
207,198,159
156,151,111
178,165,136
264,245,194
227,216,174
137,125,109
200,183,148
155,146,126
91,81,67
124,114,84
182,173,142
211,200,144
212,196,134
193,180,131
202,185,124
161,148,117
128,120,97
195,181,120
199,187,138
202,189,150
154,147,99
248,236,178
202,186,153
241,224,162
162,153,120
171,159,116
187,170,139
127,115,99
231,214,170
245,227,165
322,304,227
163,152,116
172,158,119
206,200,147
121,112,93
153,141,111
166,159,110
158,152,119
197,188,144
204,196,156
205,195,134
153,140,124
197,183,146
202,192,149
238,221,178
263,244,166
206,189,129
153,145,120
171,161,120
164,153,117
254,231,171
158,149,116
174,165,114
184,163,135
170,159,128
84,76,62
224,205,172
257,241,175
138,125,98
181,166,120
240,230,197
228,221,171
212,198,153
165,154,126
190,180,126
208,192,156
184,172,133
217,204,157
269,251,194
229,219,167
174,160,125
225,205,166
211,198,139
160,144,111
123,119,94
155,147,108
239,228,155
231,215,162
117,108,92
176,164,123
261,248,186
169,152,111
190,179,142
187,177,131
228,213,168
189,174,136
129,122,77
214,199,154
206,192,142
231,214,177
187,175,140
218,204,147
141,133,105
180,167,136
210,200,153
222,205,164
130,119,92
176,164,118
219,210,154
179,166,129
181,163,132
160,147,111
195,184,134
167,153,116
178,169,134
198,180,146
130,122,102
185,174,140
177,160,134
207,200,145
157,143,107
210,198,146
184,169,123
189,177,137
147,135,106
233,217,166
199,180,137
104,99,80
303,286,201
173,166,128
160,144,112
101,88,71
266,254,199
167,154,118
203,185,132
231,212,172
206,190,148
184,177,136
166,157,131
137,124,97
247,239,166
185,175,125
121,114,83
215,208,164
355,335,241
284,270,200
231,221,176
317,300,216
111,100,84
289,272,210
150,135,106
182,169,131
221,205,151
229,209,178
204,191,158
198,182,134
91,88,68
113,105,81
298,277,215
173,164,123
224,207,164
236,219,158
140,127,94
270,251,198
175,166,141
139,133,100
243,230,170
181,169,134
220,202,153
119,104,90
269,249,182
153,139,109
214,199,169
166,154,125
169,154,124
165,149,113
223,213,169
190,176,137
166,157,125
190,181,151
208,191,138
214,200,151
149,143,110
207,191,141
152,137,102
185,169,126
179,161,131
206,191,156
158,153,117
170,162,124
162,144,115
167,157,125
211,198,151
160,151,119
129,116,101
141,135,101
242,229,183
243,225,172
177,156,128
190,180,131
118,105,96
235,218,176
101,95,82
144,136,109
248,232,184
147,137,106
181,167,137
290,283,209
193,173,139
147,135,109
173,164,127
323,306,235
241,228,170
161,154,117
244,231,178
191,180,141
112,104,90
236,218,158
155,146,115
233,223,174
217,203,166
179,167,122
173,163,123
153,139,116
195,184,149
194,185,126
172,158,122
225,207,159
176,166,129
133,121,91
111,101,77
216,201,163
224,211,148
204,186,137
181,170,126
139,121,95
226,210,156
140,127,87
272,257,194
170,158,115
204,192,155
183,177,143
148,144,109
197,184,137
201,188,132
173,165,112
151,143,109
247,232,181
324,306,208
225,217,165
145,135,108
198,184,138
140,131,103
149,135,115
194,180,139
148,140,104
135,120,88
215,203,139
145,131,98
196,184,151
137,129,103
230,220,173
158,148,115
186,168,134
283,261,194
269,252,195
165,146,118
152,141,108
215,199,146
237,213,178
114,110,81
114,109,86
165,147,131
153,138,116
135,130,92
175,162,121
145,135,101
186,173,112
253,238,167
138,121,106
160,146,113
121,112,86
187,177,136
119,112,88
192,184,132
161,151,123
266,250,194
142,132,102
148,137,112
213,195,135
215,200,156
133,124,90
224,212,147
222,210,158
174,160,128
197,184,145
161,150,107
155,144,122
199,188,131
187,173,131
202,186,143
127,118,95
136,126,102
253,242,164
225,202,162
166,157,129
163,148,114
244,239,154
143,132,104
160,149,128
165,155,120
145,131,113
161,151,120
226,211,161
240,226,166
202,194,159
227,209,166
201,188,128
214,191,158
118,105,98
164,156,117
117,109,91
150,136,105
231,222,165
244,224,176
217,203,153
165,153,114
283,268,201
256,235,182
244,227,169
151,139,108
282,266,190
168,154,122
162,147,121
156,146,116
247,233,198
191,184,134
236,225,174
98,86,78
164,152,122
252,231,175
210,196,157
161,147,101
182,174,138
164,156,104
193,179,130
188,179,147
216,211,146
222,217,166
171,163,109
249,236,181
249,230,188
211,202,164
214,200,137
178,166,127
138,125,104
153,144,111
94,83,68
277,256,198
173,164,128
195,186,145
276,253,186
218,198,145
153,138,123
257,240,176
185,168,136
170,159,117
183,165,127
205,186,149
135,125,98
198,186,141
173,163,119
168,161,118
167,154,119
171,157,134
230,220,162
147,133,117
311,303,213
173,162,131
187,175,144
178,171,125
137,127,102
174,162,116
186,173,128
202,190,150
172,159,130
221,205,148
155,144,116
180,169,133
260,251,179
179,163,140
166,156,135
136,123,87
188,173,130
125,113,90
152,142,108
181,171,132
180,166,124
198,187,151
226,213,174
200,184,142
123,111,97
206,188,129
232,217,161
188,173,126
176,170,125
115,103,88
209,192,154
174,156,137
263,252,192
208,194,144
144,127,108
124,118,88
195,182,144
141,131,110
203,180,146
153,143,113
213,202,151
196,180,144
178,164,119
205,193,158
184,176,129
171,158,128
231,219,170
196,188,139
125,116,97
177,168,114
167,160,128
134,118,104
120,108,82
210,195,151
158,149,113
211,203,140
159,147,119
223,208,159
187,173,140
190,179,149
205,199,133
236,218,184
122,106,96
119,111,87
171,159,112
84,80,69
206,191,145
273,254,192
189,173,136
166,153,122
170,157,124
91,79,73
127,121,105
169,154,112
197,185,163
172,161,112
160,147,120
172,155,125
93,89,70
122,115,88
148,134,98
287,264,219
269,255,202
206,188,146
161,151,115
235,218,177
259,241,186
150,136,108
192,176,148
231,219,153
254,241,177
265,253,174
270,252,187
158,148,96
179,165,120
161,147,118
173,157,124
231,216,162
194,181,131
154,142,113
174,159,121
148,131,94
103,91,84
180,165,135
248,232,171
132,119,100
126,118,90
224,211,163
155,143,119
161,151,117
102,93,73
141,137,103
194,184,147
224,207,160
203,186,145
224,214,159
193,178,125
235,214,167
196,183,148
147,138,111
259,242,186
162,152,111
163,147,127
215,201,165
177,164,134
300,283,213
211,199,150
217,206,161
265,248,195
100,92,80
158,144,123
233,217,169
203,185,156
126,113,90
264,247,172
211,200,153
142,134,99
169,162,121
145,141,105
261,248,185
244,225,176
205,193,139
169,157,116
205,191,144
253,246,177
160,148,112
162,155,123
170,159,115
194,175,148
181,166,132
175,166,135
77,72,53
151,135,109
208,201,148
106,92,70
165,154,109
190,171,153
129,117,90
172,164,132
169,156,120
160,148,124
254,237,186
151,139,113
255,232,175
198,180,138
253,234,173
164,154,121
190,179,136
216,204,150
131,124,95
142,130,100
220,206,151
189,171,132
160,148,123
242,229,167
239,219,153
155,141,105
205,186,140
276,260,205
211,196,155
152,143,110
239,225,169
175,159,122
255,241,174
119,110,82
182,175,130
168,158,117
233,216,172
228,210,167
193,182,137
231,219,173
180,166,141
190,177,136
164,148,109
154,144,118
213,203,149
290,269,232
197,188,147
280,262,202
181,170,115
213,206,138
144,135,105
152,140,107
133,125,93
175,158,143
220,209,151
212,199,156
149,133,109
223,210,163
170,160,138
188,175,136
286,268,215
157,141,110
266,251,183
149,143,109
175,157,110
210,200,150
309,295,240
212,196,154
198,187,142
160,150,113
136,123,104
147,134,97
223,205,151
199,190,153
184,171,129
190,178,145
179,170,124
242,223,164
160,146,123
155,142,118
215,208,150
226,212,152
143,129,108
179,168,123
210,197,149
227,213,168
107,90,80
164,146,111
197,187,146
158,148,109
227,213,153
202,188,153
169,156,127
241,230,172
203,188,149
145,134,102
128,118,100
193,183,140
186,172,134
128,117,98
235,218,158
108,102,86
142,130,96
185,176,128
215,203,150
214,196,162
171,156,119
143,132,100
226,206,157
172,162,102
325,312,250
155,147,115
183,172,137
240,224,165
215,206,151
190,174,145
265,241,179
230,218,145
185,174,117
182,173,124
137,131,92
173,160,123
182,170,127
218,198,160
218,212,146
123,114,89
272,259,194
175,168,121
222,210,151
264,258,198
157,146,125
262,244,193
234,223,183
198,188,139
260,244,174
153,144,109
121,111,95
184,170,140
225,211,168
128,120,91
234,222,159
255,240,192
99,89,73
185,172,141
221,206,152
223,212,160
130,120,95
231,215,145
212,196,145
278,255,195
178,168,123
227,206,164
312,290,220
230,206,156
174,165,130
215,200,149
360,341,276
254,240,190
171,154,128
254,242,176
87,76,70
191,175,147
235,223,169
136,129,97
163,152,115
194,182,139
165,150,124
130,116,94
146,134,97
174,163,123
210,196,142
153,142,100
199,188,142
240,215,165
225,219,170
281,269,206
232,223,167
194,183,131
200,189,135
198,186,140
242,227,183
271,245,188
250,229,179
152,142,114
192,179,138
241,231,158
206,184,134
192,179,139
246,224,169
183,174,132
341,324,242
213,199,153
227,213,147
147,138,105
185,171,119
146,134,116
237,229,171
261,246,167
132,123,91
140,129,100
208,200,156
128,116,93
205,187,149
161,157,116
192,178,137
129,115,92
151,138,126
178,162,110
318,299,206
220,204,170
187,169,125
256,243,205
138,130,107
180,167,133
132,121,100
185,176,138
122,114,85
235,226,162
295,282,215
114,107,92
252,237,185
230,214,163
151,142,123
198,181,145
258,239,175
108,91,85
188,178,131
134,124,91
225,212,162
176,164,121
200,188,155
150,141,108
233,212,174
163,151,116
176,169,122
180,168,120
164,158,109
302,287,219
179,165,119
155,145,107
197,192,147
214,200,149
242,221,180
159,152,115
228,215,171
196,189,139
201,188,155
201,193,147
184,170,134
178,170,122
279,263,207
216,201,147
132,128,99
191,180,146
307,296,220
243,230,174
187,177,129
168,160,120
100,90,66
165,153,126
277,258,221
194,186,144
144,133,103
169,160,125
199,179,153
191,175,129
134,124,95
206,189,161
129,123,88
145,135,97
237,212,174
174,165,130
112,105,84
226,212,158
132,128,108
112,107,75
191,181,140
196,177,153
116,105,96
160,151,115
129,124,100
230,213,171
166,149,111
170,152,125
226,209,167
202,189,130
176,167,125
124,121,89
151,139,110
186,176,130
161,149,115
152,143,117
272,262,204
188,167,134
155,146,119
230,217,167
190,183,127
162,152,124
254,236,182
227,215,154
207,193,156
176,164,129
194,181,138
220,201,160
244,232,180
253,237,186
212,190,140
174,161,131
140,128,95
135,127,92
182,169,134
222,214,176
217,206,163
169,153,120
184,172,127
179,165,127
214,201,162
197,184,139
247,227,182
138,128,103
218,203,159
192,182,130
242,226,184
166,156,129
194,178,148
259,242,186
126,119,93
202,192,149
156,140,119
235,221,160
200,183,155
216,200,148
197,185,133
144,132,99
211,198,138
173,167,116
202,189,144
205,188,136
240,225,162
276,262,229
208,197,141
128,118,87
116,103,83
168,155,122
162,149,122
174,161,147
156,142,115
203,183,138
179,168,125
130,119,96
179,164,128
227,214,163
107,91,83
122,112,93
140,126,110
201,193,132
202,187,158
254,239,192
172,160,118
189,177,132
284,266,175
197,180,135
263,244,201
171,161,119
163,153,118
262,243,184
156,150,122
198,188,147
183,172,131
123,112,94
106,93,79
152,141,94
273,255,182
183,164,126
216,202,146
98,91,79
135,128,101
196,179,136
191,182,134
132,124,94
266,250,190
228,213,149
159,145,127
176,162,129
224,218,167
139,126,99
191,179,133
221,208,157
230,213,160
141,132,111
212,194,148
209,192,145
233,214,173
224,210,162
178,162,135
232,217,172
266,247,193
270,255,183
212,195,154
153,147,117
294,283,214
208,199,138
212,203,157
173,157,133
178,165,135
139,128,93
204,188,135
209,193,150
285,267,196
226,211,164
179,168,116
178,164,133
185,171,124
170,153,122
156,147,117
199,187,131
131,118,88
173,162,137
224,209,151
261,246,159
159,145,118
173,164,118
270,243,185
231,212,164
134,122,102
155,143,105
195,183,147
166,154,117
232,221,162
173,158,138
214,197,150
208,192,158
104,98,72
232,217,147
188,166,132
193,181,139
198,183,137
221,209,171
159,140,113
214,199,137
132,121,100
221,206,139
244,230,165
144,130,104
231,217,172
173,165,119
213,192,140
192,182,146
157,147,110
175,165,130
122,111,93
180,159,123
244,226,176
199,185,153
167,158,132
232,218,164
194,183,132
151,146,110
176,165,116
152,135,100
273,252,180
179,169,131
172,156,141
207,193,134
250,241,160
155,136,116
309,291,199
175,165,122
276,264,204
120,109,92
132,127,102
181,167,128
212,204,156
257,248,176
235,219,169
188,181,149
201,188,152
297,285,215
108,96,82
252,242,171
240,227,165
217,206,146
223,210,161
173,164,122
181,170,127
237,222,167
237,229,179
215,202,160
122,113,91
89,78,66
210,196,146
152,140,114
189,181,135
169,157,131
234,218,163
182,171,125
147,136,98
214,197,134
223,205,166
232,218,178
237,229,176
173,161,139
260,242,177
149,137,113
203,185,134
225,205,167
113,105,96
135,124,94
136,125,99
183,167,134
156,143,119
304,287,219
163,158,120
146,136,100
195,182,136
212,198,160
121,115,97
105,94,79
256,246,191
187,177,125
197,180,133
237,223,159
196,184,133
126,113,94
200,187,164
203,193,151
182,173,120
70,64,57
284,271,203
206,194,138
172,156,126
197,179,139
303,285,211
213,200,156
194,184,150
214,206,152
201,183,137
168,154,120
235,222,167
226,216,154
223,204,161
162,153,123
233,223,158
106,92,76
206,196,154
240,226,179
249,233,169
174,165,122
91,85,66
180,170,127
149,138,110
253,234,184
208,190,155
208,198,157
170,155,131
192,181,140
225,212,160
251,236,189
172,161,129
131,117,102
176,156,116
206,190,144
199,188,141
112,108,90
163,157,123
103,94,90
237,223,171
149,141,117
190,175,138
172,168,140
200,186,136
201,182,146
193,182,150
153,145,106
243,231,157
131,126,94
259,238,183
246,228,185
180,171,116
158,147,113
274,258,221
171,157,115
146,137,98
240,228,164
163,149,128
185,169,144
184,175,144
283,271,202
145,137,113
199,182,130
144,136,118
164,152,97
90,83,73
159,149,102
180,166,142
209,194,143
156,147,124
240,227,181
194,182,144
152,143,115
160,151,115
166,152,130
163,150,115
243,232,170
229,213,163
219,200,168
156,138,113
192,181,148
275,264,200
183,170,129
144,134,106
145,136,98
213,196,161
223,210,176
312,296,235
233,219,174
154,142,113
286,258,195
201,191,139
263,248,184
265,252,186
247,222,175
279,264,185
274,253,199
264,248,183
192,186,112
219,198,171
260,243,183
214,208,146
188,178,141
129,118,95
219,206,161
237,219,168
182,166,114
268,253,181
159,145,113
158,149,114
172,164,121
213,198,146
194,182,140
157,144,110
273,258,188
197,184,143
228,219,147
151,138,114
161,146,98
189,181,148
210,187,140
163,147,116
181,170,133
151,141,118
232,220,169
186,175,140
164,154,117
202,188,138
155,143,122
150,135,98
202,192,153
151,137,108
159,147,115
115,107,84
129,121,91
133,125,88
197,184,127
133,120,93
236,217,151
150,142,114
273,263,217
317,292,216
153,144,118
181,165,117
259,243,200
185,175,139
161,148,106
166,154,129
169,154,118
187,169,137
132,125,96
131,124,100
153,140,113
176,165,124
150,133,115
285,267,201
235,220,178
166,160,121
193,179,140
182,173,130
206,190,152
267,248,185
188,174,140
252,231,196
113,102,90
272,260,200
226,206,168
203,190,158
216,203,171
223,209,157
187,179,138
202,193,150
167,151,114
114,100,94
211,198,150
153,142,101
242,227,178
161,148,124
215,202,137
171,156,117
118,109,87
220,213,162
168,153,134
161,149,120
199,186,150
229,211,169
281,255,198
232,222,136
154,145,117
183,177,136
197,175,136
249,229,172
178,163,119
144,131,113
207,186,147
138,125,92
131,123,98
159,148,128
144,135,100
184,171,145
198,182,142
197,189,128
174,159,136
170,157,122
169,153,113
234,211,161
236,224,164
200,187,146
219,209,156
126,114,78
140,121,95
260,243,173
217,205,158
277,257,194
198,182,123
201,181,142
190,176,140
235,224,181
287,271,210
236,218,170
182,164,133
93,83,65
185,174,131
211,197,134
217,209,156
227,213,185
253,231,185
249,230,173
235,221,162
169,158,122
130,116,92
255,237,176
205,188,160
209,194,155
210,195,156
174,160,118
197,184,127
158,146,110
214,197,160
176,157,127
144,130,99
275,253,210
149,142,109
162,155,113
287,267,185
195,183,139
175,164,114
259,252,186
251,232,187
211,198,161
216,198,178
152,138,105
163,155,127
141,128,95
152,143,118
123,110,96
206,199,152
151,134,111
241,230,159
148,134,117
141,127,107
163,150,121
195,179,142
206,190,153
106,98,85
190,178,144
244,231,181
140,124,101
157,147,120
136,132,102
171,153,138
210,196,156
189,177,133
177,170,126
224,212,155
200,189,152
238,224,179
111,103,91
202,188,141
214,201,158
182,170,130
195,185,145
134,123,97
234,224,172
163,153,118
139,134,98
230,215,176
176,166,130
263,244,178
173,163,123
147,141,105
169,155,122
192,182,137
223,216,163
206,198,141
161,145,108
172,160,125
187,174,143
195,183,139
152,141,121
240,227,164
256,240,194
221,209,156
181,173,131
120,103,86
192,183,131
158,146,116
215,204,154
175,161,124
120,112,84
265,248,179
163,152,118
134,128,104
130,119,99
133,122,96
189,179,136
174,158,135
131,121,98
222,210,159
206,194,146
214,196,139
326,308,247
157,147,112
133,124,97
219,207,165
130,117,90
183,174,136
142,131,111
141,130,97
265,255,185
200,188,141
166,157,123
240,228,180
194,181,140
211,201,153
176,167,111
123,112,101
103,94,76
224,208,159
272,257,184
204,194,132
276,258,211
203,189,144
374,357,287
174,167,127
161,150,115
151,139,102
228,214,152
224,211,154
210,196,165
346,326,249
205,196,164
133,121,104
225,218,168
200,187,143
206,193,169
120,111,87
188,177,130
266,250,196
191,182,133
177,168,128
210,196,151
228,221,168
174,165,124
174,165,131
196,181,150
237,222,174
150,142,117
196,184,138
243,226,169
200,185,131
204,200,142
184,165,134
154,142,132
193,180,137
120,106,96
140,130,87
120,113,79
239,222,174
128,118,98
198,189,152
209,199,139
232,217,177
321,302,222
253,233,186
226,213,158
267,254,192
204,193,162
238,224,159
240,227,179
221,208,160
158,146,107
173,157,135
184,168,121
130,123,90
156,145,114
200,188,128
180,171,123
194,180,149
201,187,140
210,198,169
208,193,137
169,159,118
247,230,167
190,178,124
163,146,98
189,173,136
200,189,155
180,164,127
249,232,178
199,184,146
214,203,151
240,224,183
129,116,102
129,124,86
210,195,160
272,257,182
201,185,159
180,172,126
207,195,160
253,237,186
130,119,100
211,194,138
206,198,147
182,167,137
201,185,140
145,132,108
197,182,139
204,196,164
222,211,172
171,159,128
171,155,127
149,139,101
127,113,87
159,144,103
150,139,101
229,218,167
255,236,174
101,88,73
223,209,148
219,212,176
213,196,153
238,227,159
172,161,127
152,146,116
111,103,85
213,196,136
192,181,151
208,195,137
183,173,132
155,146,118
232,220,156
245,229,158
173,157,131
121,109,91
159,144,125
181,166,113
207,194,135
175,168,114
163,148,120
153,140,113
201,182,135
217,206,155
303,282,194
135,125,101
184,172,136
171,159,115
154,143,102
179,163,120
209,194,154
337,323,234
277,263,210
199,187,150
219,206,161
173,160,130
182,173,137
218,207,145
173,157,128
120,113,87
213,199,141
174,163,122
199,187,131
279,261,206
163,152,114
153,139,116
182,173,123
158,145,114
120,117,89
226,211,147
239,224,166
97,90,71
152,145,109
232,218,161
235,224,145
127,118,98
183,169,129
160,149,123
166,149,134
187,173,136
197,182,137
238,229,183
191,181,152
189,178,129
213,197,153
154,144,104
173,158,133
210,190,141
144,138,100
169,162,125
127,117,90
181,170,129
187,176,142
206,188,134
225,207,172
200,184,155
175,167,138
226,211,168
322,309,217
150,138,115
84,79,63
174,163,128
186,171,128
159,144,115
134,127,98
216,200,146
228,212,167
208,191,142
262,244,206
182,170,137
250,234,167
146,141,109
215,201,168
183,175,130
199,190,130
199,186,132
200,187,132
230,220,174
306,291,234
204,190,151
156,142,117
174,164,135
174,159,125
167,153,125
241,228,164
216,203,155
199,186,136
188,166,125
148,137,105
153,142,116
168,154,119
240,229,175
124,111,86
196,184,135
127,118,86
130,118,95
234,218,150
145,141,109
254,241,186
248,230,178
213,199,146
180,166,126
207,192,140
242,225,140
159,144,116
142,127,101
178,166,147
200,184,142
171,161,122
257,243,176
132,128,105
205,185,148
261,246,180
162,150,123
178,166,128
179,165,138
161,152,114
226,217,169
251,241,183
201,189,137
122,112,91
279,265,189
151,141,107
182,172,127
114,108,80
113,107,83
150,142,108
96,88,73
183,172,137
101,92,72
225,208,166
208,192,152
181,167,116
259,241,187
115,104,90
362,334,266
219,209,169
199,183,155
211,195,148
233,222,178
244,231,175
195,183,140
178,168,125
225,205,141
230,216,169
207,187,140
244,234,188
213,204,156
175,161,137
220,209,158
227,213,171
178,164,130
207,196,156
274,260,207
197,187,138
106,91,77
114,102,88
136,124,109
196,178,133
189,173,128
188,173,124
221,210,153
134,126,106
248,236,174
238,221,152
179,168,128
139,126,106
154,142,119
215,205,154
141,133,97
144,138,100
164,153,128
219,206,152
207,193,149
131,119,89
169,156,122
175,165,131
174,154,118
82,75,56
252,237,163
230,214,154
179,173,125
194,184,125
175,166,123
177,170,123
194,179,150
203,191,143
196,180,136
162,154,106
140,130,94
132,120,93
243,228,158
283,266,221
116,103,79
200,192,139
141,133,105
171,157,122
196,178,143
194,179,153
265,244,200
125,114,96
249,229,167
161,143,115
189,180,139
164,157,116
338,323,227
125,112,92
201,187,140
223,201,162
191,177,136
162,154,111
185,174,147
166,150,125
191,182,132
245,226,182
177,161,132
271,257,190
173,162,132
238,230,166
241,219,171
228,212,160
186,171,133
188,183,137
125,120,84
161,152,122
240,231,172
220,207,157
154,140,116
230,215,171
141,128,103
136,129,106
195,183,145
201,189,153
142,129,105
254,235,189
137,129,98
285,267,200
156,143,107
98,89,78
181,167,140
196,186,150
135,128,101
318,295,223
217,208,156
110,102,82
260,244,165
239,225,173
182,166,117
166,158,115
210,193,155
178,166,122
271,252,190
189,182,122
317,298,221
197,187,144
171,162,121
177,169,128
190,176,133
248,225,177
149,140,114
189,178,139
232,220,184
194,182,136
146,139,105
157,143,108
249,232,193
238,224,178
160,145,121
218,201,154
191,178,142
152,142,121
241,223,159
191,182,146
100,88,72
146,139,108
222,207,160
221,212,162
207,192,146
244,232,175
239,218,143
168,162,118
213,193,146
159,148,104
152,138,97
223,211,158
231,219,167
157,145,113
168,159,116
148,140,114
241,229,189
199,184,157
295,279,197
145,141,99
82,72,68
188,172,144
133,123,105
147,138,107
188,179,142
146,141,117
121,111,93
182,168,138
212,195,164
211,199,140
242,226,166
269,252,199
240,220,180
149,147,113
210,198,149
196,182,140
207,197,156
135,130,96
191,178,128
184,172,134
222,202,161
217,197,162
147,131,102
297,280,214
94,82,78
181,167,131
167,154,127
257,245,170
239,222,167
235,223,156
248,229,185
190,180,134
198,186,143
243,234,188
243,229,169
263,248,177
166,165,104
111,102,88
162,150,117
287,268,202
171,158,127
165,153,118
197,184,149
152,142,114
174,162,136
224,208,156
134,126,89
249,237,176
101,96,68
143,134,109
297,283,220
181,163,132
236,223,171
160,149,118
177,167,129
263,249,179
156,146,102
192,176,139
148,144,111
230,219,173
206,186,155
158,146,100
209,198,155
114,105,83
144,137,102
210,195,140
54,51,44
180,172,137
201,191,139
144,132,105
285,266,192
291,269,215
133,122,97
231,213,172
196,183,154
210,196,147
192,178,146
227,205,177
220,210,146
274,262,200
166,158,119
247,239,175
165,148,114
201,185,132
144,131,109
221,212,156
201,185,139
295,281,223
291,273,194
99,90,74
205,196,139
135,125,98
281,259,203
145,136,102
159,147,107
201,185,136
173,166,116
172,161,127
203,192,153
180,163,119
264,242,162
141,129,98
181,169,132
181,167,131
158,145,112
170,157,131
208,197,133
154,140,117
201,193,128
277,264,193
142,132,93
216,203,152
209,194,156
158,145,109
273,246,201
243,231,179
186,174,133
186,177,138
105,92,84
246,225,173
233,219,165
220,205,163
254,235,177
223,213,173
201,191,141
206,195,134
168,160,122
232,216,172
214,202,163
171,165,122
127,118,98
179,170,121
202,195,155
154,143,104
174,162,122
266,251,179
232,220,158
144,133,95
206,190,152
184,170,137
252,240,189
195,180,133
189,178,141
311,293,211
105,99,70
167,159,120
180,165,113
117,107,83
139,131,110
194,176,131
196,183,142
147,135,97
184,174,131
153,140,101
215,205,152
170,159,113
175,158,119
179,164,137
249,229,176
172,158,122
192,184,138
175,158,120
246,225,180
148,132,108
237,226,170
281,263,196
194,180,137
183,167,140
115,102,87
175,161,119
238,224,166
249,232,184
187,176,141
237,223,164
182,172,123
206,194,149
187,176,122
140,126,104
163,153,131
285,266,221
245,229,170
116,101,86
156,141,118
149,135,106
153,139,115
167,151,123
156,145,113
282,270,206
244,225,185
120,113,86
247,238,175
132,123,99
238,223,155
154,147,121
210,193,150
192,180,146
150,140,91
244,230,186
151,142,103
137,128,104
197,177,141
165,156,131
158,148,113
327,308,225
183,168,135
152,138,110
189,174,137
283,273,192
161,147,123
148,143,112
102,93,80
187,169,131
222,211,168
183,175,131
241,222,174
147,138,127
147,143,108
197,189,139
237,225,169
172,162,131
220,211,140
148,135,108
134,123,100
176,164,131
212,200,160
250,230,195
245,231,174
153,145,109
163,151,111
234,221,174
287,267,202
146,133,105
176,165,122
254,236,149
155,147,107
197,183,140
206,192,144
130,122,95
163,148,112
219,206,163
214,196,155
209,199,142
193,175,134
146,137,111
225,216,170
183,174,129
261,250,194
142,127,100
258,247,181
155,144,108
211,202,153
211,193,143
147,131,110
165,149,121
199,189,155
297,281,207
92,88,65
151,139,110
167,156,117
149,143,110
150,138,110
200,185,147
244,229,177
352,329,263
209,198,150
269,257,191
175,160,114
217,207,169
190,179,144
225,205,155
185,174,129
224,215,163
134,127,103
178,163,125
165,151,124
134,122,102
173,162,115
223,211,158
206,199,150
183,163,132
157,145,105
220,208,161
226,212,152
137,118,92
179,167,135
104,96,77
180,165,133
142,130,104
316,292,222
174,157,110
95,88,73
155,145,118
160,148,116
200,190,145
123,112,97
281,261,205
152,138,107
292,277,215
257,234,163
211,197,164
170,152,110
186,168,138
248,232,187
198,184,154
154,146,111
229,207,160
202,187,141
110,107,74
177,165,130
152,143,104
188,171,146
194,180,145
149,140,103
148,137,109
211,198,134
168,156,130
171,152,125
130,123,89
178,162,128
235,224,189
165,155,125
211,201,146
166,156,113
221,210,143
161,151,117
211,199,172
237,222,168
203,190,145
174,163,136
208,193,159
258,249,190
186,177,133
157,149,124
205,193,155
200,181,141
242,233,178
170,152,121
207,188,147
150,141,120
188,173,119
215,201,166
116,104,91
198,189,155
206,193,149
235,225,176
247,234,196
316,304,237
170,160,116
155,144,113
253,241,185
171,161,136
88,79,72
233,222,170
111,102,87
182,176,121
208,199,166
154,143,118
227,214,162
184,175,137
123,113,91
215,202,154
142,126,99
175,163,119
220,206,155
262,255,192
261,239,195
231,214,163
143,129,96
197,187,145
248,238,174
159,145,103
262,245,184
153,138,105
225,212,156
201,190,164
137,124,104
225,213,159
212,198,151
157,146,104
142,130,106
202,187,142
184,171,120
171,163,128
193,179,140
186,168,129
126,117,86
204,193,138
112,104,89
287,276,209
245,231,169
120,108,82
107,98,64
220,211,145
140,130,105
216,205,162
175,163,127
200,183,135
152,145,108
270,252,197
199,188,126
311,299,237
235,219,166
155,147,122
190,174,135
165,151,128
308,290,209
162,151,118
151,144,109
181,171,138
181,168,131
212,198,155
223,206,145
183,173,112
192,181,135
112,103,90
187,169,135
143,135,89
185,174,118
116,103,86
160,154,114
172,161,122
154,146,108
193,176,136
198,188,130
133,124,94
163,152,126
175,162,125
267,253,191
132,116,99
200,189,140
171,162,125
135,129,103
187,175,133
221,209,155
194,177,129
120,106,96
171,156,121
190,177,137
195,179,135
229,214,160
187,178,122
188,176,139
197,188,133
246,233,176
204,193,144
195,178,140
193,180,148
213,198,142
276,263,194
226,215,172
178,161,129
165,158,121
207,191,151
136,124,89
120,109,85
159,150,120
131,125,92
161,149,116
332,304,237
190,175,127
225,214,185
223,205,156
137,123,106
197,186,130
209,192,158
206,199,136
146,132,109
174,161,129
168,157,118
246,229,171
207,198,146
117,102,84
111,103,86
179,161,127
200,189,155
259,244,192
214,198,164
189,174,147
146,137,109
123,116,86
189,181,138
217,204,159
172,163,128
141,132,110
185,171,140
245,234,182
130,121,101
200,191,153
158,147,123
197,181,133
285,270,208
181,171,123
192,175,153
190,171,131
184,175,139
243,233,183
216,198,145
162,149,114
219,206,173
227,205,150
213,195,155
326,308,250
254,237,184
166,153,121
282,271,205
223,206,163
177,164,132
159,150,123
157,149,112
182,168,131
185,174,135
176,168,126
125,111,96
190,176,129
150,135,107
147,129,114
177,162,131
285,273,216
101,91,86
173,161,130
186,176,136
160,144,120
148,139,108
147,138,118
212,189,149
189,175,119
145,133,111
267,250,185
161,144,119
106,95,69
257,241,203
173,166,136
146,137,106
152,140,104
234,223,158
247,224,178
124,109,90
189,178,135
150,144,116
129,119,92
123,114,89
134,127,100
284,270,217
210,201,151
163,151,114
285,276,208
134,120,96
300,280,223
141,128,101
235,222,183
235,221,168
170,163,123
159,147,130
104,94,73
113,106,89
155,145,109
182,173,123
181,174,116
182,172,140
132,123,94
174,164,124
227,220,169
142,127,108
199,183,137
262,245,184
209,195,152
179,170,139
206,197,131
217,207,162
99,93,77
217,201,148
173,150,127
165,153,119
109,101,85
194,181,161
174,163,129
181,166,130
178,167,131
235,217,163
146,135,111
183,166,133
99,91,74
163,151,125
218,201,158
171,161,139
232,217,178
189,177,135
263,250,195
267,249,165
260,246,201
145,129,111
89,81,76
232,220,174
126,116,94
180,169,119
124,114,97
161,145,121
231,222,164
172,156,118
171,162,128
252,240,170
231,218,173
193,180,147
203,186,134
195,184,144
137,130,105
148,135,108
199,193,138
144,141,104
305,288,211
174,165,126
289,271,214
124,115,92
249,236,191
216,207,154
154,143,120
167,149,117
251,228,167
141,128,102
124,117,103
151,141,108
183,172,118
215,200,152
230,217,164
209,189,151
210,193,163
202,187,151
219,208,164
148,137,106
159,141,124
183,174,137
140,130,96
185,177,127
279,267,202
202,188,153
186,172,140
185,168,120
210,200,151
217,206,153
138,130,92
142,132,97
236,215,158
188,176,141
173,160,123
220,207,163
242,226,175
135,123,106
151,140,114
246,233,172
186,174,131
175,164,128
195,183,141
113,107,93
231,220,170
228,210,174
186,168,129
196,185,136
262,242,174
190,185,139
131,123,97
176,163,129
114,109,92
161,145,115
312,294,224
107,101,83
153,140,118
266,251,188
164,155,116
271,259,205
202,190,139
213,197,151
150,137,113
165,156,106
154,144,124
92,84,63
233,218,161
272,254,183
127,116,92
196,182,139
163,155,114
136,114,102
175,167,122
216,196,149
161,153,119
205,194,150
228,217,169
204,193,142
176,162,129
